0 1 23
0 2 4
0 3 52
0 4 69
0 5 67
0 6 92
0 7 97
0 8 51
0 9 5
0 10 85
0 11 76
0 14 75
0 15 29
1 2 85
1 3 20
1 4 80
1 5 25
1 6 92
1 7 4
1 8 78
1 9 60
1 11 48
1 12 58
1 13 91
1 15 47
2 3 29
2 4 78
2 5 7
2 6 32
2 7 60
2 8 30
2 10 7
2 11 45
2 12 55
2 13 2
2 14 86
3 4 90
3 5 25
3 6 90
3 7 40
3 8 31
3 9 76
3 10 37
3 11 96
3 12 76
3 13 83
3 15 87
4 5 36
4 6 100
4 7 65
4 8 78
4 9 8
4 10 91
4 12 57
4 15 48
5 6 36
5 7 57
5 8 13
5 9 5
5 11 37
5 13 36
5 14 58
5 15 38
6 7 2
6 8 4
6 9 26
6 10 57
6 12 96
6 14 81
6 15 95
7 8 4
7 9 69
7 10 71
7 11 30
7 13 61
8 9 42
8 10 69
8 11 37
8 12 22
8 13 23
9 10 97
9 11 31
9 12 82
9 13 46
9 14 27
10 15 58
11 12 43
11 14 14
11 15 67
12 13 86
12 14 14
13 14 66
