0 1 33
0 2 92
0 3 43
0 5 32
0 6 10
0 8 88
0 9 74
0 11 46
0 12 27
0 13 77
0 20 28
0 24 95
0 30 10
0 38 33
0 40 79
0 44 72
0 47 37
0 52 62
0 61 25
0 70 76
0 75 49
1 2 34
1 3 83
1 4 65
1 5 40
1 7 27
1 8 46
1 17 61
1 18 95
1 27 77
1 34 61
1 37 78
1 49 72
1 70 96
1 78 31
1 81 83
1 84 13
2 3 8
2 4 98
2 5 34
2 7 21
2 13 35
2 19 94
2 21 88
2 23 3
2 28 47
2 30 52
2 40 93
2 60 56
3 4 53
3 6 96
3 9 15
3 10 36
3 11 23
3 12 64
3 15 20
3 16 36
3 18 33
3 25 37
3 69 48
3 83 19
3 88 60
4 6 82
4 9 73
4 26 41
4 33 42
4 39 52
4 56 84
4 79 93
5 12 82
5 20 75
5 38 64
5 47 46
5 56 18
5 60 72
5 68 63
5 69 33
5 71 81
5 80 65
5 88 4
6 7 27
6 8 98
6 10 14
6 11 36
6 14 44
6 17 3
6 19 2
6 23 74
6 26 32
6 29 10
6 44 10
6 53 58
6 57 56
6 58 46
6 65 29
6 72 50
6 85 14
6 87 39
7 10 99
7 14 21
7 22 22
7 26 58
7 36 11
7 57 78
7 75 79
8 13 26
8 16 91
8 21 83
8 25 87
8 29 95
8 31 10
8 33 92
8 36 65
8 45 2
8 49 91
8 51 85
8 54 17
8 60 51
8 61 58
8 62 46
8 64 39
8 72 77
8 76 83
9 19 26
9 23 92
9 27 52
9 53 2
10 22 74
10 28 9
10 32 35
10 55 52
10 58 44
10 86 4
11 15 11
11 16 48
11 27 41
11 30 93
11 41 56
11 48 47
11 77 41
12 14 72
12 33 65
12 74 25
13 17 65
13 24 5
13 31 17
13 34 87
13 59 82
13 77 99
13 78 77
13 82 98
14 15 50
14 22 46
14 29 22
14 32 36
14 34 6
14 45 57
14 73 86
14 76 85
14 82 84
15 24 3
15 35 97
15 50 30
15 67 5
16 18 9
16 20 26
16 32 49
16 64 7
16 79 87
16 87 84
17 42 1
18 21 60
18 25 12
18 28 93
18 35 97
18 39 17
18 40 8
18 46 65
18 48 69
18 66 7
18 75 34
18 84 29
18 85 35
18 86 68
19 58 10
19 62 13
19 74 7
20 42 41
20 68 48
20 87 23
22 51 97
22 62 67
22 80 78
23 45 96
23 46 54
23 53 67
23 54 14
23 64 87
23 67 56
23 76 20
24 31 69
24 38 73
24 44 75
24 82 49
25 43 26
26 43 25
26 63 58
26 70 65
27 55 14
27 59 29
28 36 27
28 43 4
30 41 3
30 57 78
31 37 84
32 37 73
32 41 45
33 39 96
33 52 71
33 74 88
34 35 57
35 50 38
35 66 60
35 71 48
36 86 24
37 81 46
38 46 30
38 47 14
38 49 55
38 54 86
38 61 4
38 73 68
39 48 94
39 52 92
40 42 60
42 65 91
42 68 12
42 73 66
45 83 73
46 50 20
46 63 50
47 51 19
47 59 47
48 65 85
48 69 35
48 83 36
51 66 12
51 79 46
51 80 1
53 55 29
53 56 54
53 63 10
55 88 47
56 71 26
56 77 47
57 67 7
63 89 37
64 72 1
66 84 81
67 78 97
75 81 12
77 89 81
81 85 54
88 89 39
