0 1 26
0 2 82
0 3 37
0 4 52
0 5 59
0 6 51
0 7 27
0 8 97
0 9 100
0 10 96
0 11 4
0 13 93
0 14 70
0 16 32
0 17 87
0 19 59
0 20 92
0 21 54
0 22 41
0 23 49
1 2 99
1 3 97
1 4 46
1 5 15
1 6 93
1 7 98
1 8 1
1 9 25
1 10 25
1 11 97
1 12 35
1 14 82
1 16 82
1 17 28
1 19 66
2 3 23
2 4 3
2 5 83
2 6 26
2 7 89
2 8 91
2 9 27
2 10 31
2 11 35
2 12 51
2 13 62
2 17 77
2 21 45
3 4 18
3 5 59
3 6 13
3 7 47
3 8 81
3 9 43
3 10 84
3 13 74
3 14 5
3 16 76
3 18 96
3 19 71
3 20 86
3 22 23
3 23 53
3 24 26
4 5 26
4 6 97
4 7 67
4 8 60
4 9 1
4 10 32
4 11 54
4 12 55
4 16 77
4 18 80
4 20 76
5 6 83
5 7 6
5 8 34
5 9 53
5 10 71
5 11 12
5 12 10
5 13 5
5 15 86
5 16 45
5 20 77
5 21 34
5 22 51
5 23 13
6 7 26
6 8 41
6 9 73
6 10 91
6 11 94
6 12 41
6 14 66
6 15 81
6 16 91
6 17 3
6 18 21
6 19 74
6 20 66
6 21 97
6 22 44
6 23 2
7 8 47
7 9 96
7 10 8
7 11 92
7 12 74
7 13 48
7 14 80
7 15 50
7 17 62
7 18 10
7 20 91
7 21 31
7 22 82
7 23 44
8 9 57
8 10 44
8 11 41
8 12 15
8 13 80
8 14 61
8 15 68
8 16 17
8 18 23
8 19 27
8 20 66
8 21 16
8 24 98
9 10 95
9 11 2
9 12 7
9 13 61
9 14 75
9 15 100
9 16 93
9 18 8
9 20 90
9 22 17
9 24 64
10 11 1
10 12 16
10 13 59
10 14 63
10 15 13
10 17 49
10 18 99
10 19 30
10 20 97
10 21 79
10 23 51
10 24 57
11 12 30
11 13 68
11 14 11
11 15 37
11 16 79
11 17 87
11 20 94
11 23 75
11 24 62
12 13 11
12 14 63
12 15 90
12 17 2
12 19 85
12 23 11
13 15 65
13 18 72
13 21 72
13 23 24
14 15 39
14 17 88
14 19 28
14 22 93
14 24 52
15 16 42
15 18 62
15 19 17
15 22 80
16 17 18
16 18 75
16 19 13
16 21 22
16 23 91
16 24 30
18 24 95
19 22 71
20 21 63
20 22 61
21 24 43
23 24 55
