0 1 9
0 2 21
0 3 44
0 4 79
0 5 12
0 6 47
0 7 67
0 9 69
0 11 66
0 16 79
0 22 79
0 27 82
0 50 85
0 51 48
1 2 16
1 3 21
1 4 64
1 5 39
1 6 48
1 8 96
1 9 87
1 11 54
1 12 72
1 13 62
1 14 68
1 16 56
1 19 15
1 20 39
1 21 11
1 22 19
1 25 55
1 27 97
1 28 31
1 30 64
1 31 13
1 35 61
1 46 61
1 48 9
1 50 83
1 53 94
1 55 55
1 57 61
2 3 92
2 4 21
2 5 6
2 6 39
2 7 16
2 8 26
2 10 48
2 13 29
2 15 47
2 17 12
2 18 82
2 22 34
2 23 10
2 24 19
2 25 33
2 26 1
2 28 19
2 39 51
2 47 67
3 4 17
3 5 68
3 6 39
3 7 15
3 8 92
3 9 55
3 10 40
3 13 92
3 15 46
3 19 89
3 22 12
3 26 6
3 32 100
3 33 5
3 40 29
3 43 82
3 54 1
3 56 94
4 5 44
4 6 87
4 8 100
4 10 38
4 30 86
4 34 67
4 37 28
4 41 24
4 44 99
4 47 5
4 48 85
5 7 71
5 9 45
5 10 46
5 15 93
5 22 2
5 26 70
5 31 5
5 32 46
5 35 50
5 42 12
5 52 98
5 58 77
6 7 30
6 12 37
6 18 28
6 20 97
6 31 15
6 33 26
6 43 64
6 58 49
7 8 35
7 9 73
7 10 19
7 11 64
7 12 75
7 14 55
7 15 10
7 17 14
7 21 50
7 28 78
7 31 68
7 35 36
7 36 86
7 38 56
7 48 100
7 50 42
8 13 95
8 14 16
8 16 66
8 18 94
8 20 79
8 23 18
8 24 14
8 27 53
8 42 88
9 11 7
9 12 82
9 15 80
9 16 96
9 21 99
9 24 39
9 26 72
9 30 53
9 37 31
9 39 93
9 49 95
10 11 41
10 12 3
10 17 40
10 19 34
10 32 6
10 33 58
10 34 39
10 38 75
10 39 40
10 47 42
10 51 62
10 53 1
10 58 86
11 13 62
11 14 86
11 19 62
11 35 42
11 38 55
11 44 68
12 16 30
12 18 49
12 24 76
12 37 19
12 41 9
12 49 91
13 14 22
13 18 3
13 23 35
13 24 52
13 42 9
13 49 40
13 50 98
14 23 26
14 25 22
14 28 97
14 32 51
14 43 15
14 52 86
15 17 10
15 19 47
15 20 70
15 21 8
15 25 81
15 26 67
15 31 90
15 33 43
15 34 21
15 35 56
15 41 56
16 17 69
16 44 53
16 48 88
16 52 3
16 53 69
17 23 90
17 29 36
17 45 67
17 54 59
17 57 47
18 20 55
18 21 55
18 29 8
18 34 49
18 36 85
18 38 77
18 39 92
18 40 78
18 59 53
19 36 84
19 45 1
19 48 89
19 51 19
20 25 78
20 28 91
20 29 70
20 45 17
20 47 57
20 55 90
20 56 22
20 59 1
21 27 37
21 36 52
21 40 79
22 30 19
23 27 86
23 41 71
23 53 18
23 55 31
24 43 4
25 30 49
25 39 51
25 59 2
26 29 90
26 46 54
26 50 64
26 52 68
26 56 22
26 57 63
26 58 96
27 29 84
27 46 59
28 38 100
29 32 24
29 33 85
29 44 97
29 54 46
31 37 58
31 40 70
31 42 99
31 44 20
31 45 43
31 52 79
31 56 61
32 34 51
33 36 48
33 41 85
33 56 33
33 59 94
34 43 25
34 46 72
34 53 65
34 57 28
34 58 15
36 37 98
37 40 4
37 46 39
38 47 44
38 54 77
39 42 86
41 57 94
43 45 93
43 55 39
44 51 54
46 49 20
47 49 58
47 51 62
49 54 73
51 55 70
55 59 98
