0 1 92
0 2 44
0 3 49
0 4 53
0 5 74
0 6 92
0 7 77
0 10 14
0 11 77
0 12 20
0 13 59
0 14 40
0 16 1
0 22 38
0 25 22
0 28 11
0 29 91
0 33 24
0 38 49
0 40 86
1 2 38
1 3 89
1 4 38
1 5 36
1 6 72
1 7 34
1 8 68
1 9 94
1 10 74
1 12 12
1 13 96
1 14 47
1 15 32
1 17 98
1 18 72
1 25 32
1 26 29
1 28 26
1 29 63
1 30 78
1 35 84
1 36 68
1 39 79
1 43 62
2 3 97
2 4 96
2 5 58
2 6 85
2 7 87
2 8 36
2 9 98
2 11 2
2 16 40
2 18 88
2 22 90
2 23 39
2 24 40
2 25 22
2 27 12
2 28 7
2 29 71
2 30 4
2 32 86
2 35 78
2 38 71
2 42 79
3 4 92
3 5 83
3 6 2
3 7 1
3 8 79
3 9 31
3 10 18
3 11 41
3 12 88
3 15 98
3 16 28
3 17 30
3 20 7
3 23 89
3 25 50
3 27 91
3 29 96
3 37 30
3 38 68
4 5 66
4 6 45
4 7 74
4 8 40
4 9 20
4 10 48
4 11 10
4 13 11
4 14 11
4 17 76
4 19 75
4 21 3
4 22 88
4 23 84
4 24 82
4 26 9
4 27 36
4 30 59
4 31 75
4 34 67
4 37 34
4 38 26
4 39 11
4 43 65
4 44 23
5 6 66
5 7 54
5 8 43
5 9 87
5 10 70
5 11 26
5 12 10
5 14 20
5 15 18
5 16 7
5 19 50
5 20 53
5 23 66
5 27 75
5 29 69
5 31 96
5 32 68
5 41 16
6 7 98
6 8 71
6 9 100
6 12 86
6 13 28
6 15 67
6 17 71
6 18 45
6 20 58
6 22 62
6 24 40
6 25 85
6 26 5
6 27 7
6 32 84
6 35 66
6 42 92
7 8 77
7 12 60
7 13 87
7 18 19
7 21 4
7 25 18
7 27 34
7 35 60
7 36 25
7 39 26
7 44 12
8 9 71
8 10 88
8 11 54
8 13 55
8 14 68
8 15 31
8 16 70
8 19 54
8 21 87
8 22 37
8 27 87
8 30 47
8 31 17
8 33 19
8 35 42
8 36 52
8 39 69
8 40 37
8 44 57
9 10 21
9 11 62
9 15 20
9 24 26
9 26 86
9 36 82
9 37 23
9 41 84
10 12 82
10 16 100
10 17 17
10 18 88
10 19 73
10 20 5
10 21 39
10 26 99
10 28 35
10 35 41
10 38 5
10 42 64
11 14 46
11 18 24
11 19 48
11 21 41
11 37 59
11 40 39
11 43 86
12 13 15
12 14 54
12 16 50
12 20 66
12 21 41
12 22 30
12 33 77
12 43 56
13 15 83
13 17 77
13 18 3
13 19 32
13 24 39
13 34 37
13 37 42
13 40 14
14 20 8
14 22 71
14 23 41
14 30 66
14 32 51
14 39 49
14 41 23
15 17 63
15 23 46
15 28 86
15 39 86
15 40 18
15 42 45
16 19 78
16 31 46
16 39 100
16 42 53
17 23 44
17 24 20
17 29 54
17 34 48
17 37 90
17 44 13
18 21 89
18 26 65
18 34 54
18 35 77
19 20 37
19 24 56
19 25 21
19 29 67
19 33 2
19 34 60
19 41 92
20 31 81
20 33 58
20 36 25
20 42 93
20 43 59
21 43 44
22 30 67
22 31 61
22 33 56
22 40 40
24 26 80
24 28 62
24 37 7
24 41 87
25 32 81
25 42 3
26 33 50
26 38 43
27 28 96
27 32 35
27 38 75
28 31 96
29 30 79
30 34 75
30 36 91
31 32 81
32 34 24
33 40 56
34 41 16
35 36 11
35 44 3
38 44 45
40 41 28
40 44 61
41 43 21
