0 1 18
0 2 57
0 3 16
0 4 27
0 5 38
0 6 37
0 9 79
0 11 49
0 13 44
0 14 42
0 20 38
0 25 42
0 26 90
0 27 5
0 28 64
0 29 5
1 2 77
1 3 73
1 4 83
1 5 94
1 6 53
1 7 66
1 8 47
1 9 72
1 10 81
1 11 56
1 16 60
1 17 45
1 18 44
1 19 45
1 20 15
1 21 66
1 24 58
1 30 76
1 32 91
2 3 14
2 4 46
2 5 67
2 8 62
2 9 6
2 10 97
2 12 69
2 17 65
2 18 91
2 19 36
2 22 60
2 23 86
2 24 83
3 4 32
3 5 12
3 6 74
3 7 13
3 14 64
3 15 58
3 16 48
3 32 9
4 5 42
4 6 13
4 7 91
4 9 26
4 12 57
4 13 37
4 15 60
4 16 5
4 20 71
4 22 69
4 27 81
4 31 58
5 6 74
5 7 50
5 8 21
5 9 80
5 13 96
5 18 44
5 23 40
5 27 6
5 29 35
6 7 48
6 8 66
6 10 90
6 11 75
6 14 13
6 16 84
6 19 6
6 21 6
6 22 66
6 26 60
6 30 5
7 8 89
7 11 30
7 12 42
7 13 21
7 19 36
7 29 1
8 10 54
8 11 59
8 15 10
8 16 34
8 18 24
8 23 47
8 29 3
8 30 6
9 10 23
9 12 94
9 13 31
9 14 52
9 15 50
9 21 79
9 22 49
9 23 91
9 31 68
10 12 67
10 15 73
10 17 92
10 20 12
11 29 9
12 14 57
12 17 8
12 19 59
12 28 53
13 18 50
13 21 75
13 24 8
13 32 53
14 27 12
15 21 17
15 24 56
15 30 95
16 17 71
16 22 82
16 25 32
16 26 45
16 28 44
16 30 7
16 32 8
17 25 61
18 20 43
18 23 46
19 24 62
21 25 53
22 25 20
22 26 64
22 28 16
22 31 55
23 26 98
24 28 83
26 27 57
29 31 88
30 31 4
31 32 60
