0 1 12
0 2 17
0 3 19
0 4 11
0 5 18
0 6 17
0 7 14
0 8 13
0 9 20
0 10 18
0 11 12
0 12 11
0 13 12
0 14 13
0 15 17
0 17 14
0 18 10
1 2 16
1 3 12
1 4 15
1 5 16
1 6 19
1 7 10
1 8 12
1 9 14
1 10 16
1 11 13
1 12 14
1 13 13
1 15 10
1 16 18
1 17 19
1 18 19
1 19 12
2 3 17
2 4 18
2 5 18
2 6 19
2 7 17
2 8 11
2 9 20
2 10 19
2 12 16
2 13 11
2 14 13
2 15 16
2 16 16
2 19 12
3 4 20
3 5 14
3 6 19
3 7 18
3 8 10
3 9 15
3 10 10
3 11 11
3 12 19
3 13 11
3 14 12
3 15 15
3 16 17
3 19 18
4 5 10
4 6 11
4 7 17
4 8 10
4 9 18
4 10 18
4 11 17
4 12 17
4 13 15
4 14 13
4 16 20
4 17 16
4 18 14
5 6 14
5 7 12
5 8 10
5 9 15
5 10 10
5 11 14
5 12 17
5 13 11
5 14 19
5 15 11
5 16 15
5 17 20
5 18 15
6 7 15
6 8 19
6 9 14
6 10 19
6 11 11
6 13 17
6 14 10
6 16 17
6 18 20
6 19 13
7 8 13
7 9 10
7 10 19
7 11 10
7 12 20
7 14 12
7 15 12
7 17 18
7 18 10
8 9 18
8 10 11
8 11 11
8 12 20
8 13 20
8 15 12
8 16 15
8 17 20
9 10 14
9 11 19
9 12 18
9 13 10
9 14 12
9 15 12
9 17 11
9 19 15
10 11 16
10 13 20
10 14 20
10 19 18
11 12 15
11 15 13
11 16 20
11 18 13
11 19 16
12 15 16
12 16 19
12 19 16
13 14 20
13 17 14
13 18 14
14 16 15
14 17 20
15 17 16
15 18 14
16 19 17
17 18 12
17 19 15
