0 1 77
0 2 33
0 3 67
0 4 31
0 5 57
0 6 17
0 7 22
0 8 69
0 9 10
0 11 23
0 12 11
0 13 51
0 14 74
0 16 12
0 17 86
0 18 82
0 19 57
0 20 42
0 21 53
0 22 32
0 23 69
0 24 21
0 28 72
0 30 6
0 31 19
1 2 9
1 3 34
1 4 57
1 5 90
1 6 1
1 7 98
1 8 34
1 9 14
1 10 28
1 11 1
1 12 85
1 14 15
1 15 86
1 16 47
1 17 40
1 18 10
1 24 28
1 25 69
1 26 21
1 27 61
1 29 2
1 30 42
1 31 63
1 32 39
1 33 89
2 3 65
2 4 79
2 5 99
2 6 82
2 7 18
2 8 10
2 9 100
2 10 82
2 11 40
2 12 12
2 13 17
2 15 70
2 17 65
2 19 54
2 20 3
2 25 52
2 26 91
2 27 64
2 28 23
2 29 24
3 4 70
3 5 33
3 6 37
3 7 74
3 8 34
3 9 72
3 10 23
3 12 50
3 15 53
3 16 62
3 18 2
3 29 18
3 32 49
4 5 79
4 6 44
4 7 94
4 8 69
4 9 18
4 10 16
4 11 79
4 13 8
4 14 75
4 18 74
4 20 75
4 21 82
4 22 99
4 25 81
4 27 80
4 28 26
4 32 76
4 33 93
5 6 2
5 7 77
5 8 48
5 9 78
5 10 8
5 11 86
5 14 16
5 15 17
5 16 86
5 17 34
5 18 82
5 19 45
5 22 65
5 23 39
5 25 3
5 27 10
5 28 10
5 31 76
6 7 92
6 8 36
6 9 37
6 10 12
6 11 33
6 13 63
6 15 1
6 17 92
6 19 13
6 21 28
6 24 93
6 25 46
6 30 21
6 32 25
7 8 41
7 9 25
7 10 3
7 11 59
7 12 66
7 13 43
7 14 71
7 16 1
7 17 77
7 18 53
7 22 83
7 26 55
7 30 28
8 9 17
8 10 91
8 12 76
8 13 29
8 15 47
8 16 59
8 19 21
8 20 11
8 23 6
8 25 88
8 26 43
8 28 71
8 32 60
8 33 50
9 10 7
9 11 72
9 12 22
9 13 42
9 14 62
9 16 38
9 20 86
9 21 72
9 24 41
9 32 51
10 11 16
10 12 62
10 13 2
10 14 83
10 15 70
10 16 22
10 18 53
10 19 95
10 20 58
10 21 92
10 22 41
10 24 39
10 30 15
10 31 31
10 33 8
11 12 23
11 14 54
11 15 72
11 19 73
11 20 53
11 22 76
11 24 51
11 26 14
11 27 79
11 31 53
12 13 74
12 14 70
12 15 30
12 17 42
12 19 36
12 22 78
12 25 31
12 27 46
12 29 23
12 30 54
12 33 18
13 16 57
13 17 15
13 19 22
13 23 24
14 18 33
14 20 18
14 21 23
14 22 57
14 24 100
14 32 41
15 25 79
15 27 33
15 28 62
15 29 42
15 31 50
16 17 32
16 20 55
16 23 11
16 24 2
16 29 24
17 18 87
17 21 73
17 22 2
17 23 99
17 26 55
17 28 92
18 21 23
18 23 86
18 24 92
19 23 25
19 25 27
19 26 80
19 29 65
20 21 94
20 23 87
20 26 85
20 27 89
20 28 38
20 29 74
20 32 22
21 30 65
21 33 52
22 26 48
23 33 35
25 30 14
26 27 90
26 29 70
26 31 98
26 33 89
27 28 14
28 31 53
29 30 20
29 32 72
29 33 83
30 31 83
