0 1 36
0 2 53
0 3 45
0 4 73
0 5 68
0 6 55
0 7 88
0 8 64
0 9 36
0 10 73
0 11 42
0 12 61
0 13 43
0 14 19
0 16 35
1 2 27
1 3 50
1 4 54
1 5 3
1 6 7
1 7 79
1 8 28
1 9 95
1 10 9
1 11 25
1 12 51
1 14 14
1 16 17
1 17 66
2 3 27
2 4 6
2 5 89
2 6 52
2 7 81
2 8 6
2 9 50
2 10 27
2 11 9
2 12 65
2 13 79
2 15 54
2 16 75
2 17 48
3 4 30
3 5 69
3 6 47
3 7 58
3 8 52
3 9 88
3 10 53
3 11 4
3 12 78
3 13 13
3 14 73
3 15 65
4 5 3
4 6 80
4 7 69
4 8 36
4 9 8
4 10 80
4 11 71
4 14 94
4 15 53
5 6 70
5 7 94
5 8 17
5 9 12
5 10 45
5 11 82
5 12 11
5 14 25
5 16 65
5 17 93
6 7 63
6 8 51
6 9 38
6 12 13
6 13 81
6 14 40
6 15 23
7 8 94
7 9 70
7 10 100
7 11 92
7 12 36
7 13 96
7 14 32
7 15 20
7 17 63
8 9 3
8 10 95
8 12 5
8 13 60
9 10 16
9 11 78
9 13 63
9 14 81
9 15 97
9 17 36
10 11 91
10 12 64
10 13 81
10 15 52
10 16 67
11 13 21
11 15 69
11 16 24
11 17 24
12 15 60
12 16 75
13 14 30
13 16 21
13 17 37
14 16 60
15 17 51
16 17 77
