0 1 74
0 2 53
0 3 11
0 4 87
0 5 41
0 6 98
0 7 35
0 8 19
0 9 31
0 10 2
0 11 49
0 13 43
0 14 83
0 16 94
0 18 24
0 21 69
0 23 46
0 25 99
0 29 94
0 30 72
1 2 43
1 3 14
1 4 80
1 5 24
1 6 62
1 7 29
1 9 73
1 13 87
1 14 85
1 17 79
1 19 32
1 21 46
1 22 95
1 23 72
1 24 79
1 27 92
1 28 61
1 29 40
1 30 42
1 31 45
2 3 79
2 4 87
2 5 1
2 6 73
2 7 86
2 8 19
2 9 41
2 11 7
2 12 8
2 16 15
2 18 16
2 20 30
2 24 34
2 27 96
2 29 71
2 31 54
3 4 17
3 5 76
3 6 26
3 7 56
3 8 42
3 10 75
3 12 82
3 24 79
4 5 40
4 6 41
4 7 35
4 8 86
4 9 82
4 10 60
4 13 25
4 15 54
4 18 64
4 19 24
4 29 74
5 6 25
5 7 6
5 8 74
5 9 69
5 10 22
5 11 63
5 12 38
5 13 13
5 14 2
5 15 72
5 16 75
5 17 29
5 18 50
5 19 27
5 23 2
5 25 4
5 28 66
5 29 19
6 7 87
6 8 74
6 12 2
6 14 65
6 15 93
6 20 13
6 25 15
6 26 52
6 27 9
6 28 31
7 8 32
7 9 20
7 10 46
7 11 95
7 12 29
7 13 40
7 14 2
7 15 27
7 17 9
7 18 69
7 19 37
7 20 2
7 22 76
7 25 26
7 26 79
7 28 65
7 31 71
8 9 50
8 10 28
8 11 42
8 12 29
8 13 57
8 14 15
8 16 3
8 17 27
8 18 18
8 20 13
8 21 49
8 22 2
8 26 54
8 30 65
9 10 88
9 11 93
9 15 47
9 16 8
9 17 88
9 20 80
9 23 91
9 26 85
9 27 88
9 30 45
9 31 90
10 11 83
10 14 17
10 22 55
10 27 65
10 28 77
11 12 34
11 15 19
11 17 21
11 24 97
11 25 64
12 13 33
12 19 69
12 20 48
12 25 2
13 15 61
13 16 94
13 26 80
13 28 67
14 16 84
14 18 43
14 21 74
15 17 68
15 19 2
15 20 60
15 27 73
16 19 53
16 21 53
16 23 39
17 21 49
17 29 83
18 21 9
18 22 31
18 24 52
18 30 31
18 31 65
19 23 15
19 24 66
19 26 13
19 29 56
19 30 24
20 22 95
20 23 86
21 22 30
23 24 62
23 26 42
24 25 95
24 27 47
24 30 37
26 28 32
28 31 55
29 31 62
