0 1 70
0 2 71
0 3 55
0 4 30
0 5 53
0 10 57
0 16 81
0 19 29
0 20 85
0 28 29
0 34 66
0 39 62
0 41 53
0 42 42
0 43 31
0 49 52
0 59 59
0 70 93
0 78 30
0 80 73
1 2 63
1 3 10
1 4 99
1 5 60
1 7 1
1 8 81
1 9 32
1 14 50
1 15 32
1 17 85
1 19 83
1 20 61
1 26 41
1 27 53
1 28 22
1 31 9
1 32 78
1 43 56
1 44 1
1 45 19
1 46 37
1 54 21
1 59 6
1 65 5
1 72 93
1 74 89
1 82 36
1 89 42
1 94 13
2 3 14
2 4 93
2 5 26
2 6 59
2 7 10
2 8 25
2 10 60
2 11 77
2 12 74
2 13 42
2 14 19
2 55 91
2 63 83
2 66 46
2 67 14
2 70 90
2 73 59
2 75 71
2 92 8
2 94 90
3 4 66
3 5 43
3 6 91
3 8 95
3 11 89
3 12 49
3 16 36
3 18 63
3 21 62
3 26 58
3 28 65
3 33 73
3 45 47
3 46 92
3 47 39
3 48 63
3 53 97
3 55 15
3 59 48
3 61 74
3 62 36
3 69 43
3 78 4
3 79 89
3 88 22
3 94 40
4 6 75
4 13 9
4 16 24
4 27 61
4 34 6
4 35 79
4 37 41
4 39 62
4 42 67
4 60 15
4 62 92
5 6 38
5 7 23
5 8 5
5 9 50
5 10 41
5 11 42
5 14 93
5 18 6
5 21 12
5 22 48
5 31 68
5 60 53
5 71 51
5 76 84
5 84 98
5 92 29
6 7 82
6 10 6
6 11 84
6 12 42
6 13 2
6 15 79
6 20 91
6 30 92
6 31 35
6 38 28
6 39 13
6 47 78
6 50 6
6 59 59
6 63 36
6 74 49
6 84 20
6 85 28
6 91 47
7 9 1
7 14 29
7 15 75
7 18 3
7 23 38
7 25 33
7 27 11
7 29 78
7 31 93
7 40 10
7 48 65
7 52 34
7 67 26
7 68 99
8 9 79
8 12 30
8 13 25
8 22 76
8 26 90
8 33 39
8 44 23
8 45 26
8 67 62
8 80 65
8 84 56
8 91 3
9 17 86
9 19 37
9 20 51
9 24 60
9 34 86
9 47 72
9 49 43
9 51 56
9 66 84
9 71 64
9 87 7
9 89 100
10 24 37
10 29 83
10 35 88
10 83 30
10 93 53
11 16 5
11 19 77
11 25 54
11 36 97
11 38 44
11 50 59
11 53 13
11 57 58
11 61 73
11 71 26
11 79 98
11 92 51
11 94 35
13 15 32
13 17 91
13 22 51
13 23 63
13 27 13
13 29 77
13 30 18
13 48 10
13 49 15
13 51 91
13 55 94
13 73 17
13 77 12
13 79 17
14 17 93
14 21 52
14 32 82
14 33 10
14 44 10
15 18 47
15 22 9
15 39 85
15 50 23
16 24 71
16 25 58
16 41 3
16 73 28
16 81 78
17 23 38
17 28 33
17 30 60
17 33 43
17 36 69
17 37 87
17 42 94
17 53 69
17 56 62
17 60 44
17 72 72
17 86 45
18 35 38
18 36 90
18 37 87
18 66 10
18 78 15
19 21 16
19 23 2
20 30 43
20 45 29
20 49 27
20 73 88
20 79 17
20 83 55
21 24 4
21 26 47
21 35 65
21 47 99
21 69 54
21 76 69
21 91 33
22 58 69
22 61 46
23 38 4
23 68 87
24 25 10
24 36 27
24 38 71
24 40 83
24 76 42
24 77 46
24 86 12
24 88 96
24 90 11
24 91 30
25 32 31
25 46 26
25 52 66
25 69 22
25 71 15
25 75 88
26 29 37
26 34 70
27 41 38
27 53 62
27 56 60
27 62 58
27 64 17
28 51 48
28 61 27
28 72 31
28 85 84
29 37 46
29 68 11
30 32 12
30 40 7
30 63 39
30 65 74
30 80 2
31 42 73
31 48 65
31 58 46
31 85 59
31 90 89
32 82 81
33 40 66
33 41 24
33 57 23
33 67 90
33 69 35
33 87 69
34 75 18
34 93 98
35 50 15
35 51 46
35 77 32
35 84 32
35 86 10
36 52 1
36 56 93
36 74 14
37 54 72
38 44 22
38 54 4
38 68 88
38 72 84
39 43 29
39 46 86
39 55 34
39 57 49
39 60 68
39 63 28
39 64 58
39 65 52
39 83 12
39 85 88
39 87 22
40 43 27
40 93 88
41 70 93
41 90 3
43 74 72
44 52 74
44 66 49
45 80 69
46 81 98
47 54 31
47 58 16
47 89 39
48 58 66
49 70 41
49 78 99
50 75 41
51 62 57
51 76 17
54 57 34
54 83 5
55 56 9
55 65 37
57 92 53
58 81 8
59 64 96
60 64 71
60 93 47
64 82 11
66 82 16
66 86 31
67 77 64
69 87 3
71 81 11
71 88 9
78 89 30
85 88 39
89 90 14
