0 1 46
0 2 17
0 3 56
0 4 58
0 13 86
0 15 27
0 18 83
0 28 11
0 32 55
1 2 62
1 3 89
1 5 41
1 6 80
1 7 29
1 12 95
1 15 52
1 22 88
1 23 39
1 24 88
1 31 5
2 5 84
2 8 56
2 10 35
2 11 4
2 17 56
2 22 86
3 4 75
3 7 39
4 6 91
4 8 74
4 16 27
4 17 52
5 12 51
6 10 46
6 11 37
6 16 68
6 19 35
6 26 75
6 31 69
7 9 16
7 13 60
7 28 53
8 9 38
8 14 59
8 24 75
8 25 28
8 26 40
8 34 55
9 34 57
10 18 37
10 33 24
11 27 94
12 21 52
13 14 18
13 23 87
13 29 87
14 19 81
14 32 54
14 33 55
15 21 74
16 20 25
17 30 9
18 20 77
20 29 7
23 25 14
26 27 52
27 30 51
