0 1 13
0 2 23
0 3 44
0 4 45
0 5 51
0 6 80
0 7 64
0 8 72
0 9 59
0 10 72
0 12 66
0 14 85
0 15 44
1 2 55
1 3 87
1 4 66
1 5 13
1 6 61
1 7 95
1 8 96
1 9 53
1 10 98
1 11 9
1 14 76
1 16 97
2 3 99
2 4 71
2 5 17
2 6 46
2 7 78
2 8 40
2 9 86
2 10 74
2 15 83
3 4 53
3 5 55
3 6 21
3 7 21
3 8 80
3 9 93
3 11 64
3 12 32
3 14 52
3 15 18
4 5 5
4 6 2
4 7 3
4 8 56
4 9 49
4 10 8
4 11 99
4 12 27
4 13 64
4 14 32
5 6 12
5 7 77
5 8 30
5 9 90
5 10 13
5 13 59
5 16 82
6 7 86
6 8 68
6 10 26
6 12 16
6 14 20
6 15 78
7 9 78
7 11 45
7 12 27
7 13 87
7 14 6
7 16 70
8 10 43
8 11 48
8 13 75
8 14 93
9 11 35
9 12 17
9 16 14
10 11 43
10 12 59
10 13 98
10 16 47
11 13 52
11 15 74
11 16 14
12 13 18
12 15 79
12 16 77
14 15 12
