0 1 36
0 2 5
0 3 15
0 4 37
0 5 35
0 8 49
0 9 2
0 21 17
0 29 53
0 32 52
0 39 92
1 2 36
1 3 44
1 4 17
1 5 94
1 6 60
1 7 47
1 8 15
1 9 22
1 12 70
1 16 44
1 18 72
1 19 14
1 20 1
1 23 41
1 25 7
1 26 87
1 31 41
1 36 51
2 3 38
2 4 70
2 5 65
2 9 17
2 12 90
2 16 1
2 17 11
2 21 10
2 22 74
2 23 20
2 24 90
2 29 9
2 30 52
3 4 56
3 5 50
3 6 16
3 7 61
3 8 67
3 13 15
3 20 7
3 27 25
3 34 77
4 6 92
4 10 46
4 11 40
4 13 78
4 15 70
4 16 3
4 26 3
4 32 97
4 36 3
5 6 41
5 7 96
5 8 71
5 9 8
5 10 48
5 12 21
5 13 4
5 14 98
5 15 54
5 17 54
5 18 9
5 19 69
5 28 2
5 33 32
6 7 73
6 10 88
6 11 53
6 20 18
6 22 94
6 29 69
6 32 11
6 35 36
7 11 27
7 13 34
7 14 51
7 16 51
7 21 36
7 31 35
7 33 58
7 35 84
7 37 69
8 11 23
8 12 75
8 19 44
8 27 79
9 10 98
9 25 16
10 20 78
11 14 69
11 18 57
11 21 34
11 22 68
11 24 78
11 33 42
11 39 46
12 14 30
12 15 33
12 31 86
13 27 57
13 34 31
13 36 19
14 15 61
14 17 67
14 19 40
14 22 53
14 23 21
14 26 63
14 38 93
15 17 62
15 23 68
15 29 97
15 30 31
15 31 5
15 35 76
16 18 99
16 25 99
16 37 62
16 38 26
18 24 37
18 28 42
18 37 26
19 28 100
19 30 87
20 25 18
20 28 95
20 33 17
20 34 66
21 24 81
21 26 46
21 30 14
21 35 81
22 27 65
22 32 28
25 36 59
26 38 97
30 39 5
31 34 91
32 37 73
34 38 98
38 39 88
