0 1 13
0 2 20
0 3 14
0 4 12
0 5 12
0 6 16
0 7 15
0 8 15
0 9 14
0 10 10
0 11 15
0 12 19
0 13 13
0 14 10
0 15 13
0 17 16
0 19 16
0 21 14
0 23 13
1 2 10
1 3 12
1 4 11
1 5 10
1 6 18
1 7 18
1 8 17
1 9 10
1 10 20
1 11 14
1 12 19
1 13 10
1 14 17
1 18 11
1 19 18
1 20 16
1 21 10
1 22 18
1 23 13
2 3 19
2 4 20
2 5 20
2 6 19
2 7 12
2 8 20
2 9 11
2 10 18
2 11 13
2 12 17
2 13 10
2 14 12
2 15 20
2 20 11
2 22 12
3 4 14
3 5 12
3 6 15
3 7 14
3 8 18
3 9 20
3 10 14
3 11 15
3 12 10
3 13 12
3 15 16
3 16 14
3 17 19
3 19 17
3 22 11
4 5 14
4 6 13
4 7 18
4 8 14
4 9 20
4 10 12
4 11 10
4 12 19
4 14 20
4 16 16
4 20 17
4 21 18
4 22 11
5 6 13
5 7 10
5 8 10
5 9 14
5 10 10
5 11 20
5 12 17
5 13 19
5 14 15
5 15 14
5 16 19
5 17 15
5 19 11
5 20 18
5 23 18
6 7 12
6 8 15
6 9 10
6 10 14
6 11 11
6 12 16
6 13 16
6 14 14
6 15 19
6 16 12
6 17 11
6 18 18
6 20 18
6 22 19
6 23 10
7 8 17
7 9 19
7 10 18
7 11 16
7 12 10
7 13 14
7 14 13
7 15 14
7 16 15
7 18 16
7 19 18
7 21 12
7 22 14
7 23 16
8 9 18
8 10 13
8 11 12
8 12 18
8 13 12
8 15 18
8 16 20
8 17 13
8 18 19
8 19 10
8 21 19
8 22 10
9 10 15
9 11 16
9 12 15
9 13 16
9 14 11
9 15 17
9 16 13
9 18 15
9 19 12
9 20 11
9 21 11
9 22 16
10 11 17
10 12 14
10 13 10
10 14 10
10 16 16
10 17 16
10 18 15
10 19 20
11 12 13
11 13 18
11 14 19
11 15 11
11 16 14
11 17 10
11 18 14
11 19 13
11 21 18
11 23 17
12 13 20
12 14 10
12 15 13
12 16 17
12 17 18
12 18 15
12 21 17
12 22 13
12 23 13
13 14 15
13 15 15
13 17 20
13 18 15
13 20 11
13 21 19
14 15 20
14 16 20
14 17 12
14 18 15
14 20 17
14 21 20
14 22 19
14 23 18
15 16 16
15 17 16
15 18 13
15 21 16
15 22 18
15 23 10
16 17 13
16 18 10
16 19 15
16 20 20
17 19 13
17 20 17
17 21 11
18 19 12
18 20 10
18 22 19
18 23 15
19 20 19
21 23 19
22 23 11
