0 1 65
0 2 29
0 3 19
0 4 38
0 5 26
0 6 53
0 7 56
0 8 12
0 9 39
0 10 6
0 11 47
0 12 95
0 14 81
0 19 85
0 21 86
0 23 59
0 24 66
0 26 96
1 2 32
1 3 18
1 4 46
1 5 33
1 6 69
1 7 19
1 8 29
1 9 71
1 10 60
1 11 43
1 12 82
1 14 86
1 16 68
1 17 46
1 18 55
1 20 21
2 3 16
2 4 65
2 5 81
2 6 37
2 7 70
2 8 12
2 9 23
2 10 31
2 11 36
2 12 20
2 14 77
2 16 30
2 18 60
2 19 47
2 22 17
2 27 75
3 4 42
3 5 11
3 6 82
3 7 50
3 8 56
3 9 75
3 10 74
3 13 33
3 15 34
3 18 32
3 20 96
3 22 29
3 23 85
4 5 73
4 6 21
4 7 9
4 8 17
4 9 94
4 11 86
4 12 17
4 13 19
4 14 15
4 15 70
4 16 69
4 17 65
4 18 96
4 19 69
4 23 48
4 25 95
4 26 94
5 6 90
5 7 14
5 8 90
5 9 33
5 10 25
5 11 47
5 12 78
5 14 18
5 15 49
5 16 4
5 20 78
5 21 25
6 7 78
6 8 58
6 9 55
6 10 82
6 11 60
6 13 8
6 14 98
6 15 39
6 16 31
6 17 22
6 20 53
6 21 71
6 24 48
6 25 92
7 8 54
7 9 23
7 10 64
7 11 67
7 12 5
7 13 71
7 15 23
7 16 75
7 18 51
7 22 39
7 24 9
7 25 95
7 26 40
8 9 64
8 10 63
8 11 52
8 12 5
8 13 29
8 15 94
8 16 59
8 17 69
8 21 1
8 23 99
8 24 23
8 26 94
9 10 96
9 11 13
9 12 79
9 13 35
9 14 86
9 17 84
9 18 81
9 19 99
9 20 28
9 21 93
9 22 69
9 24 99
9 25 48
9 26 14
10 12 21
10 13 80
10 14 66
10 15 87
10 17 97
10 21 38
10 27 65
11 13 4
11 14 12
11 16 33
11 17 29
11 18 11
11 19 54
11 20 53
11 22 91
11 23 86
11 25 40
12 13 47
12 15 4
12 18 46
12 19 49
12 20 46
12 24 25
12 25 41
13 15 37
13 16 38
13 19 85
13 22 50
13 24 96
13 25 31
14 17 66
14 19 22
14 23 8
14 27 22
15 22 10
16 17 74
16 22 86
16 23 94
17 18 59
17 21 67
17 22 42
17 24 38
17 26 39
17 27 66
18 19 43
18 20 88
18 23 48
18 26 53
18 27 79
19 20 36
19 21 40
19 23 50
19 25 9
19 26 57
19 27 63
20 21 65
20 25 99
20 27 62
22 24 38
22 27 23
24 26 78
26 27 21
