0 1 3
0 2 82
0 3 10
0 4 63
0 5 100
0 6 46
0 8 15
0 11 59
0 13 44
0 15 87
0 17 98
0 32 22
0 53 92
0 70 5
0 73 64
1 2 91
1 3 60
1 5 14
1 8 34
1 27 91
1 31 99
1 41 6
2 4 70
2 20 69
2 47 64
3 7 79
3 13 34
3 25 27
4 7 18
4 9 19
4 10 23
4 21 31
4 41 32
5 6 5
5 9 58
5 15 52
5 16 95
5 17 79
5 19 54
5 30 100
5 59 80
5 74 11
6 11 77
6 24 15
6 34 24
6 37 71
6 46 5
6 55 90
6 63 11
6 67 6
6 72 11
7 18 18
7 22 53
7 36 82
7 39 66
7 43 25
7 49 63
7 51 72
7 54 97
7 59 89
7 74 35
8 10 29
8 12 63
8 14 91
8 39 37
8 40 5
8 47 19
8 64 48
8 70 72
9 52 98
9 53 30
10 12 75
10 14 25
10 19 89
10 23 92
10 30 1
10 37 26
10 50 41
10 57 48
11 16 56
11 65 25
12 44 56
12 72 95
13 26 84
13 45 12
13 54 4
14 18 97
14 20 30
14 26 4
14 42 20
14 61 63
14 71 84
15 28 94
15 36 97
15 38 16
15 68 26
15 71 76
16 24 59
16 46 18
18 25 13
18 63 11
19 22 39
19 23 96
19 33 31
19 52 66
19 68 94
19 73 28
20 21 75
20 38 100
20 48 77
21 35 94
22 49 97
23 43 77
23 56 23
24 29 19
24 62 85
25 28 71
25 29 32
25 31 84
25 35 64
25 57 72
25 60 14
25 62 28
25 66 41
26 27 64
27 50 14
28 33 81
28 34 98
30 32 39
30 56 21
31 40 5
34 44 11
34 58 98
35 66 74
35 69 34
38 45 15
40 42 22
41 64 61
41 69 68
43 48 33
46 51 60
46 61 39
53 55 90
54 67 52
55 58 49
57 65 45
59 60 29
