0 1 31
0 2 22
0 3 7
0 4 33
0 5 96
0 6 47
0 7 8
0 8 84
0 9 7
0 10 26
0 11 58
0 12 30
0 14 25
0 15 86
0 16 36
0 17 100
0 20 28
0 21 78
0 25 70
1 2 43
1 3 74
1 4 99
1 5 3
1 6 81
1 7 36
1 8 38
1 9 1
1 10 96
1 11 36
1 13 17
1 14 1
1 15 19
1 18 16
1 19 31
1 20 83
1 21 76
1 22 72
1 23 90
1 26 27
2 3 31
2 4 51
2 5 35
2 6 6
2 7 42
2 8 51
2 9 28
2 10 55
2 11 92
2 12 32
2 15 19
2 17 24
2 18 31
2 19 79
2 20 62
2 23 83
2 25 12
2 26 74
3 4 8
3 5 75
3 6 40
3 7 65
3 8 61
3 9 30
3 10 51
3 11 28
3 12 9
3 13 26
3 15 63
3 16 52
3 17 16
3 22 60
3 24 78
4 5 3
4 6 35
4 7 99
4 8 4
4 9 77
4 10 85
4 11 95
4 12 16
4 13 25
4 14 49
4 15 17
4 18 15
4 19 47
4 20 58
4 23 49
4 24 80
4 25 31
4 26 95
5 6 77
5 7 34
5 8 3
5 9 58
5 10 74
5 12 83
5 13 65
5 14 16
5 16 51
5 21 88
5 23 16
5 24 55
6 7 7
6 8 20
6 9 4
6 10 6
6 11 53
6 12 90
6 13 36
6 16 95
6 17 58
6 18 10
6 19 4
6 20 64
6 22 6
7 8 8
7 9 77
7 10 40
7 11 53
7 12 48
7 13 84
7 14 47
7 15 77
7 18 50
7 19 49
7 20 8
7 24 64
7 25 4
7 26 77
8 9 49
8 10 4
8 11 53
8 12 18
8 13 16
8 14 18
8 17 75
8 19 65
8 21 46
8 24 51
8 25 44
9 10 30
9 11 43
9 13 96
9 14 49
9 15 40
9 16 36
9 17 93
9 19 75
9 22 64
9 24 24
9 25 27
9 26 72
10 11 88
10 12 36
10 13 43
10 14 32
10 15 27
10 16 25
10 17 28
10 18 23
10 24 1
11 12 69
11 13 28
11 14 35
11 16 58
11 19 25
11 20 73
11 21 6
11 22 57
11 23 80
11 25 79
11 26 14
12 14 50
12 15 59
12 16 94
12 17 25
12 18 61
12 21 26
12 23 88
13 15 68
13 16 23
13 18 65
13 19 47
13 20 97
13 22 17
13 23 61
13 24 79
13 25 49
13 26 21
14 16 74
14 17 50
14 18 6
14 21 9
14 26 1
15 21 53
15 22 39
15 26 88
16 17 1
16 19 86
16 20 63
16 24 97
16 26 76
17 18 57
17 21 23
17 22 41
17 24 75
18 20 2
18 22 45
18 23 80
19 25 23
20 21 99
20 22 59
20 23 41
20 25 60
22 23 28
