0 1 17
0 2 93
0 3 65
0 4 5
0 5 21
0 6 1
0 7 47
0 8 35
0 9 53
0 12 25
1 2 87
1 3 56
1 4 95
1 5 79
1 6 2
1 7 46
1 8 64
1 9 56
1 10 31
1 12 21
2 3 37
2 4 11
2 5 14
2 6 67
2 7 42
2 8 52
2 11 61
2 12 42
3 4 67
3 5 71
3 6 47
3 7 70
3 9 21
3 10 25
3 11 64
3 13 94
4 5 53
4 6 4
4 7 19
4 8 53
4 9 8
4 10 83
5 6 26
5 7 45
5 8 2
5 9 19
5 10 36
5 11 72
5 13 65
6 7 10
6 8 82
6 10 36
6 11 13
6 12 60
6 13 48
7 8 91
7 9 41
7 10 31
7 11 14
8 9 12
8 12 91
8 13 25
9 10 98
9 11 92
9 12 8
9 13 20
10 11 1
10 13 38
11 12 51
11 13 88
