0 1 33
0 2 49
0 3 100
0 4 30
0 5 82
0 6 28
0 7 7
0 8 36
0 9 35
0 10 42
0 11 39
0 16 30
0 17 31
0 19 83
0 28 10
0 30 45
0 32 36
0 36 32
0 38 24
0 41 66
0 46 37
0 47 77
0 48 47
0 51 17
0 65 22
0 69 16
0 74 42
0 76 100
0 81 38
1 2 73
1 3 82
1 4 15
1 5 58
1 6 40
1 7 63
1 8 34
1 9 34
1 11 51
1 12 49
1 14 66
1 15 38
1 16 68
1 18 22
1 20 17
1 21 36
1 23 18
1 24 80
1 41 73
1 43 63
1 44 57
1 46 5
1 48 50
1 55 55
1 78 62
2 3 3
2 4 76
2 5 67
2 6 39
2 7 42
2 8 26
2 9 100
2 10 65
2 11 74
2 12 84
2 14 69
2 15 73
2 18 20
2 21 87
2 22 81
2 24 59
2 27 58
2 29 91
2 31 39
2 39 18
2 41 41
2 48 67
2 49 87
2 53 21
2 55 48
2 60 7
2 64 75
2 66 82
2 69 73
2 73 29
2 77 21
3 4 16
3 5 92
3 6 2
3 7 86
3 8 47
3 9 62
3 10 19
3 13 84
3 14 50
3 17 6
3 18 11
3 19 15
3 20 35
3 23 90
3 25 17
3 27 86
3 32 75
3 34 17
3 38 100
3 39 81
3 41 48
3 53 53
3 61 26
3 62 71
3 66 61
3 74 85
3 82 29
4 5 80
4 6 88
4 7 96
4 8 35
4 9 40
4 11 83
4 13 10
4 14 33
4 15 46
4 16 10
4 17 40
4 18 86
4 21 11
4 22 36
4 30 74
4 34 27
4 40 82
4 41 45
4 42 49
4 43 63
4 47 98
4 49 96
4 50 76
4 51 30
4 53 81
4 58 61
4 59 82
4 79 79
4 84 66
5 6 37
5 7 1
5 9 75
5 10 60
5 11 83
5 12 50
5 16 54
5 17 47
5 18 74
5 19 79
5 20 94
5 21 70
5 22 53
5 23 42
5 25 83
5 26 17
5 28 65
5 29 97
5 33 36
5 36 65
5 42 49
5 44 78
5 45 30
5 47 8
5 50 48
5 52 74
5 54 98
5 57 84
5 62 12
5 65 86
5 76 2
5 83 17
6 7 87
6 8 99
6 9 65
6 11 8
6 12 71
6 16 23
6 17 3
6 23 97
6 27 14
6 31 63
6 33 25
6 35 87
6 39 4
6 40 98
6 42 34
6 52 8
6 54 91
6 56 41
6 57 96
6 61 54
6 62 4
6 64 16
6 66 9
6 75 44
7 8 11
7 10 38
7 13 7
7 18 74
7 20 83
7 29 16
7 32 4
7 35 57
7 40 82
7 45 85
7 55 58
7 57 8
7 70 11
7 74 39
7 79 10
7 83 6
8 10 82
8 15 63
8 16 14
8 17 30
8 18 13
8 19 20
8 20 2
8 21 8
8 26 13
8 30 8
8 31 41
8 46 26
8 51 4
8 52 31
8 58 60
8 66 3
8 69 51
8 71 3
8 80 58
8 82 75
8 84 10
9 10 13
9 11 82
9 12 17
9 13 5
9 14 9
9 17 22
9 19 66
9 23 10
9 28 4
9 29 54
9 30 46
9 31 73
9 37 77
9 43 2
9 48 71
9 50 31
9 54 93
9 57 53
9 59 68
9 62 89
9 66 17
9 71 17
9 72 20
9 75 68
9 77 6
9 81 74
9 82 46
9 83 51
10 12 80
10 13 53
10 15 1
10 19 53
10 20 31
10 28 32
10 30 57
10 32 95
10 37 7
10 43 40
10 49 39
10 50 34
10 59 41
10 67 37
10 77 24
10 78 96
11 12 16
11 13 44
11 15 76
11 23 10
11 25 2
11 36 32
11 38 53
11 45 80
11 48 48
11 49 93
11 51 89
11 63 23
11 64 44
11 68 92
12 13 25
12 14 22
12 15 22
12 22 100
12 24 86
12 26 36
12 32 53
12 38 14
12 39 37
12 44 32
12 52 28
12 58 50
12 64 94
12 66 75
12 72 64
12 76 93
13 14 50
13 16 41
13 29 63
13 36 13
13 46 93
13 54 28
13 62 36
13 69 16
13 80 50
14 19 51
14 22 87
14 24 46
14 51 26
14 63 12
14 77 9
15 21 96
15 27 8
15 28 87
15 31 13
15 71 97
16 22 84
16 24 90
16 25 6
16 26 74
16 34 12
16 42 66
16 60 34
16 71 91
16 81 2
17 25 83
17 28 28
17 29 48
17 37 93
17 63 60
17 68 24
17 71 100
17 81 48
18 20 23
18 21 47
18 24 47
18 27 25
18 28 11
18 37 12
18 39 86
18 40 60
18 41 48
18 43 92
18 44 41
18 46 97
18 47 67
18 56 48
18 57 85
18 59 66
18 62 73
18 70 37
18 73 26
18 78 43
18 79 16
18 80 29
19 22 94
19 23 86
19 25 96
19 26 22
19 32 54
19 35 47
19 42 12
19 44 20
19 71 86
19 74 66
19 77 78
19 83 82
20 24 3
20 27 53
20 29 97
20 30 93
20 35 78
20 37 64
20 53 5
20 59 68
20 63 33
21 25 22
21 33 92
21 52 99
21 54 18
22 35 11
22 38 67
22 49 78
22 55 48
22 60 71
22 73 27
23 26 23
23 27 5
23 35 85
23 46 80
23 56 40
23 59 47
23 68 56
23 72 14
23 75 15
24 26 46
24 30 6
24 33 48
24 34 23
24 39 90
24 43 60
24 49 6
24 57 16
24 59 19
24 61 85
24 64 46
24 67 56
25 37 86
25 38 24
25 42 40
25 44 36
25 50 22
25 63 60
25 67 1
25 70 94
26 33 48
26 34 19
26 37 52
26 50 62
26 56 13
27 40 45
27 43 23
27 46 65
27 72 38
28 31 53
28 45 47
28 55 46
28 56 26
28 78 56
29 40 50
29 41 80
29 47 33
29 53 61
29 55 99
29 65 4
29 66 75
29 67 51
29 68 22
30 31 84
30 33 98
30 36 54
30 60 62
30 81 32
30 83 47
31 32 99
31 33 61
31 45 42
31 62 50
31 63 88
31 75 14
32 34 11
32 36 50
32 38 19
32 47 25
32 48 65
32 58 6
32 68 74
32 69 84
32 70 32
33 34 49
33 35 6
33 40 100
33 42 20
33 53 51
33 61 13
33 67 22
33 69 91
33 71 23
33 73 64
33 76 99
34 36 67
34 56 67
34 58 16
34 61 91
34 82 55
35 50 94
35 51 57
35 73 16
35 79 75
36 56 25
36 65 13
36 72 71
36 84 7
37 39 70
37 65 20
37 68 6
37 79 1
37 80 25
37 83 32
38 54 51
38 60 9
38 65 78
38 67 17
38 80 48
38 84 12
39 45 77
39 51 72
39 55 29
40 69 97
40 70 83
40 74 88
41 45 22
41 47 1
41 57 51
41 61 24
41 76 32
42 44 86
43 48 68
43 70 53
43 79 33
44 49 37
45 60 89
46 54 15
46 64 38
47 67 7
48 78 28
49 58 82
49 61 29
49 73 30
50 52 4
50 53 94
51 52 63
51 60 53
51 63 87
51 78 28
52 74 99
52 83 37
53 58 51
53 75 21
53 80 2
53 84 86
55 76 73
56 77 10
57 72 64
57 75 53
61 64 99
61 78 28
62 80 77
64 65 31
64 68 63
64 70 77
64 82 70
65 73 53
66 82 74
68 72 23
68 77 13
69 76 81
69 81 51
71 74 97
72 79 16
74 75 26
77 81 4
79 84 53
81 82 9
83 84 81
