0 1 88
0 2 70
0 3 7
0 4 75
0 5 95
0 6 97
0 7 21
0 8 71
0 10 91
0 11 28
0 12 14
0 13 63
0 14 71
0 16 25
1 2 17
1 3 34
1 4 15
1 5 68
1 6 93
1 7 36
1 8 45
1 10 7
2 3 99
2 4 69
2 5 16
2 6 19
2 7 26
2 9 21
2 10 47
2 11 22
2 15 74
2 18 19
2 19 88
2 20 73
3 4 51
3 5 74
3 6 40
3 8 71
3 11 96
3 12 33
3 14 9
3 15 41
3 17 4
3 19 88
4 5 37
4 7 16
4 8 88
4 13 100
4 14 62
4 16 98
5 6 52
5 9 99
5 18 23
5 20 20
6 7 86
6 9 47
6 10 92
6 12 67
6 14 77
6 15 62
6 16 74
6 17 57
6 18 74
7 8 83
7 9 23
7 11 25
7 12 82
7 17 23
7 20 29
8 9 66
8 10 38
8 11 47
8 13 52
8 16 9
8 19 65
8 20 57
9 12 73
9 13 98
9 17 6
10 13 17
10 19 5
11 15 44
11 17 46
12 19 50
13 14 23
13 15 80
13 18 40
14 20 49
15 16 73
16 18 94
