0 1 12
0 2 14
0 3 10
0 4 16
0 5 16
0 6 19
0 7 14
0 8 15
0 9 14
0 10 18
0 11 16
0 12 12
0 13 17
0 14 19
0 15 20
0 16 18
0 17 14
0 18 10
0 19 18
0 20 10
1 2 16
1 3 14
1 4 12
1 5 12
1 6 12
1 7 19
1 8 10
1 9 20
1 10 12
1 11 13
1 13 15
1 18 11
1 20 11
1 21 10
2 3 15
2 4 20
2 5 10
2 6 18
2 7 10
2 8 15
2 9 10
2 10 10
2 11 20
2 12 12
2 13 18
2 14 17
2 15 10
2 16 11
2 17 14
2 18 10
2 19 20
3 4 19
3 5 13
3 6 15
3 7 18
3 8 16
3 9 16
3 10 16
3 11 12
3 12 12
3 13 11
3 14 19
3 15 19
3 16 18
3 17 10
3 19 16
3 21 18
4 5 17
4 6 11
4 7 13
4 8 10
4 9 15
4 10 14
4 11 12
4 12 13
4 13 10
4 14 14
4 15 13
4 16 11
4 17 16
4 18 17
4 19 16
4 20 11
4 21 11
5 6 15
5 7 15
5 8 19
5 9 13
5 10 16
5 11 11
5 12 15
5 13 16
5 16 17
5 19 19
5 21 13
6 7 18
6 8 19
6 9 16
6 10 11
6 11 17
6 12 17
6 13 18
6 14 10
6 16 11
6 17 17
6 19 11
6 20 14
7 8 12
7 9 10
7 10 14
7 11 16
7 12 18
7 14 10
7 15 19
7 16 10
7 17 10
7 18 16
7 21 10
8 9 13
8 10 15
8 11 16
8 12 19
8 13 14
8 14 18
8 15 19
8 17 18
8 18 14
8 19 10
8 20 17
8 21 13
9 10 15
9 11 12
9 12 14
9 13 13
9 14 16
9 15 20
9 19 12
9 20 20
10 11 17
10 12 10
10 13 14
10 14 13
10 16 19
10 17 10
10 18 15
10 19 14
10 20 16
11 12 14
11 13 20
11 14 10
11 15 12
11 16 19
11 18 16
11 19 18
11 20 19
12 14 10
12 15 11
12 17 13
12 18 11
12 20 20
13 15 17
13 17 18
13 21 12
14 15 20
14 16 16
14 17 11
14 21 13
15 16 10
15 21 18
16 18 18
16 20 18
16 21 16
17 18 20
17 19 14
19 20 17
19 21 16
