0 1 95
0 2 32
0 3 74
0 4 74
0 5 2
0 6 63
0 7 15
0 8 77
0 9 43
0 10 71
0 11 2
0 13 61
0 15 16
0 16 53
0 17 30
0 18 44
0 20 79
0 21 40
0 22 88
0 24 97
0 25 43
0 26 62
0 27 35
0 29 47
0 30 85
0 33 1
0 35 71
0 36 72
0 39 65
0 43 46
0 45 96
1 2 54
1 3 20
1 4 87
1 5 95
1 6 54
1 7 14
1 8 31
1 9 11
1 10 63
1 11 37
1 12 48
1 13 68
1 14 39
1 15 5
1 16 64
1 17 79
1 22 43
1 25 11
1 26 73
1 27 26
1 28 87
1 34 63
1 37 72
1 38 39
1 40 77
1 42 87
1 45 78
1 46 26
2 3 93
2 4 73
2 5 2
2 6 15
2 7 22
2 8 49
2 9 37
2 13 87
2 14 55
2 19 4
2 27 75
2 30 85
2 31 51
2 35 94
2 42 39
2 43 29
2 47 1
2 49 66
3 4 4
3 5 95
3 6 6
3 7 72
3 8 81
3 10 33
3 11 46
3 12 6
3 14 16
3 16 75
3 17 64
3 20 40
3 21 54
3 23 77
3 31 79
3 37 50
3 39 44
3 43 34
3 44 39
3 47 48
4 5 80
4 6 78
4 7 23
4 8 27
4 9 97
4 10 29
4 12 70
4 14 38
4 16 10
4 17 27
4 18 71
4 20 3
4 23 78
4 24 52
4 25 45
4 26 19
4 28 10
4 40 64
4 46 50
5 6 38
5 7 23
5 8 71
5 10 87
5 12 96
5 13 77
5 15 64
5 17 33
5 18 62
5 19 86
5 22 7
5 23 6
5 25 20
5 27 80
5 29 71
5 36 14
5 48 96
6 7 8
6 8 53
6 9 74
6 10 47
6 12 35
6 14 82
6 15 3
6 16 11
6 18 4
6 19 65
6 20 27
6 25 52
6 26 37
6 41 23
6 42 47
6 44 82
6 48 92
7 9 54
7 10 20
7 11 33
7 15 78
7 18 81
7 19 68
7 21 36
7 24 15
7 27 59
7 28 77
7 39 75
7 44 97
7 48 72
8 9 32
8 11 57
8 12 97
8 17 37
8 19 70
8 22 10
8 23 45
8 29 77
8 31 47
8 34 68
8 36 42
8 37 21
8 38 13
8 49 4
9 11 63
9 13 44
9 16 24
9 24 61
9 31 47
9 33 57
9 36 97
9 38 64
9 43 54
10 11 27
10 12 15
10 13 20
10 14 81
10 15 64
10 18 61
10 19 43
10 20 76
10 21 55
10 22 27
10 31 74
10 33 54
10 34 43
10 36 84
10 43 26
10 48 99
11 13 6
11 14 95
11 20 1
11 21 6
11 25 86
11 26 12
11 28 12
11 29 55
11 32 78
11 40 14
11 42 96
11 46 63
12 15 56
12 24 85
12 26 2
12 28 51
12 34 78
12 38 62
12 43 21
12 49 85
13 16 93
13 26 93
13 27 96
13 33 7
14 19 4
14 20 36
14 24 91
14 29 23
14 30 82
14 33 83
14 47 56
14 49 52
15 27 91
15 31 32
15 46 73
16 17 36
16 18 69
16 21 27
16 28 25
16 32 66
16 39 28
16 45 85
17 28 86
17 30 8
17 42 28
18 33 4
18 34 7
18 37 41
18 38 11
18 40 23
18 41 87
18 46 13
19 35 4
19 38 76
19 40 79
19 45 73
20 21 33
20 22 22
20 23 95
20 24 50
20 34 53
20 35 89
20 45 37
21 22 70
21 23 52
21 25 76
21 32 48
21 46 94
21 47 78
22 23 87
22 32 96
22 39 22
22 48 63
24 32 47
24 33 74
25 30 32
25 34 39
25 36 73
25 43 83
25 48 49
25 49 46
26 29 52
26 30 20
26 35 27
27 40 49
27 44 23
28 29 85
28 32 58
28 37 81
28 41 41
28 42 76
28 45 92
29 30 55
29 31 5
29 41 74
29 47 32
30 35 58
30 37 42
30 39 100
30 41 51
30 44 8
30 49 49
31 32 45
32 35 93
32 36 14
32 40 36
32 41 99
32 44 96
32 48 74
32 49 16
33 38 14
33 46 45
35 44 16
36 37 11
36 41 29
37 39 99
40 42 38
40 45 87
45 47 52
46 47 90
