0 1 92
0 2 51
0 3 92
0 4 41
0 5 20
0 6 76
0 7 37
0 8 84
0 9 42
0 10 70
0 11 27
0 12 61
0 13 91
0 14 99
0 15 84
0 16 58
0 17 18
0 18 33
0 19 19
0 20 21
0 21 18
0 22 34
0 23 84
0 24 89
0 25 5
0 26 89
0 27 32
0 28 96
0 30 28
0 32 100
0 33 83
0 34 1
0 37 67
0 38 72
0 39 45
0 41 21
0 42 35
0 45 98
0 46 15
0 47 69
0 48 25
0 50 41
0 52 16
0 53 27
0 57 16
0 61 71
0 65 2
0 68 62
0 69 82
0 75 67
0 76 70
0 77 53
0 80 60
0 82 57
0 83 41
0 86 84
0 92 9
0 99 45
1 2 4
1 3 9
1 4 81
1 5 60
1 6 15
1 7 61
1 8 26
1 9 6
1 10 65
1 11 67
1 12 79
1 13 30
1 14 84
1 15 18
1 16 29
1 17 78
1 18 47
1 19 41
1 20 1
1 21 71
1 22 49
1 23 74
1 24 25
1 25 26
1 26 46
1 27 74
1 28 54
1 29 72
1 30 73
1 31 67
1 32 73
1 35 31
1 36 51
1 37 90
1 38 4
1 40 56
1 41 74
1 42 12
1 44 18
1 45 47
1 46 98
1 47 31
1 49 90
1 50 47
1 51 14
1 52 24
1 53 60
1 55 6
1 56 50
1 57 57
1 60 11
1 61 63
1 63 53
1 68 66
1 70 70
1 72 27
1 73 91
1 79 59
1 84 81
1 85 64
1 87 1
1 94 82
2 3 44
2 4 39
2 5 100
2 6 54
2 7 22
2 8 7
2 9 42
2 10 9
2 11 85
2 12 21
2 13 65
2 14 81
2 15 36
2 16 58
2 17 4
2 18 28
2 19 87
2 20 71
2 21 70
2 22 69
2 23 80
2 24 86
2 25 13
2 26 21
2 27 55
2 28 65
2 29 6
2 30 96
2 31 50
2 32 66
2 35 74
2 36 96
2 37 56
2 38 74
2 39 93
2 45 58
2 46 27
2 47 13
2 48 88
2 49 18
2 52 52
2 53 13
2 57 34
2 58 51
2 59 31
2 60 57
2 62 100
2 65 7
2 67 91
2 68 46
2 69 82
2 72 49
2 74 75
2 78 80
2 79 10
2 80 54
2 82 16
2 83 93
2 87 54
2 90 81
2 93 57
3 4 15
3 5 20
3 6 45
3 7 31
3 8 11
3 9 85
3 10 85
3 11 23
3 12 67
3 13 27
3 14 40
3 15 79
3 16 70
3 17 2
3 18 70
3 19 77
3 20 42
3 21 81
3 22 16
3 23 83
3 24 72
3 25 94
3 26 21
3 27 11
3 28 89
3 29 20
3 30 30
3 31 9
3 33 100
3 34 38
3 36 74
3 37 84
3 40 17
3 42 59
3 43 46
3 45 71
3 46 97
3 48 95
3 49 37
3 51 14
3 52 26
3 53 36
3 55 12
3 56 96
3 59 57
3 60 20
3 63 25
3 64 47
3 68 81
3 73 18
3 74 21
3 75 99
3 78 90
3 81 52
3 83 22
3 93 50
3 97 96
4 5 57
4 6 68
4 7 18
4 8 97
4 9 4
4 10 84
4 11 13
4 12 61
4 13 88
4 14 10
4 15 62
4 16 90
4 17 4
4 18 80
4 19 54
4 20 77
4 21 55
4 22 31
4 23 17
4 24 14
4 25 93
4 26 53
4 27 37
4 28 11
4 29 6
4 30 84
4 31 22
4 33 56
4 34 35
4 35 7
4 36 47
4 38 60
4 39 71
4 40 98
4 43 19
4 44 22
4 45 49
4 47 24
4 48 84
4 49 82
4 50 53
4 53 15
4 56 56
4 58 40
4 59 59
4 60 52
4 61 70
4 62 21
4 65 39
4 66 78
4 70 79
4 72 80
4 79 53
4 80 35
4 82 94
4 86 79
4 87 53
5 6 90
5 7 79
5 8 44
5 9 67
5 10 2
5 11 26
5 12 69
5 13 100
5 14 95
5 15 49
5 16 6
5 17 65
5 18 99
5 19 8
5 20 71
5 21 52
5 22 12
5 23 95
5 24 84
5 25 19
5 26 20
5 27 50
5 28 61
5 29 92
5 30 95
5 31 64
5 32 66
5 33 25
5 35 3
5 36 57
5 37 50
5 38 19
5 40 57
5 41 33
5 42 97
5 44 33
5 48 88
5 49 42
5 51 51
5 55 77
5 56 33
5 57 70
5 58 98
5 59 60
5 61 9
5 62 21
5 63 82
5 65 75
5 66 68
5 67 74
5 69 35
5 70 75
5 72 84
5 73 82
5 76 44
5 82 34
5 83 30
5 84 76
5 86 6
5 88 38
5 89 90
5 90 7
5 91 31
5 92 10
5 95 20
5 96 20
5 98 41
6 7 57
6 8 46
6 9 22
6 10 72
6 11 91
6 12 95
6 13 36
6 14 72
6 15 82
6 16 40
6 17 50
6 18 50
6 19 67
6 20 34
6 21 16
6 22 25
6 23 69
6 24 42
6 25 23
6 26 5
6 27 42
6 28 28
6 29 98
6 31 80
6 32 96
6 33 48
6 34 87
6 35 4
6 37 67
6 39 14
6 40 28
6 42 61
6 43 93
6 44 61
6 46 11
6 47 30
6 49 64
6 50 23
6 51 22
6 52 12
6 54 10
6 56 40
6 63 94
6 66 55
6 67 13
6 71 82
6 72 93
6 75 87
6 78 70
6 81 16
6 83 22
6 84 56
6 86 36
6 88 89
6 89 83
6 95 46
6 96 34
6 98 67
7 8 86
7 9 78
7 10 78
7 11 74
7 12 17
7 13 88
7 14 36
7 15 7
7 16 63
7 17 19
7 18 30
7 19 44
7 20 58
7 21 16
7 22 46
7 23 29
7 24 42
7 25 47
7 26 17
7 27 24
7 28 53
7 29 78
7 30 88
7 31 86
7 32 14
7 33 85
7 34 5
7 36 47
7 37 58
7 38 65
7 40 65
7 42 80
7 43 15
7 44 30
7 47 20
7 48 73
7 49 89
7 50 24
7 51 13
7 55 76
7 57 56
7 58 20
7 61 93
7 64 34
7 70 55
7 73 94
7 75 6
7 79 68
7 81 46
7 83 78
7 86 18
7 88 74
7 91 94
7 93 61
7 97 68
7 98 36
7 99 61
8 9 72
8 10 64
8 11 29
8 12 59
8 13 87
8 14 50
8 15 46
8 16 58
8 17 11
8 18 82
8 19 80
8 20 16
8 21 55
8 22 39
8 23 83
8 24 46
8 25 85
8 26 81
8 27 92
8 28 70
8 29 79
8 30 52
8 31 12
8 32 1
8 33 19
8 34 54
8 37 78
8 38 18
8 40 4
8 43 71
8 44 77
8 45 27
8 47 76
8 49 7
8 51 54
8 52 40
8 54 6
8 58 90
8 70 18
8 71 16
8 72 55
8 74 4
8 76 66
8 78 82
8 80 88
8 84 2
8 87 25
8 88 56
8 89 32
8 92 31
8 93 69
8 95 11
8 97 19
8 98 3
8 99 82
9 10 48
9 11 42
9 12 35
9 13 93
9 14 37
9 15 76
9 16 81
9 17 23
9 18 43
9 19 66
9 20 68
9 21 5
9 22 68
9 23 92
9 24 17
9 25 26
9 26 53
9 27 86
9 28 4
9 29 72
9 30 86
9 31 88
9 32 40
9 34 56
9 35 58
9 38 49
9 40 52
9 41 97
9 42 7
9 43 75
9 44 34
9 45 76
9 46 70
9 50 80
9 52 6
9 55 69
9 56 85
9 57 35
9 59 23
9 63 12
9 67 51
9 68 41
9 71 43
9 73 23
9 76 96
9 79 21
9 85 58
9 86 17
9 91 57
9 92 28
9 95 27
9 96 51
9 97 31
9 99 1
10 11 37
10 12 69
10 13 76
10 14 71
10 15 12
10 16 41
10 17 41
10 18 33
10 19 36
10 20 51
10 21 48
10 22 43
10 23 1
10 24 88
10 25 6
10 26 73
10 27 25
10 28 71
10 30 27
10 31 55
10 32 56
10 33 11
10 34 16
10 36 6
10 38 2
10 39 1
10 40 70
10 42 47
10 43 68
10 45 49
10 47 99
10 49 98
10 50 34
10 51 66
10 52 26
10 53 44
10 56 1
10 58 76
10 59 65
10 61 45
10 62 84
10 63 78
10 66 86
10 67 85
10 68 14
10 69 76
10 70 99
10 71 90
10 74 52
10 75 85
10 76 4
10 78 2
10 79 29
10 81 72
10 87 62
10 88 80
10 89 54
10 91 82
10 94 10
11 12 89
11 13 25
11 14 3
11 15 75
11 16 19
11 17 2
11 18 14
11 19 86
11 20 6
11 21 7
11 22 51
11 23 11
11 24 34
11 25 36
11 26 8
11 27 30
11 28 50
11 29 73
11 30 80
11 31 85
11 34 76
11 37 5
11 38 67
11 39 38
11 41 48
11 44 20
11 46 99
11 47 99
11 50 81
11 51 88
11 52 44
11 53 76
11 54 35
11 55 44
11 59 58
11 63 65
11 65 25
11 67 78
11 68 23
11 69 14
11 74 90
11 76 44
11 77 44
11 78 93
11 79 35
11 81 53
11 90 40
11 93 16
11 96 31
12 13 41
12 14 84
12 15 37
12 16 5
12 17 43
12 18 60
12 19 16
12 20 94
12 21 54
12 22 2
12 23 39
12 24 10
12 25 24
12 26 76
12 27 62
12 29 8
12 31 5
12 32 24
12 33 21
12 34 83
12 35 9
12 36 4
12 37 42
12 38 70
12 39 75
12 40 79
12 41 33
12 42 96
12 43 60
12 44 60
12 47 68
12 49 93
12 50 54
12 52 87
12 55 97
12 58 87
12 60 91
12 63 13
12 66 62
12 67 35
12 68 47
12 71 31
12 72 53
12 75 13
12 76 42
12 77 69
12 86 41
12 87 56
12 88 2
12 90 84
12 91 28
12 92 81
12 94 10
12 96 50
12 98 46
13 14 46
13 15 95
13 16 14
13 17 37
13 18 60
13 19 99
13 20 10
13 21 84
13 22 10
13 23 67
13 24 56
13 25 95
13 26 68
13 27 12
13 28 19
13 29 63
13 30 32
13 31 94
13 32 37
13 33 14
13 34 42
13 35 89
13 37 69
13 40 6
13 42 12
13 43 12
13 44 83
13 45 19
13 46 24
13 47 39
13 48 79
13 49 58
13 51 65
13 54 27
13 55 41
13 56 79
13 57 87
13 58 87
13 63 8
13 64 61
13 67 50
13 71 82
13 78 6
13 80 98
13 81 16
13 85 36
13 88 28
13 91 63
13 92 48
13 93 72
13 94 56
13 98 51
13 99 15
14 15 24
14 16 44
14 17 53
14 18 89
14 19 75
14 20 18
14 21 19
14 22 65
14 23 98
14 24 60
14 25 27
14 26 54
14 27 20
14 28 56
14 29 99
14 30 13
14 31 58
14 33 6
14 34 7
14 35 58
14 36 18
14 39 40
14 40 17
14 41 11
14 42 31
14 44 44
14 46 70
14 47 61
14 49 100
14 52 15
14 54 89
14 57 48
14 58 71
14 59 69
14 60 50
14 64 7
14 66 73
14 67 62
14 68 68
14 69 2
14 70 95
14 71 59
14 73 75
14 77 65
14 80 84
14 84 11
14 88 60
14 89 54
14 92 94
14 96 64
15 16 70
15 17 62
15 18 50
15 19 23
15 20 72
15 21 97
15 22 74
15 23 88
15 24 39
15 25 23
15 26 94
15 27 43
15 29 96
15 30 96
15 32 65
15 34 86
15 35 22
15 36 81
15 37 39
15 38 62
15 39 83
15 42 45
15 45 29
15 48 68
15 53 100
15 60 96
15 63 71
15 65 48
15 70 98
15 71 72
15 75 54
15 78 88
15 79 20
15 80 49
15 82 34
15 86 71
15 87 5
15 94 33
15 96 3
15 99 48
16 17 76
16 18 90
16 19 65
16 20 9
16 21 6
16 22 29
16 23 55
16 24 21
16 25 48
16 26 1
16 27 3
16 28 91
16 29 99
16 30 85
16 31 69
16 33 38
16 35 81
16 36 90
16 37 21
16 39 33
16 40 28
16 44 24
16 45 63
16 46 85
16 48 95
16 51 71
16 52 95
16 54 55
16 55 31
16 56 22
16 57 69
16 59 75
16 70 88
16 71 56
16 76 87
16 77 56
16 84 8
16 94 93
16 98 90
17 18 49
17 19 37
17 20 11
17 21 24
17 22 76
17 23 83
17 24 99
17 25 66
17 26 72
17 28 73
17 29 95
17 30 24
17 31 90
17 32 31
17 33 80
17 35 42
17 36 88
17 37 92
17 38 91
17 39 12
17 40 14
17 41 18
17 42 63
17 43 11
17 46 91
17 47 42
17 48 79
17 49 31
17 53 99
17 54 86
17 57 31
17 62 16
17 66 85
17 68 9
17 69 99
17 72 13
17 73 49
17 78 80
17 80 79
17 82 95
17 83 70
17 84 31
17 86 99
17 89 58
17 92 19
18 19 22
18 20 80
18 21 70
18 22 19
18 23 9
18 24 87
18 25 17
18 26 65
18 27 31
18 28 46
18 29 68
18 30 84
18 31 54
18 32 84
18 33 75
18 34 53
18 35 19
18 36 39
18 37 40
18 38 43
18 39 60
18 40 29
18 41 39
18 42 81
18 43 79
18 44 48
18 45 59
18 46 96
18 47 100
18 48 78
18 49 19
18 50 94
18 51 84
18 54 46
18 56 50
18 58 28
18 60 74
18 64 24
18 69 98
18 70 80
18 72 32
18 73 73
18 77 36
18 82 13
18 83 76
18 85 68
18 89 69
18 91 49
18 93 28
18 98 89
18 99 75
19 20 84
19 21 44
19 22 89
19 23 38
19 24 6
19 25 51
19 26 85
19 27 45
19 28 6
19 29 80
19 30 30
19 31 44
19 33 32
19 34 31
19 35 44
19 36 64
19 38 75
19 40 60
19 41 7
19 42 32
19 43 28
19 44 37
19 45 24
19 46 53
19 47 9
19 48 75
19 51 35
19 53 26
19 55 12
19 56 77
19 58 70
19 59 95
19 62 31
19 64 74
19 71 23
19 76 84
19 78 84
19 79 7
19 80 31
19 82 79
19 83 24
19 86 55
19 89 86
19 92 62
19 95 29
19 96 56
19 97 96
19 98 17
20 21 50
20 22 13
20 23 52
20 24 36
20 25 63
20 26 20
20 27 49
20 28 69
20 29 72
20 30 54
20 31 60
20 32 48
20 33 8
20 35 24
20 36 88
20 37 43
20 38 26
20 39 67
20 40 1
20 42 13
20 43 34
20 44 49
20 45 58
20 46 81
20 47 90
20 53 77
20 54 96
20 55 33
20 56 25
20 57 62
20 58 51
20 61 54
20 62 62
20 63 36
20 65 31
20 68 24
20 69 56
20 70 29
20 72 81
20 73 31
20 75 9
20 76 19
20 77 23
20 79 25
20 80 100
20 82 82
20 83 22
20 85 11
20 88 69
20 89 10
20 90 21
20 97 29
21 22 20
21 23 29
21 24 71
21 25 53
21 26 78
21 27 32
21 28 39
21 29 78
21 30 100
21 31 12
21 32 16
21 33 67
21 34 6
21 35 36
21 36 2
21 37 41
21 38 22
21 39 8
21 41 33
21 42 7
21 43 100
21 44 55
21 47 74
21 48 39
21 49 84
21 50 47
21 53 62
21 54 13
21 57 83
21 61 51
21 62 70
21 63 83
21 67 100
21 72 39
21 74 63
21 75 25
21 76 73
21 77 61
21 79 2
21 82 43
21 86 17
21 88 38
21 89 80
21 93 4
21 95 21
22 23 86
22 24 29
22 25 58
22 26 93
22 27 40
22 28 30
22 29 92
22 30 88
22 31 96
22 32 64
22 33 55
22 34 10
22 35 65
22 36 99
22 37 11
22 38 63
22 39 59
22 41 41
22 43 50
22 44 13
22 46 19
22 48 98
22 49 49
22 52 35
22 53 64
22 55 50
22 56 2
22 59 35
22 60 53
22 62 68
22 63 94
22 64 99
22 65 90
22 69 39
22 70 27
22 71 39
22 76 29
22 80 36
22 83 37
22 84 16
22 86 41
22 87 15
22 89 72
22 93 18
23 24 98
23 25 46
23 26 22
23 27 4
23 28 80
23 29 53
23 30 69
23 31 21
23 32 8
23 33 61
23 34 25
23 35 70
23 36 25
23 37 38
23 38 4
23 39 77
23 42 68
23 44 29
23 45 48
23 47 82
23 48 50
23 49 47
23 50 85
23 51 90
23 52 9
23 53 55
23 54 49
23 55 50
23 56 55
23 57 51
23 58 98
23 60 72
23 64 88
23 65 7
23 66 90
23 67 97
23 68 4
23 69 19
23 70 30
23 73 42
23 74 46
23 75 56
23 76 48
23 80 67
23 85 37
23 86 22
23 87 60
23 88 29
23 89 57
23 92 42
23 95 33
23 98 11
24 25 89
24 26 38
24 27 82
24 28 13
24 29 29
24 30 99
24 32 60
24 33 51
24 34 17
24 35 64
24 36 76
24 40 38
24 41 23
24 43 1
24 44 29
24 45 2
24 47 19
24 51 27
24 52 26
24 53 24
24 54 17
24 57 35
24 58 7
24 60 3
24 63 72
24 65 28
24 66 71
24 69 64
24 71 40
24 72 68
24 75 5
24 77 86
24 78 11
24 80 50
24 84 53
24 90 82
24 91 76
24 92 93
24 94 90
24 99 37
25 26 66
25 27 22
25 28 77
25 29 29
25 30 24
25 32 11
25 34 28
25 36 90
25 38 34
25 39 15
25 41 67
25 42 9
25 43 71
25 45 2
25 50 40
25 53 7
25 57 25
25 61 11
25 62 90
25 64 85
25 66 34
25 69 65
25 70 63
25 78 81
25 81 38
25 82 21
25 92 59
25 99 64
26 27 98
26 28 94
26 29 40
26 30 53
26 31 56
26 32 91
26 33 21
26 34 74
26 36 71
26 37 4
26 39 76
26 40 35
26 41 8
26 42 17
26 43 29
26 44 65
26 45 10
26 47 69
26 48 74
26 49 24
26 50 19
26 54 24
26 55 29
26 56 58
26 58 41
26 59 15
26 60 80
26 64 66
26 65 28
26 67 96
26 69 61
26 70 72
26 79 97
26 80 89
26 81 20
26 84 77
26 87 80
26 94 41
26 96 42
26 99 65
27 28 11
27 29 78
27 30 75
27 31 59
27 32 77
27 33 71
27 35 61
27 38 39
27 41 61
27 43 69
27 46 8
27 47 91
27 48 16
27 50 9
27 51 26
27 52 43
27 54 88
27 56 65
27 59 66
27 61 86
27 62 32
27 63 25
27 64 55
27 66 30
27 68 73
27 73 48
27 80 8
27 83 5
27 89 25
27 90 39
27 94 55
27 96 100
27 99 54
28 32 44
28 34 99
28 37 58
28 41 8
28 43 70
28 44 6
28 45 87
28 46 32
28 48 39
28 49 78
28 50 65
28 51 1
28 55 24
28 58 46
28 66 66
28 69 73
28 73 32
28 77 25
28 80 27
28 81 74
28 82 63
28 89 69
28 93 22
28 95 75
28 97 95
29 31 92
29 32 13
29 33 62
29 34 34
29 35 41
29 37 13
29 38 2
29 40 43
29 41 42
29 43 59
29 47 76
29 54 49
29 55 19
29 56 49
29 57 14
29 58 29
29 64 85
29 66 12
29 74 7
29 77 62
29 80 22
29 82 31
29 83 17
29 85 9
29 88 44
29 89 84
29 91 34
29 97 31
30 31 43
30 32 74
30 33 11
30 34 88
30 35 31
30 36 78
30 37 94
30 38 29
30 39 30
30 40 70
30 41 4
30 42 34
30 43 45
30 47 87
30 51 30
30 52 20
30 53 23
30 55 81
30 57 87
30 60 29
30 66 31
30 67 85
30 70 73
30 71 10
30 73 46
30 75 28
30 77 48
30 79 96
30 87 23
30 88 85
30 97 62
30 98 10
31 32 80
31 33 50
31 35 79
31 36 65
31 37 3
31 39 92
31 41 26
31 45 54
31 46 97
31 47 23
31 56 25
31 60 47
31 61 29
31 70 12
31 78 83
31 81 92
31 83 67
31 84 87
31 88 52
31 90 70
31 91 11
32 33 24
32 34 24
32 35 73
32 36 51
32 37 98
32 39 8
32 40 75
32 41 18
32 42 66
32 45 3
32 46 36
32 47 36
32 50 11
32 51 72
32 52 39
32 53 98
32 54 76
32 55 29
32 57 78
32 58 19
32 62 79
32 66 100
32 67 98
32 68 92
32 69 7
32 70 47
32 72 78
32 73 4
32 74 80
32 77 84
32 83 12
32 90 45
32 92 7
32 95 11
32 96 91
33 34 30
33 35 80
33 36 100
33 38 82
33 39 18
33 40 22
33 41 33
33 42 16
33 43 8
33 44 10
33 45 50
33 46 84
33 49 45
33 56 48
33 57 18
33 60 87
33 62 27
33 63 34
33 64 15
33 67 79
33 69 96
33 72 44
33 74 58
33 75 24
33 76 42
33 85 90
33 90 19
33 92 77
33 97 92
33 98 61
34 35 74
34 36 57
34 38 56
34 39 88
34 40 56
34 41 65
34 44 13
34 46 21
34 49 21
34 52 23
34 59 28
34 61 52
34 62 57
34 63 66
34 66 58
34 68 95
34 72 84
34 73 12
34 74 90
34 80 40
34 84 47
34 87 46
34 89 19
34 91 1
34 93 49
34 94 48
35 37 91
35 39 24
35 40 26
35 42 83
35 48 75
35 50 54
35 51 24
35 54 69
35 55 94
35 56 15
35 57 20
35 58 67
35 59 96
35 63 44
35 64 23
35 65 77
35 70 95
35 71 97
35 74 33
35 76 10
35 77 41
35 79 49
35 80 94
35 81 94
35 84 68
35 86 89
35 88 33
35 91 45
35 93 22
35 95 49
35 99 16
36 38 93
36 39 79
36 40 89
36 41 45
36 42 12
36 43 1
36 45 64
36 46 78
36 48 80
36 49 47
36 54 22
36 56 12
36 57 44
36 58 74
36 61 37
36 62 44
36 65 94
36 67 24
36 69 8
36 71 14
36 72 7
36 74 6
36 76 89
36 79 48
36 80 22
36 81 58
36 85 76
36 86 88
36 87 34
36 92 91
36 93 11
36 94 25
36 98 17
36 99 11
37 41 29
37 46 48
37 48 59
37 50 2
37 51 73
37 53 48
37 55 100
37 59 97
37 60 99
37 61 21
37 62 10
37 65 77
37 66 74
37 67 67
37 74 57
37 75 19
37 78 3
37 80 68
37 82 6
37 84 85
37 98 17
38 39 58
38 42 29
38 44 29
38 45 100
38 48 64
38 49 63
38 51 40
38 52 74
38 53 13
38 56 53
38 60 74
38 66 13
38 84 19
38 85 44
38 86 65
38 88 63
38 90 37
38 91 64
38 93 94
38 94 11
38 95 80
38 96 38
38 98 91
38 99 40
39 43 20
39 44 25
39 50 23
39 51 19
39 62 9
39 63 91
39 64 66
39 65 63
39 69 33
39 72 96
39 73 87
39 79 23
39 83 59
39 89 70
39 90 91
39 91 68
39 93 81
40 41 73
40 44 6
40 47 49
40 48 13
40 50 59
40 52 80
40 53 71
40 54 42
40 55 58
40 57 91
40 58 48
40 60 99
40 61 71
40 62 70
40 66 19
40 67 46
40 72 59
40 74 48
40 76 85
40 77 50
40 79 7
40 83 70
40 84 97
40 85 59
40 86 18
40 95 8
40 96 74
40 97 7
40 98 20
41 43 59
41 49 82
41 51 90
41 52 42
41 54 31
41 60 65
41 61 42
41 65 27
41 68 52
41 73 38
41 74 34
41 76 75
41 77 79
41 79 32
41 80 52
41 85 54
41 86 4
41 88 25
41 90 6
41 91 89
41 92 11
41 98 59
41 99 69
42 45 49
42 48 76
42 50 16
42 52 87
42 54 8
42 55 85
42 56 61
42 60 71
42 61 44
42 62 18
42 63 68
42 64 40
42 71 36
42 72 30
42 73 79
42 74 50
42 81 88
42 82 71
42 83 6
42 85 66
42 86 67
42 88 71
42 89 16
42 95 78
42 97 8
43 45 67
43 46 5
43 51 61
43 52 91
43 53 78
43 55 14
43 59 46
43 61 76
43 74 86
43 75 98
43 88 44
43 90 77
43 91 32
43 92 71
43 96 68
43 99 34
44 46 98
44 48 44
44 50 99
44 53 100
44 56 50
44 58 44
44 60 74
44 61 66
44 62 44
44 64 64
44 65 48
44 68 64
44 73 75
44 76 17
44 77 72
44 78 93
44 84 36
44 85 12
44 86 56
44 87 22
44 88 10
44 91 35
44 93 2
44 94 88
44 95 57
45 46 41
45 51 35
45 59 81
45 61 85
45 64 26
45 67 72
45 71 98
45 76 24
45 77 19
45 79 38
45 83 48
45 86 87
45 87 44
45 89 98
45 90 43
45 94 36
45 97 76
45 98 81
46 49 67
46 50 58
46 51 24
46 65 27
46 66 33
46 68 97
46 70 73
46 75 44
46 78 97
46 79 89
46 85 42
46 88 98
46 90 98
46 91 64
46 96 14
47 48 28
47 49 82
47 55 3
47 57 92
47 58 58
47 59 51
47 60 52
47 65 78
47 67 5
47 72 4
47 78 46
47 85 92
47 93 68
47 94 59
47 97 8
47 98 19
48 50 3
48 53 54
48 54 12
48 57 89
48 58 59
48 59 70
48 60 98
48 63 42
48 64 93
48 70 75
48 75 25
48 77 15
48 78 36
48 82 26
48 83 39
48 85 45
48 88 77
48 90 76
48 91 2
48 92 89
48 93 19
48 97 58
49 50 43
49 53 51
49 54 68
49 55 13
49 59 39
49 62 55
49 64 63
49 67 25
49 71 61
49 75 11
49 76 4
49 79 29
49 81 94
49 82 46
49 85 94
49 87 44
49 88 52
49 89 85
49 93 21
50 52 31
50 57 88
50 59 46
50 61 65
50 62 30
50 64 70
50 65 2
50 66 34
50 73 17
50 74 25
50 78 44
50 80 69
50 84 47
50 93 83
50 96 59
50 97 20
50 99 55
51 52 57
51 54 12
51 58 48
51 60 92
51 62 64
51 63 34
51 64 66
51 67 22
51 68 85
51 73 74
51 74 53
51 76 93
51 77 41
51 78 71
51 79 12
51 81 13
51 84 32
51 87 98
51 88 36
51 95 9
51 97 61
51 98 49
52 53 23
52 54 88
52 58 54
52 61 16
52 65 16
52 69 7
52 71 48
52 74 70
52 77 12
52 85 57
52 91 65
52 95 91
53 54 75
53 56 8
53 59 26
53 61 47
53 63 45
53 64 9
53 73 16
53 75 12
53 76 15
53 77 27
53 79 6
53 85 15
53 87 81
53 88 13
53 90 70
53 95 61
54 55 90
54 56 38
54 57 14
54 59 22
54 61 95
54 62 14
54 64 56
54 66 85
54 69 94
54 71 4
54 72 21
54 74 61
54 77 65
54 82 87
54 84 6
54 90 12
54 94 19
54 99 40
55 59 43
55 66 16
55 67 85
55 68 42
55 69 74
55 70 53
55 71 32
55 72 93
55 76 11
55 80 48
55 81 4
55 82 92
55 86 67
55 87 26
56 65 11
56 68 98
56 73 26
56 75 47
56 78 43
56 86 49
56 96 62
57 59 27
57 60 68
57 65 95
57 67 51
57 68 100
57 69 4
57 70 71
57 71 11
57 82 10
57 85 37
57 90 85
57 94 36
57 95 46
57 96 80
57 97 83
58 63 54
58 64 68
58 66 81
58 69 71
58 83 53
58 87 18
58 93 27
58 94 66
59 60 28
59 61 38
59 62 49
59 63 38
59 64 28
59 65 21
59 68 41
59 69 51
59 70 28
59 72 72
59 74 98
59 75 59
59 81 9
59 85 39
59 92 21
59 93 80
59 99 83
60 61 22
60 67 49
60 72 79
60 80 32
60 81 40
61 62 32
61 65 7
61 70 68
61 75 20
61 78 90
61 96 67
62 63 69
62 65 6
62 66 62
62 71 6
62 81 93
62 87 17
62 88 20
62 89 41
62 92 51
62 99 54
63 68 21
63 70 60
63 78 4
63 81 68
63 84 6
63 91 64
63 92 77
63 99 12
64 67 59
64 68 29
64 71 78
64 72 79
64 79 87
64 82 19
64 84 74
64 94 46
65 66 96
65 73 66
65 90 26
65 93 76
65 94 77
65 97 88
65 99 54
66 69 40
66 71 4
66 77 48
66 81 84
66 85 98
66 89 81
66 91 63
66 93 46
66 95 96
66 96 74
67 68 79
67 72 11
67 74 8
67 75 54
67 77 96
67 78 7
67 85 59
67 86 47
67 94 91
67 96 20
68 75 53
68 81 52
68 82 38
68 87 73
68 90 31
68 94 90
68 98 19
69 73 72
69 76 81
69 78 6
69 95 42
69 98 13
70 71 1
70 74 97
70 75 83
70 87 66
70 90 89
70 91 58
70 97 35
70 99 8
71 75 66
71 78 73
71 81 17
71 82 93
71 83 35
71 84 91
71 89 20
71 90 82
72 73 58
72 77 42
72 81 84
72 89 2
72 94 5
72 95 65
73 74 64
73 79 82
73 83 98
73 84 80
73 90 8
73 93 93
73 95 25
73 97 48
73 98 94
74 76 81
74 82 89
74 93 62
75 96 71
75 97 94
76 80 99
76 81 78
76 83 34
76 84 37
76 90 17
76 96 65
76 97 44
77 82 90
77 96 10
78 79 21
78 81 6
78 82 74
78 83 12
78 85 36
78 86 8
78 95 15
79 87 56
79 92 8
80 85 85
80 87 81
80 92 6
80 95 38
80 98 36
81 92 16
81 97 50
82 83 29
82 91 53
82 92 10
82 94 22
82 98 39
83 84 45
83 86 86
83 98 92
84 97 31
85 87 80
85 97 54
86 89 23
86 91 23
86 92 76
86 95 28
87 91 45
87 95 78
88 89 94
90 99 91
91 94 3
92 96 39
93 94 39
95 96 94
96 99 84
97 99 38
