0 1 43
0 2 2
0 3 65
0 4 83
0 5 86
0 6 89
0 7 51
0 8 78
0 9 9
0 10 2
0 11 99
0 12 71
0 13 63
0 14 33
0 15 93
0 16 37
0 17 97
0 18 22
0 20 65
0 22 82
0 24 6
0 26 5
0 27 2
0 28 35
0 29 45
0 30 25
0 32 5
0 39 81
0 40 12
0 42 98
0 46 32
0 50 98
0 56 21
0 62 47
0 66 39
0 73 92
0 77 49
0 78 83
1 2 30
1 3 2
1 4 76
1 5 97
1 6 11
1 7 55
1 8 18
1 9 91
1 10 98
1 11 33
1 12 81
1 13 41
1 15 31
1 19 84
1 24 34
1 28 5
1 29 82
1 36 87
1 37 45
1 40 87
1 47 95
1 50 60
1 54 86
1 56 43
1 57 19
1 61 63
1 68 83
1 74 13
1 79 97
2 3 54
2 4 69
2 5 39
2 6 93
2 7 34
2 8 58
2 9 26
2 10 36
2 11 60
2 12 18
2 13 36
2 14 44
2 15 23
2 16 41
2 17 88
2 19 73
2 25 82
2 29 90
2 35 50
2 39 49
2 42 88
2 45 38
2 46 17
2 48 14
2 52 22
2 60 81
2 61 26
2 63 98
2 65 72
2 70 71
2 71 86
2 75 5
2 78 67
2 79 65
3 4 53
3 5 96
3 6 91
3 7 58
3 8 80
3 9 63
3 10 5
3 11 78
3 12 89
3 13 95
3 14 45
3 15 34
3 16 49
3 18 5
3 19 49
3 20 44
3 21 92
3 22 9
3 23 41
3 24 37
3 25 81
3 33 66
3 42 13
3 47 49
3 54 34
3 56 67
3 57 62
3 58 14
3 63 59
3 65 13
3 73 87
4 5 61
4 6 67
4 7 21
4 8 72
4 9 98
4 10 73
4 11 91
4 12 9
4 17 11
4 18 30
4 20 61
4 21 88
4 23 71
4 32 44
4 33 33
4 34 68
4 35 85
4 41 32
4 44 66
4 45 1
4 49 72
4 50 87
4 51 42
4 59 60
4 64 35
4 67 30
5 6 56
5 7 94
5 8 45
5 9 22
5 10 13
5 11 5
5 12 7
5 14 80
5 15 46
5 18 95
5 20 43
5 21 32
5 22 91
5 23 89
5 25 57
5 26 53
5 29 93
5 30 82
5 31 95
5 32 21
5 37 56
5 43 55
5 44 71
5 48 54
5 49 20
5 60 86
5 61 5
5 67 97
5 68 75
5 78 97
5 79 74
6 7 86
6 8 78
6 9 12
6 10 65
6 11 60
6 12 43
6 13 76
6 14 23
6 15 20
6 16 55
6 17 80
6 28 13
6 34 31
6 36 65
6 42 32
6 43 52
6 44 63
6 46 94
6 47 76
6 51 28
6 53 100
6 59 82
6 64 31
6 66 72
6 69 85
6 72 32
6 76 68
7 8 11
7 9 48
7 10 28
7 11 55
7 12 80
7 13 96
7 15 69
7 16 2
7 17 36
7 18 36
7 21 28
7 24 54
7 26 90
7 27 27
7 28 98
7 31 12
7 32 52
7 33 73
7 34 52
7 37 34
7 41 99
7 42 90
7 47 59
7 49 42
7 55 76
7 56 65
7 59 23
7 60 54
7 64 84
7 66 62
7 69 17
7 70 77
7 71 31
7 73 83
7 76 32
8 9 27
8 10 81
8 13 49
8 14 98
8 15 12
8 16 6
8 20 46
8 21 96
8 22 13
8 24 25
8 25 91
8 26 52
8 27 3
8 28 19
8 30 44
8 31 32
8 32 47
8 36 74
8 42 69
8 44 47
8 52 31
8 57 52
8 58 40
8 60 80
8 65 64
8 66 19
8 67 52
8 69 44
8 70 74
8 76 58
8 79 96
9 10 4
9 11 3
9 12 59
9 13 16
9 17 29
9 20 92
9 21 59
9 22 44
9 23 43
9 25 12
9 26 74
9 27 4
9 29 37
9 30 76
9 31 76
9 33 70
9 35 64
9 37 60
9 41 40
9 42 12
9 43 81
9 45 24
9 49 6
9 50 47
9 52 77
9 54 92
9 55 21
9 57 35
9 63 55
9 70 17
9 73 23
10 11 82
10 12 99
10 14 11
10 16 58
10 17 71
10 18 96
10 19 47
10 20 72
10 22 9
10 25 46
10 28 9
10 33 9
10 35 31
10 37 3
10 38 79
10 40 7
10 41 13
10 45 72
10 48 33
10 51 92
10 55 58
10 61 24
10 65 51
10 69 87
10 75 80
11 13 37
11 14 90
11 16 77
11 17 7
11 18 68
11 19 91
11 20 75
11 26 51
11 27 18
11 30 13
11 31 17
11 34 91
11 36 95
11 38 51
11 45 58
11 47 71
11 50 82
11 55 36
11 57 70
11 58 15
11 63 17
11 65 14
12 13 30
12 14 60
12 15 75
12 16 1
12 18 71
12 19 37
12 21 46
12 22 22
12 23 77
12 27 52
12 28 26
12 29 74
12 30 68
12 31 9
12 35 55
12 36 62
12 37 65
12 43 98
12 45 47
12 50 81
12 53 13
12 55 78
12 61 18
12 68 61
12 74 14
12 75 75
12 76 29
12 77 96
12 79 62
13 14 3
13 15 42
13 16 16
13 17 41
13 20 75
13 23 1
13 25 48
13 28 2
13 29 95
13 30 11
13 31 29
13 34 100
13 38 70
13 39 24
13 43 97
13 48 93
13 50 82
13 53 72
13 54 91
13 57 77
13 59 48
13 70 39
13 75 25
13 77 93
13 79 58
14 21 16
14 23 38
14 24 39
14 27 61
14 31 41
14 32 86
14 33 38
14 35 40
14 36 61
14 41 58
14 42 94
14 49 20
14 54 16
14 56 27
14 62 7
14 64 88
14 72 89
15 17 99
15 19 57
15 21 58
15 26 98
15 28 45
15 35 64
15 36 63
15 38 38
15 43 59
15 49 80
15 51 86
15 52 98
15 53 73
15 54 67
15 57 41
15 77 58
15 78 22
16 18 79
16 19 34
16 24 13
16 26 93
16 29 50
16 33 51
16 38 15
16 42 63
16 62 80
16 66 54
16 76 67
17 18 74
17 19 50
17 20 49
17 22 86
17 23 10
17 25 10
17 45 75
17 47 66
17 51 77
17 52 52
17 60 14
17 64 70
17 71 56
18 19 88
18 21 25
18 23 24
18 24 62
18 25 62
18 38 69
18 40 75
18 58 89
18 69 15
18 73 26
19 22 42
19 24 34
19 26 18
19 34 52
19 35 38
19 39 60
19 41 10
19 42 87
19 46 97
19 47 78
19 59 54
19 60 3
19 71 14
19 74 98
19 76 24
20 22 69
20 33 89
20 44 61
20 63 56
20 65 66
20 71 55
21 25 13
21 29 53
21 32 24
21 34 10
21 36 54
21 37 68
21 39 8
21 41 63
21 50 8
21 57 61
21 58 16
21 67 22
21 77 23
22 23 35
22 27 28
22 30 28
22 35 34
22 38 62
22 39 10
22 45 76
22 48 47
22 49 14
22 50 96
22 52 29
22 55 42
22 59 93
22 60 15
22 63 62
22 71 55
22 73 30
23 24 8
23 27 44
23 30 77
23 40 89
23 45 45
23 46 63
23 49 44
23 52 95
23 54 91
23 60 82
23 68 50
24 26 27
24 34 34
24 36 94
24 38 98
24 40 2
24 41 5
24 48 34
24 50 10
24 56 38
24 58 97
24 61 66
25 27 13
25 28 1
25 31 100
25 36 56
25 37 96
25 39 48
25 44 46
25 51 77
25 58 83
25 59 40
25 60 80
25 67 90
25 74 29
25 75 39
25 76 45
25 79 94
26 40 26
26 47 40
26 48 39
26 51 28
26 75 1
27 29 57
27 32 45
27 33 7
27 38 62
27 39 11
27 40 84
27 43 39
27 44 97
27 45 83
27 52 38
27 53 6
27 54 24
27 61 74
27 62 72
27 63 11
27 64 26
27 65 94
27 67 3
27 68 90
27 69 57
28 30 5
28 32 80
28 34 23
28 35 76
28 38 25
28 43 5
28 44 72
28 52 18
28 55 13
28 58 33
28 64 1
28 66 53
28 69 36
28 73 27
29 39 87
29 41 29
29 46 14
29 48 21
29 55 97
30 31 100
30 32 49
30 61 93
30 74 34
30 77 65
31 33 55
31 41 58
31 47 35
31 49 88
31 54 3
31 64 8
31 67 91
31 78 22
32 34 14
32 66 5
32 69 2
32 70 91
33 37 46
33 40 65
33 44 97
33 61 33
33 64 2
33 68 91
33 72 11
33 78 67
34 55 48
34 75 46
35 37 12
35 39 92
35 46 82
35 48 77
35 68 16
35 72 11
35 75 77
36 54 33
36 61 91
36 65 95
37 40 55
37 58 8
37 65 89
38 43 9
38 47 14
38 51 93
38 52 95
38 55 59
38 64 50
38 78 38
39 43 28
39 46 51
39 51 74
39 53 45
39 62 95
39 69 20
40 51 19
40 56 69
40 67 35
40 71 4
41 53 90
41 62 31
42 46 29
42 56 2
42 73 20
43 44 54
43 48 23
43 62 35
43 68 80
43 79 98
44 49 76
44 53 37
44 56 49
44 59 44
44 66 88
44 76 16
44 78 65
45 46 90
45 53 57
45 59 71
45 67 25
46 66 59
46 72 91
47 68 47
47 70 99
47 73 64
49 57 16
49 73 86
50 57 96
50 62 25
50 65 39
50 67 94
50 69 77
50 77 84
51 53 95
51 71 28
53 75 8
54 59 74
54 72 19
54 77 9
55 56 29
55 62 32
55 72 75
56 60 89
56 71 50
56 72 39
57 58 71
57 70 49
57 77 67
58 63 31
58 76 50
59 62 30
59 68 87
59 71 85
60 63 17
60 74 18
61 70 64
61 72 63
62 63 6
63 70 93
64 66 76
64 72 42
65 74 68
66 74 75
66 78 58
68 74 12
68 78 100
70 76 37
70 79 18
72 77 78
73 74 73
74 75 78
76 79 65
