0 1 84
0 2 97
0 3 85
0 4 91
0 5 99
0 6 44
0 9 2
0 10 7
0 19 44
0 20 24
0 26 6
0 27 32
1 2 63
1 3 37
1 4 65
1 8 25
1 10 58
1 12 33
1 17 73
1 20 98
2 3 43
2 4 12
2 5 38
2 7 88
2 11 69
2 15 56
2 16 46
2 17 45
2 18 15
2 21 75
2 27 24
3 5 43
3 6 70
3 7 91
3 12 88
3 15 70
3 16 4
3 24 34
3 25 7
4 6 58
4 7 47
4 8 78
4 9 14
4 11 62
4 19 78
4 28 33
5 8 49
5 11 74
5 21 54
6 12 64
6 14 33
6 18 16
6 22 38
6 23 66
6 25 62
7 9 69
7 13 67
7 14 71
7 24 55
7 28 98
8 10 57
8 23 57
8 27 50
10 18 9
10 19 19
11 13 52
11 14 26
11 15 92
11 22 9
11 24 10
12 13 10
12 26 21
13 23 42
13 26 98
13 29 67
14 16 60
14 17 82
14 21 90
14 29 4
15 20 25
16 22 75
19 25 24
20 29 53
21 28 1
