0 1 71
0 2 60
0 3 28
0 4 88
0 5 46
0 6 99
0 7 26
0 8 39
0 9 49
0 10 56
0 11 91
0 13 22
0 14 58
0 16 87
0 17 45
0 18 88
0 21 8
1 2 48
1 3 19
1 4 7
1 5 33
1 6 44
1 7 41
1 8 35
1 9 9
1 10 48
1 11 47
1 12 78
1 13 94
1 14 81
1 17 14
1 18 66
1 20 64
2 3 94
2 4 29
2 5 91
2 6 9
2 7 91
2 8 97
2 9 14
2 10 86
2 11 11
2 12 97
2 14 95
2 15 99
2 17 82
2 18 53
2 19 56
2 22 88
3 4 1
3 5 57
3 6 72
3 7 56
3 8 69
3 9 72
3 10 39
3 11 14
3 12 96
3 13 74
3 15 3
3 16 22
3 19 32
3 20 43
3 21 51
3 22 99
4 5 99
4 6 81
4 7 85
4 8 36
4 9 67
4 10 32
4 11 77
4 12 93
4 13 87
4 14 78
4 15 100
4 16 46
4 17 67
4 18 54
4 20 97
4 21 35
5 6 72
5 7 13
5 8 5
5 9 28
5 10 2
5 12 96
5 13 30
5 14 77
5 15 2
5 16 48
5 18 53
5 19 93
5 20 23
5 22 82
6 7 22
6 8 52
6 9 80
6 10 99
6 11 76
6 12 7
6 13 85
6 14 38
6 15 18
7 8 69
7 9 41
7 10 9
7 11 86
7 12 15
7 14 89
7 15 94
7 16 37
7 20 57
7 21 78
8 9 61
8 10 96
8 11 98
8 12 76
8 16 50
8 17 38
8 18 38
8 19 43
8 22 62
9 10 3
9 11 59
9 12 84
9 13 67
9 14 1
9 15 56
9 17 15
9 19 16
9 21 27
10 11 32
10 13 41
10 14 48
10 15 29
10 16 98
10 17 49
10 18 86
10 19 45
10 20 98
10 21 63
10 22 34
11 12 83
11 13 92
11 15 98
11 16 52
11 17 76
11 18 24
11 21 30
11 22 23
12 13 3
12 14 4
12 15 38
12 17 98
12 22 98
13 16 7
13 18 3
14 19 49
14 21 63
14 22 64
15 16 79
15 18 96
15 19 13
15 20 12
15 21 22
15 22 22
16 17 73
16 19 16
16 20 12
16 22 84
17 19 9
17 20 33
19 20 7
20 21 13
