0 1 94
0 2 26
0 3 46
0 4 68
0 5 2
0 6 66
0 7 31
0 8 2
0 9 87
0 10 88
0 11 98
0 12 59
0 13 15
0 15 93
0 19 63
0 20 49
0 21 87
0 22 85
0 27 15
0 28 73
0 29 53
0 30 73
0 31 93
0 32 4
0 35 72
0 36 90
0 39 29
0 41 13
0 42 22
0 47 85
0 48 52
0 50 28
0 51 55
0 56 43
0 57 95
0 58 67
0 59 63
0 64 7
1 2 8
1 3 38
1 4 88
1 5 54
1 6 32
1 7 58
1 8 75
1 9 36
1 10 20
1 11 32
1 12 13
1 13 40
1 14 55
1 15 46
1 16 84
1 18 78
1 25 49
1 27 39
1 28 31
1 29 64
1 31 72
1 32 81
1 33 48
1 34 65
1 39 59
1 42 45
1 44 5
1 45 48
1 54 91
1 56 57
1 57 47
2 3 6
2 4 50
2 5 46
2 6 67
2 7 36
2 8 8
2 9 73
2 10 90
2 11 47
2 13 76
2 14 92
2 17 77
2 19 77
2 20 37
2 21 61
2 22 23
2 23 35
2 25 20
2 27 62
2 29 77
2 30 80
2 32 4
2 35 34
2 37 43
2 45 50
2 48 42
2 52 97
2 63 48
3 4 69
3 5 37
3 6 3
3 7 28
3 8 99
3 9 4
3 10 8
3 11 89
3 12 2
3 13 60
3 14 58
3 15 32
3 16 23
3 17 22
3 18 8
3 19 67
3 21 13
3 22 77
3 23 34
3 25 8
3 28 59
3 29 55
3 30 90
3 31 14
3 33 67
3 34 7
3 35 63
3 36 88
3 38 71
3 40 69
3 44 76
3 51 80
3 53 74
3 54 88
3 55 30
3 56 60
3 57 93
3 59 79
3 62 73
4 5 19
4 6 73
4 7 26
4 8 29
4 9 81
4 10 83
4 11 68
4 12 8
4 13 62
4 14 88
4 16 72
4 18 51
4 20 98
4 21 21
4 22 83
4 24 57
4 26 93
4 34 1
4 36 74
4 38 39
4 40 65
4 44 11
4 46 97
4 47 26
4 50 31
4 56 18
4 60 22
4 62 91
4 63 95
5 6 18
5 7 28
5 8 18
5 9 95
5 10 19
5 12 87
5 14 31
5 15 73
5 16 48
5 17 82
5 18 69
5 22 69
5 23 23
5 24 63
5 27 67
5 31 100
5 33 19
5 34 18
5 37 81
5 43 98
5 46 88
5 47 85
5 48 72
5 51 77
5 53 64
5 55 67
5 56 96
5 57 76
5 64 81
6 7 71
6 8 27
6 9 9
6 10 48
6 11 97
6 12 35
6 13 81
6 14 54
6 15 96
6 16 21
6 17 72
6 19 64
6 22 45
6 24 94
6 26 32
6 28 20
6 33 45
6 37 73
6 43 51
6 45 41
6 47 7
6 50 49
6 55 53
6 57 8
7 8 37
7 9 95
7 10 38
7 11 89
7 12 40
7 13 63
7 14 28
7 16 47
7 17 92
7 18 89
7 19 41
7 20 27
7 22 45
7 26 14
7 29 30
7 31 12
7 33 13
7 34 85
7 36 2
7 39 51
7 40 31
7 41 28
7 44 9
7 50 21
7 52 42
7 54 61
7 57 59
7 58 36
7 59 5
8 9 21
8 10 1
8 11 57
8 13 84
8 15 82
8 16 59
8 18 7
8 23 97
8 24 91
8 25 63
8 26 8
8 27 55
8 28 13
8 29 45
8 30 58
8 33 48
8 37 42
8 38 47
8 39 65
8 46 100
8 47 61
8 49 30
8 53 75
8 60 32
8 64 46
9 10 3
9 11 12
9 12 17
9 15 90
9 16 28
9 17 57
9 18 100
9 19 66
9 23 27
9 25 66
9 28 78
9 29 65
9 30 56
9 35 40
9 36 17
9 37 56
9 38 85
9 40 29
9 42 41
9 43 95
9 45 92
9 46 79
9 47 3
9 49 87
9 50 34
9 53 15
9 63 20
9 64 7
10 11 85
10 12 32
10 13 26
10 18 54
10 19 55
10 20 89
10 22 62
10 24 68
10 25 45
10 26 45
10 32 96
10 34 62
10 38 36
10 43 46
10 47 92
10 48 61
10 49 77
10 55 71
10 56 37
10 59 35
11 12 15
11 14 65
11 15 49
11 17 27
11 27 13
11 28 79
11 34 28
11 36 12
11 39 29
11 41 74
11 47 27
11 52 31
11 55 2
11 57 66
11 58 60
11 62 43
12 13 60
12 14 1
12 15 51
12 16 46
12 17 57
12 18 19
12 20 54
12 23 27
12 24 39
12 25 12
12 32 75
12 33 32
12 35 36
12 37 52
12 38 62
12 42 60
12 45 61
12 49 73
12 50 78
12 51 38
12 52 15
12 55 59
12 58 71
12 64 78
13 14 44
13 15 27
13 16 14
13 19 58
13 20 95
13 21 88
13 26 19
13 29 67
13 30 40
13 45 28
13 46 93
13 48 46
13 50 43
13 54 27
13 63 46
14 21 67
14 23 44
14 24 36
14 28 33
14 35 76
14 37 33
14 43 11
14 50 41
14 52 67
14 61 57
14 64 11
15 17 4
15 19 30
15 20 51
15 27 53
15 28 53
15 32 95
15 36 3
15 38 10
15 39 56
15 40 98
15 43 89
15 51 77
15 57 66
15 63 12
16 17 43
16 19 33
16 20 19
16 21 4
16 22 87
16 23 66
16 25 56
16 31 79
16 33 16
16 45 49
16 49 3
16 53 83
16 54 34
16 60 50
17 18 5
17 21 87
17 22 39
17 24 87
17 27 36
17 35 45
17 36 71
17 37 54
17 39 88
17 42 9
17 46 41
17 51 21
17 60 2
17 63 95
18 23 5
18 25 89
18 39 74
18 47 20
19 20 14
19 21 22
19 26 98
19 27 87
19 30 2
19 31 50
19 33 46
19 35 36
19 38 58
19 40 91
19 41 74
19 44 97
19 45 68
19 46 79
19 48 87
19 51 20
19 52 44
19 59 97
19 61 80
19 64 82
20 21 14
20 25 84
20 30 36
20 34 12
20 35 32
20 41 91
20 43 27
21 23 41
21 24 78
21 40 63
21 41 2
21 52 16
21 53 27
21 58 30
21 59 37
21 62 53
22 26 36
22 27 38
22 33 65
22 44 92
22 54 88
22 57 97
22 62 47
23 24 63
23 26 78
23 31 99
23 32 94
23 34 48
23 38 96
23 48 50
23 49 91
23 51 45
23 58 93
23 60 39
23 63 93
24 26 48
24 29 22
24 30 83
24 48 59
25 32 42
25 40 71
25 55 64
25 57 56
25 64 49
26 37 80
26 46 47
26 50 13
27 28 10
27 31 83
27 34 22
27 39 76
27 40 40
27 43 82
27 44 32
27 55 65
27 56 18
27 59 62
27 62 79
28 29 79
28 39 29
28 41 55
28 42 51
28 46 5
28 48 80
28 53 56
29 30 8
29 37 72
29 40 6
29 41 62
29 42 67
29 43 3
29 45 98
29 49 19
29 53 47
29 54 84
29 56 4
29 59 100
29 60 46
29 61 29
29 62 95
30 31 96
30 32 85
30 35 69
30 36 37
30 59 16
31 32 20
31 42 35
32 36 21
32 54 84
33 43 17
33 44 87
33 60 2
34 60 79
35 38 86
35 42 55
35 45 25
35 48 31
35 52 73
35 54 27
35 62 16
36 42 6
36 51 59
37 41 35
37 55 21
38 44 74
38 46 41
38 49 32
40 41 42
40 44 53
40 52 81
42 50 24
42 58 57
42 61 59
42 62 60
43 53 44
43 64 46
44 55 1
44 60 9
45 56 19
45 59 42
45 60 62
46 47 75
46 49 27
46 52 23
47 51 36
47 61 29
48 49 80
51 56 93
52 53 81
52 54 59
52 61 47
53 58 36
54 61 10
54 63 87
56 58 84
56 61 47
57 58 71
57 61 39
57 64 4
58 61 7
60 63 47
61 62 31
62 63 75
