0 1 83
0 2 57
0 3 74
0 4 30
0 5 11
0 6 5
0 7 19
0 8 58
0 9 78
0 10 95
0 11 43
0 12 95
0 15 66
0 16 24
0 17 91
0 18 92
0 20 12
0 21 88
0 24 68
0 28 41
0 29 47
0 31 26
0 33 58
0 35 43
0 39 13
0 40 50
0 45 28
0 51 39
1 2 32
1 3 83
1 4 75
1 5 25
1 6 7
1 7 84
1 8 96
1 9 76
1 10 3
1 14 85
1 16 86
1 19 56
1 26 75
1 32 19
1 34 87
1 39 1
1 50 33
1 53 8
2 3 36
2 4 47
2 5 48
2 6 33
2 7 20
2 8 94
2 9 15
2 10 86
2 11 86
2 12 79
2 13 2
2 15 86
2 16 92
2 21 40
2 22 46
2 23 57
2 24 29
2 25 73
2 26 25
2 30 21
2 32 57
2 35 66
2 40 34
2 41 5
2 53 98
2 54 6
3 4 16
3 5 65
3 6 62
3 7 45
3 8 32
3 9 33
3 10 79
3 11 31
3 12 73
3 13 52
3 14 89
3 15 11
3 16 77
3 18 64
3 19 23
3 20 100
3 21 94
3 24 96
3 27 48
3 31 99
3 35 3
3 40 73
3 42 37
3 44 25
3 51 19
4 5 84
4 6 89
4 7 52
4 8 96
4 9 64
4 13 53
4 14 1
4 21 53
4 22 38
4 52 53
4 53 39
5 6 44
5 7 95
5 8 48
5 9 71
5 10 33
5 11 22
5 12 64
5 13 90
5 15 54
5 18 20
5 21 87
5 22 58
5 23 41
5 25 92
5 26 59
5 27 70
5 29 34
5 30 66
5 31 37
5 35 95
5 36 11
5 37 15
5 38 49
5 39 63
5 45 98
5 48 80
6 7 68
6 8 2
6 9 17
6 10 49
6 11 98
6 12 47
6 13 43
6 14 90
6 16 45
6 17 70
6 20 80
6 25 33
6 26 63
6 33 43
6 34 34
6 38 51
6 41 59
6 44 26
6 46 62
7 8 23
7 9 55
7 10 20
7 11 67
7 12 18
7 13 19
7 14 85
7 15 18
7 17 4
7 18 27
7 19 74
7 20 38
7 22 5
7 23 71
7 24 35
7 25 54
7 28 13
7 30 83
7 36 56
7 37 35
7 45 95
7 46 84
7 47 43
7 50 65
7 54 80
8 9 65
8 10 34
8 11 87
8 12 32
8 13 48
8 14 84
8 15 93
8 16 64
8 17 76
8 21 21
8 22 82
8 24 66
8 26 76
8 32 77
8 33 93
8 34 68
8 35 38
8 37 54
8 39 20
8 40 28
8 42 74
8 43 94
8 47 17
9 10 2
9 11 20
9 12 29
9 14 52
9 15 94
9 17 65
9 18 9
9 21 90
9 24 27
9 27 59
9 28 84
9 30 44
9 32 86
9 38 91
9 39 95
9 43 75
9 47 45
9 49 25
9 52 31
10 11 20
10 13 14
10 14 37
10 15 28
10 16 58
10 17 90
10 18 55
10 19 86
10 20 50
10 22 16
10 23 14
10 24 34
10 33 68
10 38 12
10 43 20
10 47 48
10 54 80
11 12 99
11 13 89
11 18 61
11 19 70
11 22 55
11 23 31
11 26 66
11 27 28
11 28 56
11 29 6
11 36 63
11 45 83
11 49 32
11 52 5
12 14 41
12 16 89
12 17 19
12 23 88
12 24 1
12 25 49
12 27 87
12 30 100
12 31 88
12 32 4
12 37 16
12 43 9
12 45 10
12 46 38
12 47 72
12 49 8
12 50 91
12 51 24
12 52 22
13 15 6
13 17 90
13 19 3
13 27 50
13 28 43
13 29 37
13 30 29
13 36 23
13 37 92
13 38 30
13 44 64
13 52 72
13 54 80
14 16 28
14 18 99
14 19 86
14 20 74
14 23 17
14 27 18
14 29 65
14 31 92
14 33 90
14 35 79
14 40 91
14 41 41
14 42 36
14 44 50
14 46 84
14 51 64
14 53 32
15 17 38
15 18 42
15 20 53
15 22 78
15 30 78
15 38 41
16 19 64
16 20 10
16 29 13
16 31 19
16 37 24
16 38 90
16 44 85
16 47 31
16 48 85
17 25 23
17 29 90
17 38 64
17 43 36
18 19 91
18 20 90
18 21 8
18 23 64
18 28 54
18 40 29
18 51 96
19 21 5
19 22 2
19 25 52
19 28 72
19 32 19
19 37 74
19 41 22
19 42 54
19 49 36
19 50 17
20 25 25
20 28 67
20 33 9
20 34 50
20 39 7
20 42 83
20 44 80
20 45 33
20 49 17
20 50 50
20 51 33
20 52 39
21 33 2
21 35 18
21 41 66
21 46 8
21 49 58
21 53 92
22 23 5
22 24 57
22 26 19
22 27 43
22 34 99
22 54 72
23 25 66
23 26 97
23 29 66
23 34 12
23 36 63
23 42 50
23 43 41
23 44 82
23 49 39
23 52 59
23 54 40
24 27 52
24 33 53
24 34 97
24 37 86
24 41 56
24 50 65
24 51 63
25 26 61
25 30 24
25 35 90
25 36 41
25 39 84
25 41 36
25 42 12
25 43 79
25 44 94
26 29 20
26 33 19
27 28 85
27 31 79
27 32 87
27 34 55
27 39 47
27 43 22
27 44 85
27 48 23
28 32 80
28 34 12
28 43 48
28 45 96
28 47 21
28 48 10
28 49 27
29 30 46
29 31 52
29 39 37
29 45 51
29 47 66
29 48 32
29 49 82
29 50 38
29 53 51
30 31 27
30 32 45
30 40 15
30 53 96
30 54 94
31 36 40
31 41 29
31 46 97
31 51 66
32 40 28
33 35 93
33 36 98
33 50 11
34 46 43
34 54 35
35 36 64
35 40 5
35 42 31
35 48 26
36 37 70
36 38 99
36 41 30
36 52 88
37 42 37
37 47 75
37 48 74
38 46 8
38 50 39
39 48 13
39 52 63
41 46 73
41 54 58
42 53 94
44 45 64
44 48 99
44 53 73
47 51 94
