0 1 84
0 2 56
0 3 29
0 4 90
0 5 83
0 6 4
0 7 21
0 8 21
0 9 52
0 10 61
0 11 61
0 16 44
0 18 47
0 21 85
0 23 27
0 24 35
0 31 74
0 42 55
0 43 50
0 50 34
0 52 88
0 54 68
0 55 36
0 59 32
0 68 77
1 2 50
1 3 35
1 4 62
1 5 71
1 6 56
1 7 42
1 8 3
1 9 73
1 10 26
1 11 16
1 12 65
1 13 56
1 14 43
1 15 25
1 16 44
1 17 62
1 18 87
1 19 59
1 20 68
1 25 79
1 27 96
1 32 50
1 34 43
1 39 41
1 41 86
1 42 84
1 46 48
1 48 18
1 50 76
1 52 6
1 54 1
1 61 77
1 62 35
1 67 83
2 3 54
2 4 22
2 5 96
2 6 64
2 7 74
2 8 80
2 9 60
2 11 24
2 12 38
2 13 68
2 15 56
2 21 43
2 25 69
2 26 76
2 29 11
2 30 41
2 37 45
2 39 75
2 41 99
2 44 33
2 45 92
2 51 49
2 52 49
2 56 81
2 63 39
2 64 72
2 67 45
3 4 42
3 5 40
3 6 47
3 7 15
3 8 71
3 9 47
3 10 68
3 12 79
3 15 41
3 17 15
3 19 75
3 20 51
3 21 15
3 23 14
3 27 39
3 28 80
3 29 7
3 32 66
3 34 69
3 36 10
3 37 40
3 41 33
3 42 6
3 51 37
3 53 7
3 56 91
3 65 40
4 5 1
4 6 90
4 7 51
4 8 57
4 9 29
4 10 57
4 11 75
4 12 98
4 13 29
4 14 74
4 16 31
4 19 16
4 22 62
4 25 22
4 29 91
4 30 57
4 31 60
4 34 98
4 35 9
4 40 1
4 47 60
4 48 1
4 50 89
4 56 96
4 57 53
4 69 37
5 6 20
5 7 11
5 8 73
5 9 82
5 11 93
5 13 24
5 14 80
5 17 70
5 24 22
5 27 91
5 30 54
5 31 94
5 32 6
5 38 42
5 41 95
5 42 23
5 50 78
5 59 44
5 66 19
5 68 74
5 69 92
6 7 24
6 8 98
6 9 40
6 10 93
6 12 83
6 14 15
6 16 11
6 17 54
6 19 42
6 24 46
6 25 67
6 27 88
6 28 63
6 32 30
6 38 45
6 48 4
6 52 11
6 53 43
6 55 33
6 57 100
6 60 75
6 63 78
6 67 21
6 68 78
7 8 16
7 9 87
7 10 16
7 11 2
7 12 54
7 13 85
7 14 5
7 16 88
7 17 67
7 18 15
7 19 57
7 20 97
7 22 99
7 23 46
7 25 83
7 26 32
7 28 44
7 31 17
7 35 20
7 40 81
7 42 35
7 44 78
7 46 98
7 49 19
7 50 76
7 59 57
7 62 17
8 10 4
8 11 14
8 12 64
8 13 14
8 14 55
8 15 99
8 17 69
8 18 30
8 19 51
8 21 84
8 33 96
8 37 11
8 38 19
8 44 40
8 49 57
8 51 56
8 54 88
8 58 30
8 64 47
9 10 71
9 11 6
9 12 12
9 13 12
9 20 77
9 23 4
9 24 37
9 27 87
9 29 81
9 30 92
9 31 100
9 35 90
9 37 63
9 46 30
9 58 10
9 62 17
9 68 95
10 17 51
10 20 65
10 21 19
10 22 48
10 24 5
10 27 74
10 29 31
10 34 29
10 45 22
10 60 89
10 68 48
11 13 66
11 14 58
11 15 6
11 18 34
11 19 55
11 25 38
11 36 51
11 47 24
11 48 76
11 50 2
11 57 2
11 60 52
12 14 64
12 15 33
12 16 58
12 19 82
12 20 64
12 21 38
12 22 61
12 23 33
12 30 62
12 34 95
12 37 60
12 43 49
12 49 31
12 51 39
12 55 100
12 58 4
12 60 8
12 65 14
13 15 92
13 18 97
13 24 84
13 27 47
13 40 26
13 65 71
14 15 79
14 16 80
14 17 16
14 18 34
14 23 54
14 25 65
14 26 75
14 29 80
14 31 65
14 33 97
14 36 5
14 40 8
14 43 5
14 48 9
14 49 14
14 51 65
14 54 43
14 63 67
14 69 27
15 16 13
15 18 38
15 22 74
15 23 11
15 26 76
15 27 41
15 28 18
15 30 93
15 32 13
15 33 4
15 36 23
15 42 53
15 43 50
15 44 52
15 49 50
15 50 9
15 55 27
15 58 5
15 59 87
16 20 76
16 21 85
16 22 5
16 23 52
16 24 13
16 26 6
16 37 4
16 39 84
16 48 74
16 51 23
16 53 54
16 57 94
16 59 85
16 61 19
16 65 28
17 28 31
17 29 54
17 33 45
17 39 35
17 45 21
17 52 78
17 53 33
17 55 65
17 61 17
18 22 48
18 26 33
18 30 2
18 33 60
18 36 97
18 53 27
18 65 40
19 20 3
19 21 49
19 22 8
19 28 42
19 32 28
19 33 59
19 35 4
19 37 81
19 43 61
19 44 31
19 47 43
19 48 80
19 54 17
19 59 98
20 34 34
20 36 29
20 38 76
20 39 9
20 40 11
20 44 41
20 45 48
20 46 53
20 47 27
20 61 91
20 62 54
20 68 41
21 25 47
21 35 9
21 39 61
21 46 63
21 52 70
21 54 62
21 61 87
21 63 95
21 65 53
21 69 40
22 33 74
22 37 48
22 38 94
22 44 94
22 46 85
22 48 26
22 55 54
22 66 44
23 24 97
23 26 4
23 28 45
23 30 30
23 32 52
23 34 85
23 35 28
23 39 16
23 40 90
23 41 28
23 42 100
23 43 20
23 58 20
23 60 26
23 64 19
23 66 63
23 67 26
24 26 89
24 35 67
24 65 65
24 66 50
25 28 1
25 31 44
25 33 76
25 44 10
25 52 2
25 55 68
25 61 41
25 63 50
25 66 90
26 31 83
26 32 61
26 43 85
26 45 53
26 54 72
26 56 42
27 53 19
27 67 25
28 29 63
28 36 8
28 41 13
28 55 64
28 56 57
28 63 28
28 65 19
28 67 73
28 68 93
29 40 35
29 49 52
29 53 45
30 34 49
30 35 59
30 60 28
31 41 93
31 47 40
31 56 73
31 61 48
32 38 75
32 43 3
32 46 75
32 64 88
32 68 76
33 40 17
33 42 58
33 67 71
33 69 12
34 59 67
34 64 74
35 36 25
35 62 54
36 38 43
36 39 20
36 41 55
36 47 45
36 57 14
37 38 33
37 51 63
37 64 26
38 49 26
38 50 67
39 60 87
40 45 100
40 46 43
40 47 22
40 52 39
40 69 79
41 45 59
41 54 85
41 58 41
41 66 58
42 53 28
42 59 93
43 62 32
43 69 27
44 45 25
44 64 9
44 69 17
45 47 85
45 49 29
45 57 10
45 63 36
47 56 98
47 60 100
48 51 28
48 61 73
49 56 3
50 64 71
51 57 19
51 58 98
53 57 27
55 58 86
58 66 32
59 62 68
59 63 63
59 66 15
60 62 45
63 67 99
