0 1 11
0 2 12
0 3 11
0 4 14
0 6 19
0 7 11
0 8 10
0 9 12
0 10 13
0 11 11
0 12 20
0 13 12
0 14 12
0 15 17
0 16 12
0 17 13
0 18 12
0 19 16
0 21 18
0 22 16
0 23 20
1 2 18
1 3 16
1 4 11
1 5 11
1 6 11
1 7 19
1 8 11
1 9 12
1 10 20
1 11 10
1 12 18
1 13 19
1 14 14
1 15 13
1 16 12
1 17 14
1 18 18
1 19 18
1 20 13
1 21 10
1 22 19
1 23 19
2 3 16
2 4 20
2 5 18
2 6 20
2 7 12
2 8 15
2 9 16
2 10 16
2 11 16
2 12 13
2 13 15
2 14 10
2 15 15
2 16 12
2 17 11
2 18 17
2 19 18
2 20 17
2 21 19
2 22 14
2 23 15
3 4 18
3 5 10
3 6 10
3 7 11
3 8 18
3 9 18
3 10 14
3 11 16
3 12 19
3 13 18
3 14 12
3 15 12
3 17 20
3 18 13
3 19 14
3 20 17
3 21 15
3 23 12
4 5 17
4 6 17
4 7 19
4 8 16
4 9 16
4 10 12
4 11 17
4 12 16
4 13 20
4 14 12
4 15 17
4 16 15
4 17 19
4 18 19
4 19 18
4 20 10
4 21 18
4 22 20
4 23 19
5 6 15
5 7 20
5 8 17
5 9 10
5 10 17
5 11 16
5 12 13
5 13 10
5 14 14
5 15 11
5 16 19
5 17 16
5 18 20
5 19 17
5 20 16
5 21 12
5 22 19
5 23 16
6 7 20
6 8 10
6 9 20
6 10 12
6 11 17
6 12 17
6 13 20
6 14 13
6 15 18
6 16 10
6 17 20
6 18 14
6 19 16
6 20 15
6 21 13
6 22 14
6 23 10
7 8 17
7 9 10
7 10 18
7 11 17
7 12 12
7 13 13
7 14 16
7 15 16
7 16 12
7 17 19
7 18 12
7 19 19
7 20 20
7 21 14
7 22 11
7 23 17
8 9 17
8 10 13
8 11 16
8 12 11
8 13 12
8 14 10
8 15 14
8 16 20
8 17 17
8 18 15
8 19 18
8 20 14
8 21 15
8 22 20
8 23 11
9 10 10
9 11 15
9 12 20
9 13 19
9 14 14
9 15 17
9 16 12
9 17 20
9 18 16
9 19 11
9 20 11
9 21 12
9 22 18
9 23 10
10 11 20
10 12 15
10 13 19
10 14 10
10 15 10
10 16 13
10 17 19
10 18 17
10 19 18
10 20 14
10 21 14
10 22 11
10 23 12
11 12 19
11 13 14
11 14 17
11 15 19
11 16 15
11 17 20
11 18 10
11 19 11
11 20 13
11 21 19
11 22 16
11 23 12
12 13 14
12 14 16
12 15 11
12 16 11
12 17 20
12 18 14
12 19 17
12 20 11
12 21 10
12 22 20
12 23 18
13 14 17
13 15 19
13 17 18
13 18 13
13 19 11
13 20 12
13 21 10
13 22 20
13 23 13
14 15 18
14 16 14
14 17 12
14 18 14
14 19 20
14 20 17
14 21 18
14 22 17
15 16 18
15 17 15
15 18 16
15 19 12
15 20 16
15 21 11
15 22 14
15 23 17
16 17 14
16 18 17
16 19 18
16 20 11
16 21 10
16 22 15
16 23 20
17 18 12
17 19 14
17 20 14
17 21 14
17 22 14
17 23 10
18 19 20
18 20 19
18 21 20
18 22 12
18 23 13
19 20 18
19 21 12
19 22 10
19 23 17
20 21 13
20 22 13
20 23 15
21 22 14
21 23 10
22 23 16
