0 1 12
0 2 18
0 3 10
0 4 14
0 6 11
0 7 15
0 8 16
0 9 12
0 10 11
0 11 10
0 12 16
0 13 14
0 14 20
0 15 16
0 16 16
0 17 12
0 18 13
0 19 17
0 20 16
0 21 17
1 2 14
1 3 10
1 4 12
1 5 16
1 6 13
1 7 10
1 8 17
1 9 10
1 10 16
1 11 15
1 13 11
1 14 16
1 15 10
1 16 17
1 17 10
1 18 14
1 19 10
1 20 11
1 21 14
2 3 10
2 5 20
2 6 12
2 7 19
2 8 12
2 9 12
2 10 17
2 11 16
2 12 10
2 13 18
2 14 18
2 15 18
2 16 16
2 17 10
2 18 11
2 19 19
2 20 16
2 21 17
3 4 15
3 5 10
3 6 11
3 7 10
3 8 13
3 9 14
3 10 13
3 11 11
3 12 16
3 13 12
3 14 13
3 15 11
3 16 10
3 17 20
3 18 18
3 19 17
3 20 15
3 21 16
4 5 13
4 6 20
4 7 18
4 8 13
4 9 10
4 10 14
4 11 13
4 12 11
4 13 14
4 14 11
4 15 12
4 16 17
4 17 14
4 18 18
4 19 20
4 20 17
4 21 18
5 6 16
5 7 14
5 8 16
5 9 18
5 10 19
5 12 18
5 13 20
5 14 17
5 15 11
5 16 14
5 17 19
5 18 19
5 19 13
5 20 13
5 21 16
6 7 14
6 8 12
6 9 15
6 10 14
6 11 15
6 12 14
6 13 17
6 14 12
6 15 17
6 16 18
6 17 20
6 18 20
6 19 16
6 20 13
6 21 10
7 8 18
7 9 15
7 10 17
7 11 15
7 12 18
7 13 16
7 14 14
7 16 12
7 17 17
7 18 15
7 19 14
7 20 13
7 21 10
8 9 12
8 10 12
8 11 20
8 12 17
8 13 14
8 14 16
8 15 20
8 16 11
8 17 12
8 18 13
8 19 11
8 20 16
8 21 18
9 10 18
9 11 18
9 12 13
9 13 12
9 14 18
9 15 15
9 16 19
9 17 11
9 18 10
9 19 10
9 20 14
9 21 16
10 11 15
10 13 18
10 14 18
10 15 16
10 16 15
10 17 17
10 18 16
10 19 15
10 20 10
10 21 16
11 12 14
11 13 13
11 14 18
11 15 19
11 16 15
11 17 15
11 18 19
11 19 17
11 20 20
11 21 11
12 13 18
12 14 13
12 15 14
12 16 10
12 17 15
12 18 14
12 19 17
12 20 10
12 21 18
13 14 16
13 15 12
13 16 18
13 17 14
13 18 16
13 19 18
13 20 14
13 21 19
14 15 16
14 16 15
14 17 18
14 18 13
14 19 11
14 20 18
14 21 15
15 16 19
15 17 20
15 18 12
15 19 11
15 20 11
15 21 15
16 17 10
16 18 15
16 19 16
16 20 19
17 18 14
17 19 18
17 20 16
17 21 12
18 19 11
18 20 11
18 21 17
19 20 16
19 21 11
20 21 20
