0 1 15
0 2 18
0 3 11
0 4 14
0 5 14
0 6 13
0 7 14
0 8 17
0 9 12
0 10 15
0 11 13
0 12 11
0 13 14
1 2 14
1 3 15
1 4 20
1 5 18
1 6 20
1 7 11
1 8 16
1 9 20
1 10 17
1 11 16
1 12 14
1 13 14
2 4 15
2 5 14
2 6 15
2 7 15
2 8 14
2 9 16
2 10 12
2 11 17
2 12 10
2 13 11
3 4 17
3 5 20
3 6 15
3 7 16
3 8 16
3 9 11
3 10 19
3 11 20
3 12 15
3 13 12
4 5 12
4 6 18
4 7 20
4 8 14
4 9 12
4 10 20
4 11 13
4 12 14
4 13 15
5 6 10
5 7 13
5 8 12
5 9 13
5 10 20
5 11 15
5 12 11
5 13 20
6 7 16
6 8 17
6 10 12
6 11 10
6 12 14
6 13 14
7 8 16
7 9 19
7 10 16
7 11 14
7 12 10
7 13 10
8 9 15
8 10 18
8 11 11
8 12 17
8 13 20
9 10 13
9 11 15
9 12 16
9 13 14
10 11 10
10 12 19
10 13 16
11 12 13
11 13 15
12 13 16
