0 1 12
0 2 11
0 3 15
0 4 20
0 5 16
0 6 15
0 7 13
0 8 14
0 9 13
0 10 13
0 11 12
0 12 15
0 13 10
0 14 10
0 15 18
0 16 12
0 17 11
0 18 13
0 19 14
1 3 19
1 5 20
1 6 12
1 7 12
1 8 20
1 9 14
1 10 16
1 11 11
1 12 11
1 13 12
1 14 11
1 15 17
1 17 10
1 18 19
1 19 11
2 3 16
2 4 10
2 5 10
2 6 15
2 7 11
2 8 17
2 9 20
2 10 13
2 11 11
2 12 19
2 13 10
2 14 12
2 15 12
2 16 13
2 17 13
2 18 16
2 19 11
3 4 15
3 5 12
3 6 19
3 7 18
3 8 19
3 9 10
3 10 12
3 12 19
3 13 19
3 14 10
3 15 13
3 16 13
3 17 11
3 18 14
3 19 17
4 5 20
4 6 18
4 7 13
4 8 13
4 9 13
4 10 13
4 12 13
4 13 11
4 14 20
4 15 16
4 16 12
4 17 13
4 18 15
4 19 20
5 6 20
5 7 19
5 8 17
5 9 17
5 10 19
5 11 18
5 12 12
5 14 13
5 15 10
5 16 11
5 17 16
5 18 16
5 19 17
6 7 12
6 8 16
6 9 16
6 10 17
6 11 18
6 12 13
6 13 12
6 14 14
6 15 12
6 16 16
6 18 14
6 19 11
7 8 12
7 9 17
7 10 19
7 11 11
7 12 12
7 13 17
7 14 15
7 15 18
7 16 10
7 17 11
7 18 13
7 19 17
8 9 19
8 10 12
8 11 19
8 12 12
8 13 12
8 14 19
8 15 19
8 16 15
8 17 19
8 18 13
8 19 18
9 10 12
9 11 14
9 12 19
9 13 12
9 14 14
9 15 11
9 16 12
9 17 12
9 18 18
9 19 12
10 11 18
10 12 14
10 13 15
10 14 10
10 15 11
10 16 14
10 17 20
10 18 11
10 19 20
11 12 11
11 13 15
11 14 19
11 15 17
11 16 14
11 17 19
11 18 20
11 19 12
12 13 13
12 14 10
12 15 19
12 16 11
12 17 19
12 18 16
12 19 18
13 14 19
13 15 16
13 16 11
13 17 15
13 18 19
13 19 10
14 15 15
14 16 13
14 17 14
14 18 10
14 19 19
15 16 15
15 17 13
15 18 20
15 19 11
16 17 16
16 18 12
16 19 15
17 18 12
17 19 17
18 19 15
