0 1 11
0 2 19
0 3 16
0 4 16
0 5 11
0 6 19
0 7 11
0 8 20
0 9 14
0 10 18
0 11 16
0 12 15
0 13 14
0 14 12
0 15 14
0 16 18
0 17 10
1 2 17
1 3 11
1 4 17
1 5 10
1 6 14
1 7 20
1 8 15
1 9 17
1 10 15
1 11 11
1 12 18
1 13 10
1 14 15
1 15 17
1 16 17
1 17 13
2 3 13
2 4 18
2 5 12
2 6 13
2 7 19
2 8 16
2 9 16
2 10 20
2 11 15
2 12 10
2 13 12
2 14 19
2 15 18
2 16 18
3 4 10
3 5 10
3 6 16
3 7 16
3 8 12
3 9 20
3 10 12
3 11 17
3 12 19
3 13 18
3 14 10
3 15 11
3 16 10
3 17 16
4 5 17
4 6 20
4 7 14
4 8 15
4 9 15
4 10 16
4 11 19
4 12 10
4 13 17
4 14 17
4 15 12
4 16 17
4 17 19
5 6 13
5 7 19
5 8 18
5 9 12
5 10 10
5 11 16
5 12 13
5 13 14
5 14 10
5 15 11
5 16 16
5 17 14
6 7 11
6 8 15
6 9 18
6 10 12
6 11 19
6 12 14
6 13 20
6 14 18
6 15 12
6 16 14
6 17 17
7 8 20
7 9 16
7 10 10
7 11 19
7 12 17
7 13 10
7 14 14
7 15 20
7 16 19
7 17 10
8 9 11
8 10 19
8 11 18
8 12 16
8 13 13
8 14 20
8 15 18
8 16 19
8 17 20
9 10 14
9 11 12
9 12 14
9 13 12
9 14 14
9 15 14
9 16 12
9 17 16
10 11 14
10 12 14
10 13 20
10 14 17
10 15 17
10 16 15
10 17 10
11 12 17
11 13 15
11 14 18
11 15 17
11 16 16
11 17 10
12 13 13
12 14 14
12 15 14
12 16 20
12 17 14
13 14 20
13 15 12
13 16 14
13 17 15
14 15 19
14 16 11
14 17 17
15 16 10
15 17 20
16 17 20
