0 1 14
0 2 19
0 3 14
0 4 15
0 5 13
0 6 11
0 7 20
0 8 12
0 9 16
0 10 20
0 11 18
0 12 16
0 13 13
0 14 17
0 15 15
1 2 18
1 3 16
1 4 13
1 5 15
1 6 16
1 7 11
1 8 12
1 9 19
1 10 20
1 11 15
1 12 15
1 13 10
1 14 18
1 15 19
2 3 15
2 4 19
2 5 16
2 6 17
2 7 16
2 8 12
2 9 13
2 10 17
2 11 12
2 12 16
2 13 17
2 14 11
2 15 10
3 4 20
3 5 20
3 6 16
3 7 17
3 8 19
3 9 13
3 10 12
3 11 11
3 12 11
3 13 18
3 14 16
3 15 16
4 5 11
4 6 19
4 7 14
4 8 17
4 9 16
4 10 18
4 11 16
4 12 16
4 13 11
4 14 15
4 15 15
5 6 12
5 7 12
5 8 12
5 9 13
5 10 19
5 11 11
5 12 14
5 13 19
5 14 11
5 15 17
6 7 16
6 8 17
6 9 17
6 10 11
6 11 10
6 12 19
6 13 16
6 14 20
6 15 10
7 8 15
7 9 13
7 10 17
7 12 13
7 13 14
7 14 20
7 15 20
8 9 17
8 10 20
8 11 12
8 12 12
8 13 11
8 14 20
8 15 17
9 10 14
9 11 10
9 12 10
9 13 20
9 14 19
9 15 10
10 11 17
10 12 11
10 14 20
10 15 17
11 12 20
11 14 10
11 15 17
12 13 19
12 14 19
12 15 11
13 14 13
13 15 19
14 15 16
