1 0
2 0
2 1
3 0
3 1
3 2
4 0
4 1
4 2
4 3
5 0
5 1
5 2
5 3
5 4
6 0
6 1
6 2
6 3
6 4
6 5
7 0
7 1
7 2
7 3
7 4
7 5
7 6
8 0
8 1
8 2
8 3
8 4
8 5
8 6
8 7
9 0
9 1
9 2
9 3
9 4
9 5
9 6
9 7
9 8
10 0
10 1
10 2
10 3
10 4
10 5
10 6
10 7
10 8
10 9
11 0
11 1
11 2
11 3
11 4
11 5
11 6
11 7
11 8
11 9
12 1
12 2
12 3
12 4
12 5
12 6
12 7
12 8
12 9
12 10
13 0
13 1
13 2
13 3
13 4
13 5
13 6
13 7
13 9
13 10
14 0
14 1
14 2
14 3
14 4
14 5
14 6
14 7
14 10
14 12
15 0
15 1
15 2
15 3
15 4
15 5
15 6
15 8
15 9
15 10
16 0
16 1
16 2
16 4
16 5
16 6
16 7
16 8
16 9
16 10
17 0
17 1
17 2
17 3
17 4
17 6
17 7
17 8
17 9
17 10
18 0
18 1
18 4
18 5
18 6
18 7
18 8
18 9
18 12
18 17
19 0
19 1
19 2
19 3
19 4
19 6
19 7
19 8
19 9
19 18
20 0
20 1
20 2
20 3
20 4
20 5
20 6
20 7
20 9
20 10
21 1
21 2
21 3
21 4
21 6
21 7
21 8
21 9
21 10
21 12
22 0
22 1
22 2
22 3
22 4
22 5
22 6
22 7
22 8
22 10
23 1
23 2
23 3
23 4
23 6
23 7
23 9
23 10
23 12
23 17
24 0
24 1
24 2
24 3
24 5
24 7
24 8
24 9
24 10
24 17
25 1
25 2
25 4
25 5
25 6
25 7
25 8
25 9
25 10
25 12
26 1
26 2
26 3
26 4
26 6
26 7
26 8
26 10
26 11
26 23
27 0
27 2
27 3
27 4
27 5
27 6
27 7
27 8
27 9
27 22
28 0
28 2
28 5
28 6
28 7
28 9
28 10
28 13
28 17
28 24
29 0
29 1
29 2
29 3
29 4
29 8
29 9
29 13
29 14
29 17
30 0
30 1
30 2
30 5
30 6
30 8
30 9
30 10
30 17
30 24
31 0
31 1
31 3
31 6
31 8
31 9
31 10
31 12
31 19
31 29
32 0
32 2
32 3
32 6
32 7
32 8
32 9
32 10
32 13
32 24
33 0
33 1
33 2
33 4
33 5
33 6
33 7
33 9
33 12
33 21
34 0
34 1
34 2
34 3
34 7
34 9
34 10
34 12
34 17
34 25
35 1
35 2
35 3
35 5
35 6
35 8
35 9
35 10
35 12
35 17
36 1
36 4
36 5
36 6
36 7
36 12
36 13
36 17
36 21
36 23
37 0
37 1
37 2
37 5
37 6
37 9
37 10
37 12
37 17
37 24
38 0
38 1
38 2
38 3
38 6
38 9
38 12
38 17
38 19
38 22
39 0
39 1
39 5
39 6
39 7
39 8
39 9
39 17
39 24
39 38
40 0
40 1
40 2
40 6
40 7
40 9
40 17
40 22
40 24
40 26
41 1
41 2
41 6
41 7
41 8
41 9
41 11
41 13
41 17
41 19
42 0
42 2
42 3
42 4
42 8
42 10
42 17
42 19
42 21
42 30
43 0
43 2
43 3
43 5
43 6
43 7
43 9
43 17
43 23
43 25
44 0
44 2
44 3
44 4
44 5
44 6
44 7
44 9
44 12
44 21
45 0
45 1
45 2
45 4
45 5
45 7
45 9
45 10
45 17
45 24
46 1
46 2
46 5
46 6
46 7
46 9
46 10
46 12
46 17
46 33
47 0
47 1
47 2
47 4
47 5
47 6
47 8
47 10
47 14
47 17
48 0
48 1
48 5
48 7
48 8
48 9
48 12
48 13
48 23
48 31
49 0
49 1
49 2
49 3
49 4
49 6
49 9
49 17
49 19
49 22
50 1
50 2
50 5
50 6
50 7
50 12
50 13
50 14
50 35
50 44
51 1
51 3
51 4
51 6
51 8
51 10
51 12
51 17
51 22
51 24
52 1
52 2
52 3
52 5
52 7
52 12
52 13
52 14
52 17
52 41
53 0
53 1
53 2
53 4
53 5
53 6
53 7
53 8
53 10
53 17
54 0
54 2
54 3
54 4
54 5
54 7
54 9
54 12
54 17
54 24
55 1
55 3
55 4
55 5
55 6
55 8
55 10
55 12
55 17
55 22
56 0
56 1
56 2
56 3
56 5
56 8
56 9
56 10
56 17
56 36
57 1
57 2
57 6
57 7
57 8
57 9
57 10
57 17
57 18
57 22
58 0
58 1
58 2
58 3
58 4
58 7
58 9
58 10
58 17
58 27
59 0
59 1
59 2
59 3
59 4
59 7
59 8
59 11
59 24
59 47
60 1
60 2
60 4
60 7
60 8
60 17
60 23
60 28
60 35
60 37
61 0
61 1
61 3
61 5
61 6
61 8
61 10
61 14
61 20
61 41
62 0
62 2
62 3
62 5
62 7
62 9
62 10
62 12
62 44
62 54
63 2
63 3
63 4
63 5
63 17
63 18
63 26
63 27
63 32
63 48
64 0
64 1
64 2
64 8
64 9
64 10
64 11
64 38
64 41
64 48
65 1
65 2
65 3
65 4
65 6
65 8
65 17
65 22
65 24
65 41
66 0
66 1
66 2
66 3
66 4
66 6
66 7
66 8
66 12
66 35
67 0
67 2
67 6
67 7
67 8
67 10
67 14
67 22
67 23
67 44
68 1
68 2
68 4
68 5
68 6
68 8
68 17
68 21
68 48
68 50
69 0
69 2
69 3
69 6
69 8
69 9
69 12
69 13
69 18
69 41
70 0
70 2
70 3
70 4
70 6
70 7
70 9
70 24
70 28
70 35
71 0
71 1
71 2
71 4
71 5
71 8
71 9
71 10
71 17
71 25
72 0
72 1
72 3
72 8
72 9
72 10
72 27
72 38
72 41
72 71
73 0
73 1
73 2
73 3
73 6
73 7
73 8
73 9
73 17
73 35
74 0
74 1
74 6
74 7
74 8
74 9
74 10
74 22
74 31
74 64
75 0
75 2
75 3
75 7
75 9
75 10
75 12
75 17
75 31
75 70
76 1
76 3
76 4
76 5
76 8
76 9
76 12
76 17
76 23
76 27
77 1
77 2
77 3
77 5
77 6
77 9
77 17
77 20
77 23
77 73
78 2
78 4
78 5
78 7
78 10
78 11
78 17
78 24
78 27
78 54
79 0
79 1
79 3
79 4
79 5
79 7
79 8
79 9
79 14
79 38
80 1
80 2
80 3
80 4
80 6
80 7
80 12
80 17
80 20
80 24
81 0
81 4
81 7
81 8
81 9
81 14
81 28
81 41
81 54
81 77
82 0
82 1
82 2
82 4
82 5
82 6
82 8
82 17
82 51
82 56
83 1
83 2
83 3
83 4
83 10
83 17
83 20
83 32
83 42
83 54
84 0
84 1
84 3
84 4
84 5
84 7
84 9
84 10
84 17
84 24
85 2
85 3
85 4
85 9
85 12
85 13
85 17
85 24
85 57
85 71
86 0
86 1
86 2
86 4
86 6
86 10
86 12
86 29
86 76
86 85
87 4
87 5
87 6
87 8
87 9
87 10
87 17
87 23
87 31
87 56
88 3
88 6
88 9
88 10
88 13
88 22
88 27
88 47
88 50
88 77
89 0
89 2
89 3
89 4
89 5
89 8
89 10
89 11
89 17
89 34
90 0
90 1
90 2
90 3
90 5
90 9
90 10
90 17
90 23
90 38
91 1
91 2
91 4
91 5
91 6
91 7
91 10
91 13
91 19
91 20
92 0
92 3
92 5
92 6
92 10
92 12
92 20
92 23
92 30
92 42
93 0
93 3
93 6
93 7
93 9
93 12
93 17
93 18
93 23
93 27
94 2
94 3
94 4
94 5
94 6
94 8
94 12
94 17
94 22
94 26
95 1
95 2
95 3
95 5
95 6
95 8
95 12
95 23
95 31
95 38
96 0
96 2
96 4
96 5
96 6
96 8
96 17
96 25
96 33
96 38
97 0
97 1
97 3
97 4
97 5
97 6
97 17
97 24
97 37
97 82
98 0
98 1
98 3
98 4
98 6
98 7
98 8
98 17
98 27
98 32
99 0
99 1
99 2
99 3
99 4
99 5
99 7
99 11
99 12
99 62
