1 0
2 0
2 1
3 0
3 1
3 2
4 0
4 1
4 2
4 3
5 0
5 1
5 2
5 3
5 4
6 0
6 1
6 2
6 3
6 4
6 5
7 0
7 1
7 2
7 3
7 4
7 5
7 6
8 0
8 1
8 2
8 3
8 4
8 5
8 6
8 7
9 0
9 1
9 2
9 3
9 4
9 5
9 6
9 7
9 8
10 0
10 1
10 2
10 3
10 4
10 5
10 6
10 7
10 8
11 0
11 1
11 2
11 3
11 4
11 5
11 6
11 7
11 9
12 0
12 1
12 2
12 3
12 4
12 5
12 6
12 8
12 9
13 1
13 2
13 3
13 4
13 5
13 7
13 8
13 9
13 11
14 0
14 1
14 2
14 3
14 5
14 6
14 7
14 9
14 11
15 0
15 1
15 2
15 3
15 4
15 6
15 8
15 9
15 13
16 0
16 1
16 2
16 3
16 4
16 6
16 7
16 8
16 14
17 0
17 1
17 2
17 3
17 6
17 7
17 9
17 14
17 15
18 0
18 2
18 3
18 5
18 6
18 7
18 8
18 11
18 14
19 0
19 1
19 2
19 3
19 4
19 5
19 7
19 8
19 11
20 0
20 1
20 2
20 3
20 4
20 6
20 7
20 8
20 14
21 0
21 1
21 2
21 3
21 5
21 6
21 8
21 9
21 15
22 0
22 1
22 2
22 3
22 4
22 6
22 7
22 11
22 14
