1 0
2 0
2 1
3 0
3 1
3 2
4 0
4 1
4 2
4 3
5 0
5 1
5 2
5 3
5 4
6 0
6 1
6 2
6 3
6 4
6 5
7 0
7 1
7 2
7 3
7 4
7 5
7 6
8 0
8 1
8 2
8 3
8 4
8 5
8 6
8 7
9 0
9 1
9 2
9 3
9 4
9 5
9 6
9 7
9 8
10 0
10 1
10 2
10 3
10 4
10 5
10 6
10 7
10 8
10 9
11 0
11 1
11 2
11 3
11 4
11 5
11 6
11 7
11 8
11 9
12 0
12 1
12 2
12 3
12 4
12 5
12 6
12 7
12 8
12 10
13 0
13 2
13 4
13 5
13 6
13 7
13 8
13 9
13 10
13 11
14 0
14 1
14 3
14 4
14 5
14 6
14 8
14 10
14 11
14 13
15 0
15 1
15 2
15 3
15 4
15 5
15 7
15 8
15 9
15 11
16 0
16 1
16 2
16 3
16 4
16 5
16 6
16 7
16 8
16 12
17 1
17 2
17 3
17 4
17 5
17 6
17 7
17 8
17 9
17 11
18 0
18 1
18 2
18 3
18 4
18 5
18 7
18 8
18 13
18 15
19 0
19 1
19 2
19 3
19 4
19 5
19 6
19 7
19 8
19 9
20 0
20 1
20 3
20 4
20 5
20 6
20 8
20 9
20 10
20 13
21 0
21 1
21 2
21 3
21 4
21 5
21 6
21 7
21 8
21 9
22 0
22 1
22 2
22 3
22 4
22 6
22 7
22 8
22 9
22 13
23 0
23 1
23 2
23 3
23 5
23 6
23 7
23 8
23 14
23 15
24 0
24 1
24 2
24 3
24 4
24 5
24 6
24 7
24 8
24 11
25 0
25 1
25 2
25 3
25 7
25 8
25 9
25 10
25 20
25 22
26 0
26 1
26 2
26 4
26 5
26 6
26 7
26 8
26 10
26 16
27 0
27 1
27 2
27 3
27 4
27 6
27 8
27 10
27 13
27 25
28 0
28 1
28 2
28 3
28 4
28 5
28 6
28 7
28 10
28 20
29 0
29 1
29 3
29 4
29 5
29 6
29 8
29 9
29 10
29 25
30 1
30 2
30 4
30 5
30 6
30 10
30 11
30 16
30 22
30 26
31 0
31 1
31 2
31 3
31 4
31 7
31 8
31 10
31 13
31 25
32 0
32 1
32 4
32 5
32 6
32 8
32 9
32 10
32 18
32 21
33 0
33 1
33 2
33 4
33 5
33 6
33 8
33 9
33 13
33 16
34 0
34 1
34 2
34 3
34 4
34 5
34 6
34 10
34 11
34 13
35 3
35 4
35 5
35 6
35 8
35 9
35 10
35 13
35 25
35 26
36 0
36 1
36 2
36 3
36 4
36 5
36 7
36 8
36 9
36 16
37 0
37 1
37 2
37 3
37 4
37 5
37 6
37 7
37 8
37 16
38 1
38 2
38 4
38 5
38 7
38 8
38 9
38 19
38 26
38 27
39 0
39 1
39 5
39 6
39 7
39 8
39 10
39 11
39 27
39 29
40 0
40 1
40 2
40 3
40 7
40 8
40 9
40 10
40 15
40 25
41 1
41 2
41 3
41 5
41 6
41 7
41 12
41 13
41 19
41 26
42 1
42 2
42 3
42 4
42 5
42 6
42 8
42 9
42 10
42 15
43 0
43 1
43 2
43 3
43 4
43 5
43 6
43 7
43 11
43 26
44 0
44 3
44 4
44 5
44 7
44 8
44 10
44 13
44 22
44 36
45 0
45 1
45 3
45 4
45 6
45 7
45 8
45 9
45 13
45 29
46 0
46 1
46 4
46 5
46 7
46 8
46 9
46 10
46 13
46 20
47 0
47 1
47 2
47 3
47 4
47 5
47 6
47 8
47 9
47 20
48 1
48 2
48 3
48 4
48 5
48 7
48 9
48 13
48 18
48 26
49 0
49 1
49 3
49 4
49 7
49 8
49 11
49 13
49 19
49 27
50 1
50 2
50 3
50 6
50 8
50 10
50 15
50 16
50 17
50 26
51 0
51 1
51 2
51 3
51 4
51 6
51 7
51 8
51 15
51 26
52 1
52 2
52 3
52 4
52 5
52 7
52 8
52 9
52 25
52 26
53 1
53 5
53 6
53 8
53 9
53 10
53 11
53 15
53 19
53 42
54 1
54 2
54 6
54 7
54 9
54 11
54 13
54 15
54 16
54 27
55 1
55 3
55 4
55 5
55 6
55 7
55 8
55 9
55 14
55 16
56 0
56 1
56 2
56 3
56 7
56 8
56 25
56 26
56 43
56 47
57 0
57 1
57 2
57 3
57 4
57 6
57 7
57 8
57 21
57 25
58 0
58 1
58 3
58 4
58 6
58 15
58 16
58 25
58 26
58 51
59 2
59 3
59 4
59 6
59 7
59 10
59 12
59 26
59 31
59 48
60 1
60 2
60 3
60 6
60 7
60 8
60 13
60 14
60 26
60 54
61 0
61 4
61 5
61 7
61 8
61 9
61 12
61 13
61 26
61 27
62 2
62 3
62 4
62 5
62 8
62 9
62 10
62 13
62 22
62 25
63 0
63 2
63 3
63 4
63 5
63 6
63 8
63 9
63 25
63 26
64 0
64 1
64 2
64 4
64 5
64 6
64 7
64 8
64 10
64 21
65 0
65 1
65 3
65 6
65 8
65 9
65 10
65 11
65 15
65 55
66 0
66 1
66 2
66 3
66 4
66 6
66 7
66 9
66 10
66 36
67 0
67 1
67 3
67 4
67 5
67 9
67 10
67 13
67 27
67 31
68 0
68 1
68 2
68 3
68 4
68 9
68 10
68 13
68 15
68 35
69 0
69 1
69 3
69 4
69 5
69 22
69 25
69 27
69 29
69 53
70 0
70 3
70 4
70 5
70 8
70 15
70 19
70 25
70 27
70 28
71 0
71 1
71 4
71 7
71 8
71 9
71 10
71 13
71 20
71 26
72 0
72 3
72 5
72 7
72 10
72 11
72 13
72 16
72 22
72 29
73 0
73 1
73 4
73 5
73 7
73 10
73 13
73 22
73 27
73 66
74 0
74 2
74 3
74 4
74 5
74 6
74 8
74 11
74 14
74 29
75 0
75 3
75 5
75 6
75 7
75 8
75 9
75 11
75 23
75 29
76 0
76 1
76 2
76 3
76 5
76 8
76 12
76 13
76 27
76 29
77 2
77 3
77 4
77 6
77 8
77 12
77 13
77 14
77 53
77 68
78 1
78 3
78 5
78 7
78 8
78 9
78 13
78 19
78 22
78 29
79 0
79 4
79 8
79 9
79 11
79 12
79 16
79 29
79 48
79 52
80 0
80 1
80 3
80 5
80 6
80 8
80 10
80 15
80 31
80 76
81 0
81 1
81 4
81 5
81 6
81 7
81 16
81 22
81 25
81 35
82 0
82 2
82 3
82 4
82 6
82 8
82 9
82 19
82 22
82 27
83 0
83 1
83 2
83 7
83 11
83 22
83 25
83 27
83 47
83 69
84 0
84 1
84 2
84 3
84 6
84 10
84 13
84 16
84 23
84 25
85 0
85 1
85 3
85 5
85 7
85 9
85 11
85 12
85 19
85 26
86 0
86 1
86 2
86 5
86 7
86 9
86 10
86 13
86 15
86 27
87 1
87 2
87 3
87 4
87 8
87 11
87 18
87 22
87 25
87 53
88 0
88 2
88 3
88 5
88 6
88 13
88 15
88 25
88 49
88 83
89 2
89 5
89 7
89 8
89 9
89 15
89 19
89 25
89 27
89 80
