1 0
2 0
2 1
3 0
3 1
3 2
4 0
4 1
4 2
4 3
5 0
5 1
5 2
5 3
5 4
6 0
6 1
6 2
6 3
6 4
6 5
7 0
7 1
7 2
7 3
7 4
7 5
8 0
8 1
8 2
8 3
8 4
8 6
9 0
9 1
9 2
9 3
9 7
9 8
10 0
10 2
10 3
10 4
10 5
10 9
11 0
11 3
11 4
11 5
11 7
11 8
12 0
12 1
12 2
12 3
12 4
12 5
13 0
13 1
13 2
13 4
13 5
13 7
14 2
14 4
14 7
14 8
14 11
14 13
15 0
15 5
15 6
15 7
15 8
15 9
16 0
16 3
16 4
16 5
16 8
16 13
17 0
17 2
17 3
17 4
17 5
17 9
18 1
18 2
18 4
18 6
18 7
18 13
19 0
19 4
19 5
19 9
19 10
19 13
20 0
20 1
20 4
20 5
20 7
20 15
21 0
21 4
21 8
21 9
21 10
21 13
22 1
22 2
22 3
22 4
22 10
22 17
23 1
23 2
23 3
23 4
23 13
23 22
24 0
24 1
24 3
24 5
24 7
24 23
