1 0
2 0
2 1
3 0
3 1
4 0
4 1
5 0
5 3
6 0
6 1
7 0
7 4
8 0
8 4
9 1
9 5
10 0
10 3
11 0
11 5
12 0
12 3
13 1
13 4
14 2
14 11
15 2
15 5
16 11
16 13
17 1
17 14
18 0
18 5
19 0
19 13
20 0
20 1
21 1
21 19
22 0
22 11
23 7
23 13
24 0
24 13
25 4
25 11
26 3
26 5
27 4
27 6
28 1
28 22
29 1
29 4
30 2
30 14
31 1
31 4
32 1
32 31
33 0
33 26
34 0
34 10
35 21
35 29
36 1
36 32
37 0
37 1
38 4
38 31
39 11
39 13
40 3
40 29
41 0
41 2
42 1
42 3
43 1
43 14
44 3
44 18
45 4
45 19
46 1
46 16
47 0
47 6
48 0
48 29
49 10
49 20
50 0
50 11
51 1
51 40
52 3
52 20
53 4
53 11
54 13
54 29
55 3
55 11
56 0
56 11
57 1
57 11
58 2
58 7
59 4
59 19
60 4
60 6
61 3
61 11
62 13
62 58
63 0
63 51
64 0
64 14
