1 0
2 0
2 1
3 0
3 1
4 0
4 2
5 1
5 2
6 1
6 4
7 4
7 5
8 0
8 6
9 4
9 8
10 0
10 4
11 4
11 5
12 3
12 6
13 0
13 2
14 0
14 8
15 5
15 6
16 0
16 1
17 0
17 5
18 0
18 1
19 1
19 16
20 3
20 13
21 5
21 12
22 1
22 12
23 0
23 16
24 3
24 21
25 5
25 16
26 6
26 11
27 13
27 19
28 5
28 22
29 18
29 27
30 0
30 3
31 1
31 5
32 4
32 25
33 1
33 22
34 8
34 13
35 3
35 15
36 2
36 19
37 11
37 28
38 0
38 12
39 1
39 19
40 0
40 1
41 1
41 4
42 3
42 4
43 1
43 35
44 33
44 42
45 0
45 1
46 2
46 28
47 8
47 21
48 18
48 19
49 4
49 18
50 6
50 16
51 4
51 19
52 0
52 21
53 12
53 34
54 17
54 26
55 0
55 18
56 2
56 4
57 0
57 21
58 0
58 4
59 4
59 26
60 1
60 5
61 13
61 19
62 11
62 18
63 0
63 31
64 12
64 28
65 12
65 20
66 13
66 50
67 24
67 26
68 2
68 16
69 1
69 5
70 38
70 50
71 18
71 47
72 62
72 65
73 12
73 18
74 2
74 27
