1 0
2 0
2 1
3 0
3 1
3 2
4 0
4 1
4 2
4 3
5 0
5 1
5 2
5 3
5 4
6 0
6 1
6 2
6 3
6 4
6 5
7 0
7 1
7 2
7 3
7 4
7 5
8 0
8 2
8 3
8 4
8 5
8 7
9 0
9 2
9 4
9 5
9 7
9 8
10 0
10 2
10 3
10 4
10 5
10 6
11 0
11 1
11 2
11 5
11 6
11 7
12 0
12 1
12 2
12 4
12 9
12 10
13 0
13 1
13 2
13 5
13 10
13 12
14 0
14 1
14 2
14 3
14 5
14 9
15 0
15 1
15 4
15 5
15 8
15 10
16 2
16 3
16 5
16 6
16 9
16 12
17 0
17 1
17 2
17 4
17 5
17 7
18 0
18 1
18 2
18 3
18 6
18 7
19 0
19 1
19 3
19 5
19 9
19 15
20 0
20 1
20 2
20 3
20 5
20 6
21 0
21 1
21 2
21 7
21 8
21 10
22 0
22 2
22 3
22 4
22 5
22 6
23 0
23 1
23 5
23 6
23 9
23 16
24 0
24 2
24 5
24 9
24 19
24 22
25 0
25 4
25 5
25 6
25 9
25 13
26 0
26 5
26 7
26 12
26 13
26 22
27 1
27 2
27 5
27 6
27 10
27 19
28 0
28 1
28 2
28 4
28 8
28 19
29 0
29 1
29 4
29 5
29 9
29 21
