1 0
2 0
2 1
3 0
3 1
3 2
4 0
4 1
4 2
4 3
5 0
5 1
5 2
5 3
5 4
6 0
6 1
6 2
6 3
6 4
6 5
7 0
7 1
7 2
7 3
7 4
7 5
7 6
8 0
8 1
8 2
8 3
8 4
8 5
8 6
8 7
9 0
9 1
9 2
9 3
9 4
9 5
9 6
9 7
9 8
10 0
10 1
10 2
10 3
10 4
10 5
10 6
10 7
10 8
10 9
11 0
11 1
11 2
11 3
11 4
11 5
11 6
11 7
11 8
11 9
12 0
12 1
12 2
12 3
12 4
12 5
12 6
12 7
12 8
12 9
13 0
13 1
13 2
13 3
13 4
13 5
13 6
13 8
13 10
13 11
14 0
14 1
14 2
14 3
14 4
14 5
14 6
14 7
14 8
14 11
15 0
15 1
15 2
15 3
15 4
15 5
15 6
15 8
15 9
15 11
16 0
16 1
16 2
16 3
16 4
16 6
16 7
16 8
16 9
16 11
17 0
17 1
17 2
17 3
17 4
17 5
17 6
17 8
17 11
17 12
18 0
18 1
18 2
18 3
18 4
18 5
18 7
18 8
18 9
18 11
19 0
19 1
19 2
19 3
19 4
19 5
19 6
19 7
19 8
19 16
20 0
20 1
20 2
20 3
20 4
20 5
20 6
20 8
20 9
20 12
21 1
21 2
21 3
21 4
21 5
21 6
21 7
21 9
21 11
21 12
22 0
22 1
22 2
22 3
22 5
22 6
22 8
22 9
22 10
22 12
23 0
23 1
23 2
23 3
23 4
23 6
23 7
23 8
23 9
23 11
24 0
24 1
24 2
24 4
24 5
24 6
24 7
24 10
24 11
24 12
25 0
25 1
25 3
25 4
25 7
25 8
25 9
25 10
25 12
25 18
26 0
26 1
26 2
26 3
26 4
26 5
26 7
26 8
26 10
26 11
27 1
27 2
27 3
27 4
27 5
27 6
27 8
27 9
27 12
27 25
28 0
28 1
28 2
28 3
28 4
28 9
28 10
28 11
28 16
28 18
29 0
29 1
29 2
29 3
29 4
29 6
29 7
29 9
29 16
29 25
30 0
30 1
30 3
30 4
30 5
30 8
30 11
30 12
30 16
30 28
31 0
31 1
31 2
31 3
31 4
31 5
31 6
31 8
31 10
31 18
32 0
32 2
32 3
32 5
32 8
32 9
32 10
32 11
32 16
32 29
33 0
33 1
33 3
33 4
33 6
33 7
33 11
33 12
33 22
33 28
34 1
34 2
34 4
34 7
34 8
34 10
34 11
34 12
34 15
34 19
35 0
35 1
35 3
35 4
35 6
35 7
35 8
35 11
35 12
35 15
36 1
36 2
36 3
36 5
36 9
36 10
36 14
36 15
36 17
36 18
37 0
37 1
37 2
37 4
37 5
37 8
37 10
37 12
37 28
37 30
38 0
38 1
38 2
38 4
38 5
38 6
38 11
38 19
38 22
38 26
39 0
39 1
39 2
39 4
39 8
39 9
39 10
39 11
39 12
39 29
40 0
40 1
40 2
40 3
40 4
40 6
40 10
40 12
40 13
40 17
41 0
41 1
41 2
41 4
41 5
41 7
41 8
41 16
41 18
41 25
42 1
42 2
42 4
42 5
42 7
42 9
42 10
42 11
42 25
42 33
43 0
43 2
43 3
43 4
43 5
43 8
43 11
43 12
43 22
43 25
44 0
44 1
44 3
44 6
44 7
44 8
44 11
44 12
44 16
44 29
45 1
45 2
45 3
45 5
45 6
45 7
45 8
45 9
45 11
45 12
46 1
46 2
46 3
46 4
46 7
46 10
46 18
46 26
46 29
46 40
47 2
47 3
47 4
47 6
47 8
47 10
47 11
47 12
47 17
47 38
48 0
48 1
48 2
48 3
48 5
48 9
48 19
48 25
48 28
48 33
49 0
49 1
49 2
49 3
49 4
49 6
49 7
49 8
49 28
49 41
50 0
50 1
50 2
50 3
50 4
50 8
50 9
50 14
50 32
50 41
51 0
51 2
51 3
51 4
51 5
51 6
51 8
51 11
51 29
51 46
52 0
52 1
52 2
52 3
52 4
52 5
52 6
52 10
52 15
52 45
53 1
53 3
53 4
53 5
53 9
53 11
53 12
53 16
53 25
53 45
54 0
54 2
54 3
54 4
54 5
54 6
54 8
54 9
54 11
54 24
55 0
55 2
55 5
55 6
55 7
55 9
55 11
55 12
55 19
55 41
56 0
56 1
56 2
56 6
56 7
56 8
56 11
56 18
56 19
56 25
57 0
57 2
57 3
57 4
57 8
57 9
57 10
57 25
57 32
57 34
58 0
58 1
58 2
58 5
58 6
58 7
58 8
58 9
58 17
58 22
59 0
59 1
59 2
59 4
59 5
59 6
59 8
59 11
59 17
59 23
60 0
60 4
60 5
60 6
60 8
60 9
60 11
60 12
60 17
60 18
61 0
61 1
61 2
61 3
61 6
61 7
61 8
61 11
61 29
61 40
62 1
62 2
62 4
62 5
62 6
62 9
62 18
62 30
62 34
62 55
63 0
63 1
63 2
63 3
63 5
63 7
63 10
63 12
63 30
63 33
64 0
64 1
64 2
64 6
64 8
64 10
64 11
64 13
64 24
64 29
65 0
65 1
65 2
65 3
65 4
65 5
65 19
65 29
65 32
65 45
66 0
66 1
66 2
66 3
66 6
66 8
66 10
66 11
66 12
66 15
67 0
67 1
67 2
67 3
67 5
67 6
67 7
67 12
67 13
67 41
68 2
68 5
68 6
68 7
68 8
68 11
68 12
68 18
68 33
68 49
69 0
69 2
69 3
69 5
69 7
69 8
69 12
69 24
69 25
69 28
70 1
70 2
70 3
70 4
70 5
70 7
70 17
70 25
70 33
70 38
71 0
71 3
71 4
71 5
71 8
71 10
71 12
71 22
71 25
71 40
72 0
72 2
72 3
72 4
72 6
72 8
72 11
72 33
72 34
72 40
73 0
73 3
73 4
73 5
73 6
73 7
73 9
73 12
73 16
73 35
74 1
74 3
74 4
74 5
74 6
74 8
74 9
74 10
74 12
74 18
75 5
75 6
75 8
75 9
75 10
75 11
75 23
75 32
75 54
75 66
76 0
76 1
76 6
76 7
76 8
76 13
76 14
76 22
76 60
76 66
77 0
77 1
77 2
77 3
77 4
77 5
77 11
77 12
77 19
77 25
78 1
78 3
78 4
78 5
78 6
78 16
78 18
78 41
78 47
78 60
79 1
79 2
79 3
79 4
79 5
79 6
79 7
79 12
79 32
79 40
