1 0
2 0
2 1
3 1
3 2
4 1
4 3
5 0
5 4
6 1
6 3
7 0
7 1
8 2
8 7
9 1
9 2
10 2
10 8
11 1
11 2
12 0
12 1
13 7
13 12
14 0
14 3
15 5
15 6
16 1
16 15
17 1
17 12
18 3
18 14
19 1
19 11
20 4
20 10
21 16
21 19
22 11
22 12
23 1
23 3
24 0
24 17
25 2
25 3
26 1
26 14
27 2
27 12
28 2
28 5
29 16
29 28
30 1
30 24
31 0
31 8
32 1
32 12
33 2
33 11
34 1
34 16
35 1
35 8
36 6
36 30
37 5
37 35
38 1
38 30
39 8
39 11
40 0
40 1
41 1
41 4
42 2
42 5
43 2
43 11
44 1
44 4
45 14
45 44
46 2
46 4
47 3
47 8
48 0
48 24
49 0
49 14
50 0
50 1
51 0
51 4
52 2
52 44
53 1
53 2
54 6
54 7
55 2
55 14
56 2
56 34
57 11
57 26
58 12
58 32
59 1
59 16
60 3
60 28
61 0
61 16
62 18
62 30
63 2
63 21
64 4
64 17
65 1
65 17
66 1
66 25
67 3
67 40
68 30
68 46
69 0
69 7
