1 0
2 0
2 1
3 0
3 1
3 2
4 0
4 1
4 2
4 3
5 0
5 1
5 2
5 3
5 4
6 0
6 1
6 2
6 3
6 4
6 5
7 0
7 1
7 2
7 3
7 4
7 5
7 6
8 0
8 1
8 2
8 3
8 4
8 5
8 6
9 0
9 1
9 2
9 3
9 5
9 7
9 8
10 0
10 2
10 3
10 4
10 6
10 7
10 9
11 0
11 1
11 2
11 3
11 4
11 7
11 9
12 0
12 1
12 2
12 3
12 5
12 7
12 9
13 0
13 1
13 2
13 4
13 6
13 9
13 12
14 0
14 3
14 4
14 5
14 6
14 8
14 12
15 0
15 1
15 3
15 5
15 7
15 9
15 12
16 0
16 1
16 2
16 4
16 6
16 9
16 12
17 0
17 1
17 2
17 3
17 7
17 8
17 9
18 0
18 1
18 2
18 3
18 5
18 6
18 15
19 0
19 1
19 2
19 3
19 4
19 9
19 18
20 0
20 3
20 4
20 5
20 7
20 9
20 15
21 0
21 1
21 2
21 3
21 4
21 12
21 14
22 0
22 2
22 3
22 10
22 11
22 12
22 15
23 0
23 1
23 4
23 5
23 6
23 9
23 12
24 0
24 1
24 3
24 5
24 7
24 15
24 19
25 0
25 1
25 3
25 4
25 5
25 9
25 10
26 0
26 2
26 3
26 4
26 5
26 9
26 15
27 0
27 1
27 3
27 5
27 6
27 12
27 15
28 0
28 1
28 2
28 5
28 9
28 12
28 15
29 0
29 1
29 3
29 4
29 7
29 9
29 12
30 0
30 1
30 5
30 6
30 7
30 9
30 12
31 0
31 3
31 4
31 5
31 6
31 9
31 14
32 0
32 1
32 2
32 5
32 6
32 9
32 15
33 0
33 2
33 3
33 4
33 9
33 12
33 31
34 1
34 2
34 3
34 4
34 9
34 12
34 15
35 0
35 1
35 2
35 5
35 12
35 18
35 33
36 1
36 2
36 3
36 4
36 5
36 6
36 15
37 0
37 3
37 4
37 5
37 7
37 9
37 31
38 0
38 1
38 2
38 3
38 5
38 6
38 18
39 0
39 1
39 2
39 3
39 4
39 7
39 24
40 0
40 2
40 3
40 4
40 5
40 9
40 15
41 0
41 1
41 2
41 3
41 4
41 11
41 18
42 0
42 1
42 2
42 5
42 6
42 12
42 15
43 3
43 5
43 6
43 12
43 15
43 18
43 24
44 0
44 2
44 3
44 4
44 5
44 7
44 26
45 1
45 3
45 4
45 5
45 8
45 18
45 43
46 1
46 2
46 3
46 4
46 6
46 12
46 31
47 1
47 2
47 4
47 6
47 12
47 22
47 33
48 0
48 3
48 4
48 7
48 9
48 12
48 18
49 1
49 2
49 4
49 5
49 6
49 12
49 15
50 0
50 1
50 4
50 6
50 15
50 23
50 33
51 0
51 2
51 4
51 5
51 6
51 11
51 15
52 0
52 1
52 3
52 5
52 9
52 18
52 31
53 0
53 1
53 2
53 6
53 18
53 19
53 43
54 4
54 5
54 7
54 11
54 12
54 14
54 39
55 1
55 2
55 3
55 4
55 8
55 11
55 33
56 0
56 1
56 2
56 3
56 4
56 6
56 7
57 0
57 1
57 3
57 4
57 5
57 6
57 7
58 0
58 1
58 5
58 6
58 9
58 11
58 12
59 1
59 3
59 6
59 7
59 10
59 11
59 17
60 0
60 1
60 3
60 5
60 6
60 7
60 8
61 1
61 3
61 4
61 9
61 15
61 17
61 18
62 0
62 1
62 4
62 9
62 11
62 15
62 18
63 0
63 2
63 3
63 4
63 5
63 6
63 9
64 0
64 1
64 4
64 5
64 7
64 8
64 21
65 0
65 2
65 3
65 5
65 7
65 11
65 15
66 0
66 1
66 6
66 9
66 12
66 15
66 17
67 1
67 2
67 3
67 4
67 5
67 7
67 12
68 0
68 1
68 2
68 4
68 5
68 11
68 14
69 0
69 1
69 2
69 5
69 24
69 31
69 58
70 2
70 4
70 14
70 15
70 23
70 32
70 33
71 0
71 1
71 3
71 5
71 9
71 21
71 24
72 1
72 2
72 4
72 5
72 9
72 11
72 18
73 0
73 3
73 4
73 5
73 9
73 25
73 45
74 0
74 1
74 2
74 5
74 7
74 11
74 33
75 2
75 3
75 4
75 6
75 9
75 15
75 18
76 0
76 3
76 5
76 7
76 14
76 24
76 54
77 0
77 3
77 9
77 12
77 15
77 17
77 18
78 0
78 1
78 3
78 5
78 9
78 12
78 18
79 10
79 14
79 18
79 31
79 33
79 54
79 57
80 0
80 2
80 6
80 7
80 8
80 18
80 27
81 1
81 2
81 3
81 4
81 6
81 9
81 31
82 0
82 2
82 3
82 4
82 9
82 11
82 33
83 0
83 1
83 4
83 5
83 8
83 18
83 32
84 1
84 3
84 4
84 5
84 9
84 11
84 12
85 0
85 1
85 2
85 3
85 6
85 7
85 8
86 2
86 3
86 4
86 5
86 8
86 11
86 19
87 0
87 1
87 3
87 4
87 6
87 42
87 55
88 0
88 3
88 4
88 6
88 7
88 9
88 74
89 0
89 4
89 9
89 12
89 29
89 80
89 86
90 1
90 2
90 3
90 18
90 42
90 70
90 79
91 0
91 2
91 6
91 8
91 9
91 26
91 33
92 1
92 5
92 8
92 9
92 15
92 38
92 74
93 0
93 1
93 3
93 4
93 5
93 12
93 33
94 0
94 3
94 4
94 8
94 30
94 56
94 74
