1 0
2 0
2 1
3 0
3 1
3 2
4 0
4 1
4 2
4 3
5 0
5 1
5 2
5 3
5 4
6 0
6 1
6 2
6 3
6 4
6 5
7 0
7 1
7 2
7 3
7 4
7 5
7 6
8 0
8 1
8 2
8 3
8 4
8 5
8 6
8 7
9 0
9 1
9 2
9 3
9 4
9 5
9 7
9 8
10 0
10 1
10 2
10 3
10 4
10 5
10 6
10 9
11 0
11 1
11 2
11 3
11 4
11 5
11 6
11 8
12 0
12 2
12 3
12 4
12 5
12 6
12 8
12 11
13 0
13 1
13 2
13 3
13 4
13 6
13 7
13 8
14 0
14 1
14 2
14 3
14 5
14 6
14 9
14 10
15 0
15 1
15 3
15 4
15 5
15 6
15 8
15 13
16 0
16 1
16 2
16 3
16 4
16 5
16 6
16 7
17 0
17 1
17 2
17 3
17 4
17 7
17 9
17 14
18 0
18 2
18 3
18 4
18 5
18 6
18 8
18 12
19 0
19 1
19 2
19 3
19 4
19 6
19 16
19 18
20 0
20 1
20 2
20 3
20 4
20 5
20 6
20 11
21 0
21 1
21 2
21 4
21 5
21 6
21 7
21 10
22 0
22 1
22 2
22 3
22 5
22 6
22 7
22 18
23 0
23 1
23 2
23 3
23 4
23 6
23 10
23 20
24 0
24 1
24 2
24 4
24 5
24 6
24 8
24 23
25 0
25 1
25 2
25 3
25 4
25 6
25 9
25 23
26 0
26 1
26 2
26 5
26 6
26 7
26 14
26 23
27 0
27 1
27 3
27 4
27 5
27 6
27 7
27 11
28 0
28 1
28 2
28 3
28 5
28 6
28 7
28 23
29 0
29 1
29 2
29 3
29 4
29 5
29 6
29 8
30 0
30 1
30 2
30 3
30 4
30 6
30 7
30 8
31 0
31 1
31 2
31 4
31 5
31 6
31 8
31 10
32 0
32 1
32 2
32 3
32 4
32 5
32 8
32 9
33 0
33 2
33 4
33 6
33 10
33 17
33 29
33 31
34 0
34 2
34 3
34 5
34 7
34 8
34 17
34 27
35 0
35 1
35 2
35 3
35 4
35 5
35 6
35 18
36 0
36 2
36 3
36 6
36 7
36 19
36 22
36 23
37 0
37 1
37 3
37 5
37 6
37 8
37 23
37 35
38 0
38 1
38 2
38 3
38 4
38 8
38 11
38 18
39 2
39 4
39 6
39 8
39 9
39 13
39 27
39 31
40 0
40 1
40 2
40 3
40 5
40 6
40 23
40 32
41 0
41 2
41 3
41 7
41 9
41 11
41 12
41 17
42 0
42 1
42 2
42 3
42 4
42 6
42 7
42 32
43 0
43 2
43 3
43 9
43 16
43 18
43 31
43 38
44 0
44 1
44 2
44 5
44 6
44 11
44 15
44 21
45 0
45 3
45 4
45 5
45 7
45 9
45 22
45 27
46 0
46 1
46 2
46 5
46 6
46 7
46 11
46 32
47 0
47 3
47 4
47 5
47 6
47 9
47 16
47 33
48 0
48 1
48 3
48 6
48 8
48 25
48 30
48 44
49 1
49 2
49 5
49 6
49 8
49 13
49 18
49 20
50 0
50 1
50 4
50 5
50 8
50 16
50 22
50 35
51 1
51 2
51 3
51 8
51 15
51 17
51 21
51 32
52 0
52 1
52 2
52 4
52 5
52 6
52 18
52 42
53 0
53 4
53 5
53 6
53 9
53 14
53 16
53 23
54 0
54 2
54 3
54 4
54 5
54 6
54 37
54 38
