1 0
2 0
2 1
3 0
3 1
3 2
4 0
4 1
4 2
4 3
5 0
5 1
5 2
5 3
5 4
6 0
6 1
6 2
6 3
6 4
7 0
7 1
7 2
7 3
7 4
8 0
8 1
8 3
8 4
8 7
9 0
9 1
9 2
9 3
9 4
10 1
10 2
10 3
10 5
10 7
11 0
11 2
11 3
11 4
11 5
12 0
12 1
12 3
12 4
12 7
13 0
13 1
13 2
13 3
13 4
14 1
14 2
14 3
14 4
14 7
15 0
15 1
15 2
15 3
15 4
16 0
16 1
16 2
16 3
16 7
17 0
17 1
17 2
17 4
17 11
18 1
18 7
18 9
18 13
18 14
19 0
19 7
19 10
19 12
19 17
20 0
20 1
20 2
20 4
20 7
21 0
21 1
21 3
21 4
21 7
22 1
22 2
22 3
22 5
22 7
23 0
23 1
23 4
23 8
23 10
24 1
24 2
24 5
24 7
24 14
25 1
25 8
25 9
25 19
25 22
26 1
26 3
26 4
26 13
26 14
27 1
27 2
27 4
27 15
27 17
28 0
28 1
28 3
28 4
28 10
29 1
29 8
29 13
29 14
29 28
30 0
30 1
30 2
30 3
30 4
31 1
31 2
31 4
31 5
31 7
32 0
32 3
32 5
32 14
32 22
33 1
33 2
33 4
33 5
33 26
34 0
34 2
34 7
34 14
34 22
35 2
35 3
35 5
35 14
35 24
36 3
36 4
36 7
36 10
36 28
37 0
37 1
37 3
37 4
37 35
38 1
38 4
38 7
38 13
38 19
39 2
39 3
39 4
39 10
39 32
40 0
40 1
40 4
40 22
40 31
41 0
41 1
41 2
41 5
41 10
42 1
42 2
42 3
42 13
42 35
43 0
43 7
43 13
43 19
43 26
44 0
44 4
44 10
44 14
44 33
45 0
45 3
45 4
45 20
45 28
46 0
46 7
46 10
46 11
46 22
47 0
47 1
47 7
47 11
47 22
48 1
48 2
48 3
48 14
48 19
49 0
49 2
49 3
49 5
49 8
50 1
50 2
50 3
50 7
50 35
51 0
51 1
51 2
51 3
51 32
52 0
52 1
52 3
52 14
52 36
53 2
53 7
53 11
53 14
53 24
54 1
54 3
54 14
54 24
54 52
55 1
55 2
55 3
55 4
55 36
56 0
56 4
56 8
56 32
56 40
57 0
57 1
57 7
57 20
57 42
58 1
58 3
58 4
58 22
58 23
59 0
59 1
59 3
59 19
59 26
60 0
60 3
60 20
60 23
60 43
61 1
61 7
61 26
61 38
61 41
62 2
62 7
62 14
62 36
62 37
63 0
63 1
63 5
63 22
63 35
64 0
64 2
64 3
64 13
64 20
65 3
65 4
65 7
65 13
65 55
66 0
66 2
66 7
66 13
66 23
67 1
67 5
67 14
67 19
67 21
68 0
68 4
68 13
68 24
68 35
69 0
69 5
69 13
69 19
69 32
70 1
70 3
70 5
70 10
70 14
71 1
71 2
71 3
71 5
71 6
72 0
72 1
72 13
72 28
72 38
73 2
73 3
73 8
73 21
73 57
74 1
74 3
74 5
74 30
74 54
75 2
75 7
75 14
75 15
75 52
76 0
76 3
76 32
76 33
76 57
77 1
77 3
77 10
77 38
77 47
78 0
78 1
78 3
78 8
78 28
79 1
79 3
79 26
79 49
79 71
80 0
80 3
80 4
80 11
80 56
81 0
81 1
81 4
81 7
81 52
82 0
82 2
82 3
82 4
82 52
83 1
83 22
83 26
83 27
83 47
84 1
84 22
84 28
84 38
84 54
