1 0
2 0
2 1
3 0
3 1
3 2
4 0
4 1
4 2
4 3
5 0
5 1
5 2
5 3
5 4
6 0
6 1
6 2
6 3
6 4
6 5
7 0
7 1
7 2
7 3
7 4
7 5
7 6
8 0
8 1
8 2
8 3
8 4
8 5
8 6
8 7
9 0
9 1
9 2
9 3
9 4
9 5
9 6
9 7
10 0
10 3
10 4
10 5
10 6
10 7
10 8
10 9
11 0
11 1
11 2
11 4
11 5
11 6
11 8
11 10
12 0
12 1
12 2
12 3
12 4
12 5
12 7
12 9
13 0
13 1
13 2
13 3
13 4
13 5
13 7
13 11
14 0
14 1
14 2
14 3
14 4
14 5
14 6
14 7
15 0
15 1
15 2
15 3
15 4
15 5
15 6
15 7
16 0
16 1
16 3
16 4
16 5
16 6
16 7
16 10
17 0
17 1
17 2
17 3
17 4
17 6
17 7
17 15
18 0
18 1
18 2
18 3
18 5
18 6
18 8
18 9
19 0
19 2
19 3
19 4
19 6
19 7
19 8
19 11
20 1
20 2
20 4
20 5
20 6
20 7
20 10
20 15
21 0
21 2
21 3
21 4
21 6
21 7
21 10
21 20
22 1
22 2
22 3
22 4
22 6
22 7
22 11
22 14
23 1
23 2
23 3
23 4
23 5
23 6
23 13
23 19
24 0
24 1
24 2
24 4
24 6
24 7
24 15
24 22
25 2
25 3
25 4
25 5
25 7
25 9
25 11
25 22
26 0
26 1
26 4
26 5
26 6
26 9
26 10
26 20
27 0
27 1
27 2
27 3
27 4
27 5
27 6
27 9
28 0
28 1
28 3
28 4
28 9
28 10
28 15
28 25
29 0
29 1
29 2
29 3
29 4
29 6
29 7
29 10
30 2
30 3
30 5
30 6
30 7
30 9
30 17
30 20
31 0
31 1
31 3
31 4
31 6
31 7
31 11
31 13
32 0
32 1
32 2
32 5
32 7
32 10
32 12
32 26
33 0
33 1
33 3
33 5
33 6
33 7
33 10
33 20
