1 0
2 0
2 1
3 0
3 1
3 2
4 0
4 1
4 2
4 3
5 0
5 1
5 2
5 3
5 4
6 0
6 1
6 2
6 3
6 4
7 0
7 1
7 2
7 3
7 4
8 0
8 2
8 3
8 4
8 7
9 0
9 1
9 2
9 3
9 4
10 0
10 1
10 2
10 7
10 8
11 0
11 2
11 3
11 7
11 9
12 1
12 2
12 5
12 7
12 11
13 0
13 1
13 7
13 8
13 9
14 0
14 1
14 3
14 4
14 7
15 1
15 3
15 4
15 8
15 13
16 0
16 1
16 4
16 7
16 14
17 1
17 4
17 7
17 9
17 14
18 0
18 1
18 3
18 7
18 15
19 1
19 2
19 3
19 5
19 13
20 0
20 3
20 4
20 9
20 15
21 0
21 3
21 4
21 7
21 9
22 0
22 1
22 5
22 7
22 8
23 0
23 3
23 4
23 7
23 13
24 0
24 1
24 2
24 7
24 12
25 0
25 3
25 7
25 8
25 22
26 0
26 3
26 7
26 15
26 24
27 0
27 1
27 2
27 4
27 9
28 0
28 1
28 8
28 9
28 14
29 2
29 7
29 9
29 12
29 13
30 0
30 6
30 12
30 14
30 15
31 1
31 2
31 8
31 11
31 21
32 0
32 2
32 3
32 9
32 22
