1 0
2 0
2 1
3 0
3 1
3 2
4 0
4 1
4 2
4 3
5 1
5 2
5 3
5 4
6 0
6 1
6 2
6 5
7 0
7 1
7 2
7 4
8 0
8 2
8 3
8 4
9 0
9 1
9 4
9 7
10 0
10 1
10 2
10 6
11 0
11 2
11 4
11 10
12 0
12 2
12 3
12 6
13 0
13 1
13 6
13 7
14 0
14 3
14 5
14 10
15 0
15 4
15 6
15 14
16 0
16 2
16 3
16 15
17 0
17 3
17 7
17 12
18 0
18 2
18 3
18 7
19 0
19 3
19 7
19 10
20 0
20 2
20 10
20 13
21 2
21 3
21 6
21 15
22 0
22 2
22 5
22 6
23 1
23 5
23 6
23 8
24 0
24 3
24 8
24 10
25 0
25 6
25 10
25 24
26 1
26 2
26 23
26 25
27 2
27 3
27 6
27 10
28 0
28 6
28 7
28 16
