1 0
2 0
2 1
3 0
3 1
3 2
4 0
4 1
4 2
4 3
5 0
5 1
5 2
5 3
5 4
6 0
6 1
6 2
6 3
6 4
6 5
7 0
7 1
7 2
7 3
7 4
7 5
8 0
8 1
8 2
8 3
8 4
8 6
9 0
9 1
9 2
9 4
9 6
9 7
10 0
10 1
10 2
10 3
10 4
10 5
11 0
11 1
11 2
11 3
11 5
11 6
12 0
12 1
12 2
12 3
12 4
12 5
13 2
13 3
13 4
13 5
13 9
13 11
14 2
14 3
14 4
14 5
14 9
14 11
15 0
15 1
15 2
15 3
15 4
15 9
16 0
16 2
16 4
16 7
16 11
16 15
17 0
17 1
17 2
17 3
17 4
17 9
18 2
18 3
18 4
18 5
18 11
18 16
19 0
19 1
19 4
19 5
19 6
19 7
20 0
20 1
20 2
20 3
20 7
20 17
21 0
21 1
21 2
21 6
21 12
21 13
22 0
22 1
22 2
22 3
22 9
22 19
23 0
23 1
23 3
23 6
23 7
23 12
24 1
24 2
24 3
24 6
24 7
24 9
25 0
25 2
25 3
25 4
25 11
25 20
26 0
26 2
26 6
26 9
26 12
26 20
27 1
27 2
27 3
27 4
27 5
27 12
28 3
28 6
28 7
28 9
28 13
28 15
29 0
29 2
29 3
29 4
29 6
29 14
30 0
30 2
30 3
30 5
30 6
30 27
31 0
31 2
31 4
31 9
31 18
31 20
32 0
32 1
32 7
32 16
32 19
32 24
33 1
33 2
33 3
33 4
33 6
33 12
34 0
34 3
34 4
34 5
34 6
34 9
