1 0
2 0
2 1
3 0
3 1
3 2
4 0
4 1
4 2
4 3
5 0
5 2
5 3
5 4
6 0
6 1
6 2
6 4
7 1
7 2
7 3
7 4
8 0
8 3
8 6
8 7
9 0
9 2
9 4
9 7
10 0
10 2
10 3
10 5
11 0
11 1
11 6
11 7
12 0
12 2
12 4
12 7
13 0
13 2
13 4
13 8
14 1
14 2
14 7
14 10
15 0
15 1
15 2
15 4
16 2
16 3
16 4
16 10
17 1
17 2
17 7
17 8
18 0
18 2
18 4
18 7
19 1
19 2
19 7
19 8
20 0
20 2
20 3
20 4
21 1
21 4
21 5
21 7
22 0
22 4
22 17
22 20
23 0
23 1
23 2
23 7
24 1
24 2
24 7
24 11
25 0
25 2
25 3
25 4
26 2
26 3
26 7
26 20
27 1
27 2
27 4
27 7
28 2
28 4
28 14
28 25
29 0
29 2
29 20
29 22
30 2
30 6
30 7
30 23
31 0
31 2
31 5
31 7
32 1
32 3
32 4
32 7
33 3
33 4
33 6
33 8
34 2
34 4
34 7
34 8
35 2
35 3
35 6
35 25
36 1
36 4
36 17
36 18
37 2
37 7
37 14
37 33
38 3
38 7
38 8
38 10
39 4
39 13
39 14
39 33
40 2
40 3
40 4
40 6
41 2
41 4
41 8
41 13
42 0
42 1
42 2
42 3
43 2
43 4
43 7
43 8
44 2
44 6
44 7
44 25
