1 0
2 0
2 1
3 0
3 1
3 2
4 0
4 1
4 3
5 1
5 2
5 3
6 0
6 1
6 2
7 0
7 1
7 3
8 1
8 2
8 3
9 0
9 1
9 2
10 0
10 1
10 2
11 0
11 1
11 2
12 2
12 5
12 9
13 2
13 3
13 10
14 3
14 4
14 7
15 1
15 2
15 9
16 1
16 2
16 4
17 1
17 2
17 5
18 0
18 2
18 8
19 1
19 2
19 4
20 0
20 1
20 9
21 0
21 1
21 16
22 1
22 3
22 9
23 0
23 2
23 3
24 0
24 4
24 10
25 1
25 2
25 18
26 3
26 21
26 25
27 2
27 3
27 10
28 2
28 3
28 4
29 0
29 2
29 3
30 1
30 2
30 3
31 0
31 2
31 16
32 0
32 9
32 20
33 0
33 1
33 29
34 0
34 1
34 2
35 1
35 7
35 16
36 0
36 1
36 25
37 0
37 2
37 3
38 2
38 4
38 9
39 0
39 2
39 3
40 3
40 9
40 29
41 1
41 3
41 16
42 2
42 12
42 35
43 1
43 5
43 22
44 1
44 2
44 3
45 0
45 1
45 4
46 2
46 3
46 4
47 6
47 21
47 36
48 3
48 4
48 9
49 2
49 9
49 46
50 0
50 2
50 9
51 1
51 3
51 7
52 0
52 7
52 33
53 3
53 4
53 7
54 3
54 12
54 31
55 13
55 14
55 29
56 0
56 2
56 30
57 1
57 12
57 55
58 1
58 29
58 32
59 2
59 10
59 58
