1 0
2 0
2 1
3 0
3 1
3 2
4 0
4 1
4 2
4 3
5 0
5 1
5 2
5 3
5 4
6 0
6 1
6 2
6 3
6 4
6 5
7 0
7 1
7 2
7 3
7 4
7 5
7 6
8 0
8 1
8 2
8 3
8 4
8 5
8 6
8 7
9 0
9 1
9 2
9 3
9 4
9 5
9 6
9 7
10 0
10 1
10 2
10 3
10 4
10 5
10 6
10 7
11 0
11 1
11 2
11 3
11 4
11 5
11 6
11 7
12 0
12 1
12 2
12 4
12 5
12 6
12 7
12 9
13 0
13 1
13 2
13 3
13 4
13 5
13 7
13 12
14 1
14 2
14 3
14 4
14 5
14 7
14 9
14 12
15 0
15 1
15 2
15 4
15 5
15 7
15 9
15 12
16 0
16 2
16 3
16 4
16 5
16 6
16 12
16 15
17 0
17 1
17 2
17 3
17 4
17 5
17 7
17 9
18 0
18 1
18 2
18 3
18 4
18 5
18 6
18 13
19 0
19 1
19 2
19 6
19 7
19 8
19 9
19 12
20 0
20 1
20 3
20 4
20 5
20 6
20 15
20 18
21 0
21 1
21 2
21 3
21 4
21 5
21 9
21 13
22 0
22 2
22 3
22 4
22 5
22 6
22 10
22 17
23 1
23 3
23 4
23 5
23 6
23 7
23 8
23 12
24 0
24 1
24 2
24 3
24 4
24 5
24 7
24 9
25 0
25 2
25 3
25 4
25 5
25 7
25 10
25 12
26 0
26 1
26 3
26 4
26 8
26 9
26 15
26 23
27 0
27 2
27 3
27 4
27 5
27 12
27 13
27 19
28 0
28 1
28 2
28 3
28 4
28 6
28 7
28 24
29 0
29 1
29 3
29 4
29 5
29 7
29 9
29 12
30 0
30 1
30 2
30 3
30 4
30 5
30 7
30 28
31 0
31 2
31 3
31 4
31 6
31 7
31 11
31 15
32 0
32 1
32 2
32 3
32 4
32 5
32 6
32 12
33 0
33 2
33 3
33 4
33 5
33 7
33 10
33 12
34 0
34 1
34 3
34 4
34 7
34 9
34 12
34 29
35 2
35 3
35 4
35 5
35 10
35 13
35 25
35 27
36 0
36 1
36 2
36 3
36 5
36 6
36 7
36 12
37 0
37 1
37 2
37 3
37 6
37 9
37 12
37 16
38 1
38 2
38 3
38 7
38 9
38 18
38 33
38 34
39 0
39 1
39 2
39 4
39 5
39 7
39 27
39 29
40 1
40 2
40 3
40 4
40 5
40 9
40 23
40 35
41 0
41 1
41 4
41 6
41 9
41 15
41 16
41 36
42 0
42 1
42 3
42 4
42 5
42 7
42 13
42 34
43 0
43 2
43 3
43 4
43 5
43 7
43 9
43 27
44 1
44 3
44 4
44 9
44 12
44 13
44 15
44 23
45 0
45 1
45 3
45 4
45 5
45 7
45 16
45 17
46 3
46 4
46 5
46 6
46 9
46 12
46 22
46 39
47 0
47 1
47 2
47 3
47 4
47 7
47 12
47 42
48 0
48 1
48 2
48 4
48 5
48 6
48 7
48 9
49 0
49 2
49 3
49 4
49 5
49 16
49 29
49 38
