1 0
2 0
2 1
3 0
3 1
3 2
4 0
4 1
4 2
4 3
5 0
5 1
5 2
5 3
5 4
6 0
6 1
6 2
6 3
6 4
6 5
7 0
7 1
7 2
7 3
7 4
7 6
8 0
8 1
8 2
8 3
8 5
8 6
9 0
9 1
9 2
9 3
9 4
9 5
10 0
10 1
10 2
10 4
10 5
10 6
11 0
11 1
11 3
11 5
11 7
11 8
12 0
12 1
12 2
12 3
12 4
12 7
13 0
13 1
13 2
13 5
13 6
13 7
14 0
14 1
14 3
14 4
14 6
14 11
15 0
15 1
15 2
15 3
15 4
15 5
16 0
16 2
16 3
16 4
16 5
16 8
17 2
17 3
17 4
17 5
17 6
17 9
18 0
18 1
18 2
18 5
18 6
18 7
19 0
19 1
19 2
19 3
19 4
19 16
20 0
20 1
20 4
20 5
20 15
20 16
21 0
21 1
21 2
21 3
21 4
21 5
22 2
22 3
22 5
22 6
22 7
22 11
23 0
23 1
23 2
23 4
23 5
23 20
24 1
24 2
24 3
24 6
24 10
24 17
25 0
25 2
25 4
25 6
25 13
25 16
26 0
26 1
26 3
26 5
26 6
26 10
