1 0
2 0
2 1
3 0
3 1
3 2
4 0
4 1
4 2
4 3
5 0
5 1
5 2
5 3
6 0
6 1
6 2
6 3
7 0
7 1
7 2
7 3
8 0
8 1
8 2
8 7
9 0
9 1
9 3
9 8
10 0
10 2
10 3
10 6
11 0
11 1
11 2
11 6
12 1
12 2
12 3
12 6
13 0
13 1
13 2
13 3
14 0
14 1
14 2
14 11
15 0
15 1
15 2
15 10
16 0
16 1
16 2
16 8
17 0
17 2
17 9
17 11
18 0
18 1
18 2
18 6
19 0
19 1
19 2
19 9
20 0
20 2
20 6
20 11
21 0
21 1
21 2
21 10
22 0
22 1
22 7
22 9
23 0
23 1
23 2
23 9
24 0
24 2
24 10
24 16
25 0
25 1
25 2
25 7
26 0
26 1
26 3
26 4
27 0
27 1
27 3
27 6
28 2
28 3
28 4
28 18
29 0
29 1
29 2
29 16
30 0
30 5
30 6
30 18
31 0
31 2
31 4
31 9
32 0
32 2
32 5
32 20
33 0
33 1
33 3
33 23
34 0
34 1
34 7
34 13
35 0
35 1
35 6
35 26
36 3
36 6
36 9
36 18
37 0
37 2
37 6
37 9
38 0
38 1
38 2
38 10
39 0
39 9
39 11
39 18
