0 35
0 36
0 71
0 89
1 15
2 10
2 18
2 36
4 45
4 69
5 26
5 38
5 61
5 64
6 34
7 84
8 21
8 33
8 47
9 42
10 68
10 74
11 81
12 21
13 92
15 78
15 86
16 23
17 36
17 38
17 48
17 53
18 24
18 38
19 76
19 81
21 27
21 62
21 90
22 46
22 58
22 82
23 75
24 43
24 54
24 66
26 47
26 65
27 39
27 55
27 61
28 55
29 90
30 34
30 36
30 58
30 62
31 32
32 87
33 61
33 65
35 62
35 63
35 76
37 40
37 60
38 39
38 44
38 71
42 48
43 50
44 85
45 52
46 73
48 75
48 87
51 75
51 81
57 81
59 70
61 67
64 79
64 82
65 70
65 88
67 69
68 73
68 82
69 75
72 81
73 78
79 83
82 94
85 92
92 93
