0 26
0 58
1 2
1 43
1 63
2 10
2 65
2 84
3 15
3 46
3 68
4 57
5 19
5 48
5 58
5 83
6 12
7 17
7 78
7 79
8 25
8 32
9 15
10 19
10 34
11 17
11 53
15 21
15 82
16 66
17 31
18 30
18 31
18 53
19 20
19 26
19 28
19 74
20 33
21 33
21 64
22 66
23 46
23 48
23 75
24 36
24 54
24 87
25 42
28 30
31 89
32 49
32 79
32 87
33 71
34 86
35 42
35 72
35 86
35 88
36 52
37 57
37 83
38 54
38 72
38 77
39 50
39 60
39 65
39 73
41 44
41 77
42 56
44 53
45 67
45 72
46 61
49 55
49 79
52 65
52 71
53 88
54 67
56 72
58 62
58 83
60 81
66 88
66 89
68 82
