1 21 55
1 22 45
2 72 28
3 12 86
3 18 12
3 52 20
4 18 68
4 23 61
4 46 60
5 37 78
5 38 26
5 71 71
6 33 88
6 59 33
9 42 21
10 29 41
10 36 41
11 63 9
11 76 74
11 79 87
12 71 92
13 64 17
15 23 18
15 73 69
16 33 42
16 76 92
17 51 31
19 54 89
19 70 4
20 35 23
22 62 96
22 67 1
23 68 4
23 70 77
24 30 6
24 75 45
25 57 85
25 68 69
27 63 40
28 31 17
28 32 72
28 42 27
28 57 85
28 70 93
28 73 37
29 51 39
30 37 68
31 34 11
31 52 35
31 61 90
34 56 3
35 40 66
35 61 71
36 57 23
38 70 84
39 72 86
42 44 73
42 56 59
42 68 79
43 70 56
44 76 27
46 64 80
49 54 99
49 62 66
50 62 69
51 56 84
52 65 51
52 72 33
54 70 75
54 76 65
56 61 72
57 74 60
57 75 56
58 62 1
61 74 22
62 77 38
66 74 51
69 79 56
72 76 5
76 77 23
