0 14 44
0 63 69
0 66 73
1 9 99
1 40 71
1 65 71
2 19 99
2 26 47
2 29 61
2 38 70
3 18 39
3 21 73
4 35 98
6 23 27
6 32 100
6 50 35
8 34 95
10 46 31
11 20 66
11 30 34
11 35 74
11 48 95
11 57 53
12 50 82
13 31 60
13 36 98
14 18 10
14 37 56
14 57 8
15 37 79
15 50 67
16 29 84
18 67 60
19 49 93
19 51 62
20 28 20
21 51 15
22 51 46
24 67 5
25 45 27
26 30 62
26 36 97
26 52 50
26 63 93
27 65 25
28 48 11
28 65 83
31 68 40
32 50 20
32 67 1
33 37 2
33 69 73
34 45 58
34 47 76
35 41 79
36 65 44
39 67 27
44 66 25
45 60 97
45 63 31
46 54 3
46 57 59
47 56 67
48 51 90
48 64 22
50 59 70
50 63 55
50 68 74
53 60 1
54 66 98
