0 35 89
0 36 31
0 71 4
0 89 79
1 15 65
2 10 22
2 18 84
2 36 98
4 45 26
4 69 53
5 26 21
5 38 58
5 61 96
5 64 18
6 34 3
7 84 37
8 21 11
8 33 80
8 47 97
9 42 67
10 68 56
10 74 43
11 81 94
12 21 44
13 92 89
15 78 60
15 86 30
16 23 4
17 36 91
17 38 75
17 48 45
17 53 82
18 24 89
18 38 79
19 76 11
19 81 41
21 27 3
21 62 78
21 90 38
22 46 7
22 58 38
22 82 4
23 75 84
24 43 20
24 54 89
24 66 9
26 47 58
26 65 31
27 39 55
27 55 89
27 61 42
28 55 3
29 90 53
30 34 70
30 36 5
30 58 64
30 62 39
31 32 11
32 87 27
33 61 53
33 65 51
35 62 57
35 63 95
35 76 34
37 40 30
37 60 79
38 39 83
38 44 54
38 71 20
42 48 92
43 50 96
44 85 14
45 52 67
46 73 81
48 75 93
48 87 84
51 75 100
51 81 39
57 81 55
59 70 96
61 67 64
64 79 40
64 82 69
65 70 7
65 88 32
67 69 6
68 73 100
68 82 36
69 75 31
72 81 44
73 78 60
79 83 79
82 94 100
85 92 86
92 93 62
