0 1 85
0 2 66
0 3 90
0 4 94
0 5 14
0 6 6
0 7 51
0 8 44
0 9 49
0 10 4
0 11 30
0 12 89
0 13 36
0 14 35
0 15 64
1 2 85
1 3 41
1 4 23
1 5 43
1 6 19
1 7 53
1 8 31
1 9 44
1 10 36
1 11 32
1 12 50
1 13 45
1 14 31
1 15 87
2 3 67
2 4 94
2 5 84
2 6 73
2 7 67
2 8 61
2 9 82
2 10 71
2 11 30
2 12 76
2 13 48
2 14 53
2 15 63
3 4 80
3 5 95
3 6 25
3 7 69
3 8 17
3 9 48
3 10 92
3 11 54
3 12 68
3 13 69
3 14 83
3 15 80
4 5 47
4 6 35
4 7 78
4 8 97
4 9 6
4 10 36
4 11 90
4 12 9
4 13 33
4 14 77
4 15 10
5 6 63
5 7 3
5 8 31
5 9 21
5 10 64
5 11 1
5 12 38
5 13 7
5 14 28
5 15 13
6 7 41
6 8 19
6 9 7
6 10 21
6 11 71
6 12 20
6 13 87
6 14 81
6 15 46
7 8 87
7 9 12
7 10 55
7 12 16
7 13 81
7 14 96
7 15 91
8 9 61
8 10 86
8 11 80
8 12 44
8 13 36
8 14 99
8 15 79
9 10 1
9 11 5
9 12 19
9 13 3
9 14 64
9 15 13
10 11 69
10 12 6
10 14 2
10 15 9
11 12 1
11 14 42
11 15 99
12 13 11
12 14 99
12 15 48
13 14 93
13 15 57
14 15 80
