0 33 77
0 40 17
0 76 58
1 34 49
1 45 53
2 26 65
2 30 87
2 76 43
3 10 29
3 30 36
3 77 70
4 28 26
4 50 15
6 27 87
6 29 40
6 36 44
6 54 31
6 56 32
6 74 23
7 46 86
8 54 47
9 21 73
9 49 25
10 59 54
10 76 65
11 35 49
11 70 87
12 42 61
12 73 26
12 79 99
13 31 60
14 47 43
14 51 45
14 57 64
14 64 39
15 25 94
15 43 48
16 20 2
16 66 58
16 68 44
17 77 33
18 50 19
18 61 48
18 82 29
19 47 40
20 68 41
21 77 14
22 27 78
22 57 45
23 40 31
24 77 2
24 80 11
24 83 49
25 28 41
29 57 41
30 64 70
31 33 39
31 58 43
32 38 78
33 51 38
36 69 38
39 77 68
41 46 26
43 47 81
44 62 45
45 73 23
45 79 35
47 64 21
47 74 13
49 83 6
51 63 70
51 67 66
51 79 20
52 64 40
53 62 52
53 66 81
56 83 83
58 81 35
59 60 100
59 82 42
60 75 30
62 75 44
63 83 42
63 84 25
67 76 30
