0 10 7
0 11 70
0 22 91
0 30 77
1 3 91
1 6 62
1 12 64
1 16 78
1 23 15
1 31 78
2 4 74
2 5 12
2 22 59
2 28 34
3 28 36
5 23 21
5 25 78
5 27 46
5 29 57
5 30 42
6 7 20
6 11 82
6 28 35
6 29 65
7 16 55
7 18 62
7 30 70
8 9 68
8 16 9
8 19 47
8 28 7
8 29 52
8 30 36
9 26 1
9 32 100
10 14 56
10 15 17
10 17 25
10 28 18
10 29 35
10 33 88
10 34 79
11 17 91
13 18 16
13 22 21
13 26 29
13 27 87
14 18 21
14 19 46
14 27 18
14 34 28
15 17 50
15 28 44
15 29 42
15 33 24
16 25 66
16 26 78
16 29 55
17 33 38
18 31 12
19 23 77
19 24 3
20 22 4
20 23 57
20 29 31
21 29 45
22 30 83
25 32 51
31 33 9
