0 1 20
0 2 53
0 3 13
0 4 31
0 5 5
0 6 75
0 7 86
0 8 75
0 9 43
0 10 64
0 11 25
0 12 88
0 13 64
0 14 96
0 15 13
0 16 35
0 17 5
1 2 2
1 3 79
1 4 71
1 5 5
1 6 84
1 7 11
1 8 94
1 9 37
1 10 99
1 11 71
1 12 62
1 13 91
1 14 100
1 15 83
1 16 69
1 17 12
2 3 56
2 4 18
2 5 50
2 6 58
2 7 88
2 8 22
2 9 8
2 10 99
2 11 13
2 12 62
2 13 12
2 14 43
2 15 72
2 16 13
3 4 79
3 5 81
3 6 46
3 7 77
3 8 22
3 9 98
3 10 9
3 11 11
3 12 40
3 13 19
3 14 31
3 15 16
3 16 37
3 17 46
4 5 30
4 6 63
4 7 93
4 8 54
4 9 57
4 10 28
4 11 39
4 12 82
4 13 30
4 14 47
4 15 13
4 16 84
4 17 69
5 6 81
5 7 43
5 8 96
5 9 25
5 10 15
5 11 3
5 12 57
5 13 95
5 14 48
5 15 73
5 16 27
5 17 10
6 7 35
6 8 37
6 9 55
6 10 4
6 11 31
6 12 56
6 13 89
6 14 40
6 15 59
6 16 59
6 17 37
7 8 59
7 9 44
7 10 17
7 11 27
7 12 82
7 13 55
7 14 76
7 15 92
7 16 1
7 17 100
8 9 54
8 10 100
8 11 20
8 12 20
8 13 56
8 14 65
8 15 41
8 16 90
8 17 27
9 10 42
9 11 37
9 12 13
9 13 15
9 14 26
9 15 68
9 16 21
9 17 5
10 11 84
10 12 50
10 13 70
10 14 93
10 15 53
10 16 77
10 17 81
11 12 31
11 13 81
11 14 63
11 15 52
11 16 78
11 17 80
12 13 73
12 14 73
12 15 45
12 16 76
12 17 88
13 14 45
13 15 63
13 16 46
13 17 63
14 15 99
14 16 41
14 17 54
15 16 99
15 17 63
16 17 71
