0 23 64
1 40 52
1 49 65
1 50 93
3 15 23
3 31 65
3 55 97
5 27 65
5 39 51
5 45 5
5 47 36
6 41 3
7 11 77
7 37 75
7 50 7
8 30 86
8 40 41
8 54 42
8 56 53
9 12 57
9 30 48
10 15 43
10 52 20
11 51 63
13 17 70
15 52 85
16 51 63
17 28 10
17 36 84
19 24 5
19 39 48
19 45 19
20 27 68
20 31 83
21 27 46
23 36 54
26 32 15
27 42 9
27 50 74
29 47 33
31 44 25
31 49 30
32 34 36
33 39 4
36 48 13
37 47 48
37 48 6
37 52 38
40 46 60
40 54 32
40 57 98
40 59 61
41 53 18
42 45 43
45 51 43
45 55 15
47 54 72
49 57 15
55 58 4
57 59 92
