0 1 94
0 2 60
0 3 78
0 4 28
0 5 90
0 6 40
0 7 60
0 8 41
0 9 67
0 10 24
0 11 6
0 12 23
0 13 9
1 2 82
1 3 41
1 4 50
1 5 19
1 6 49
1 7 1
1 8 24
1 9 27
1 10 77
1 11 44
1 12 29
1 13 98
2 4 65
2 5 98
2 6 51
2 7 11
2 8 81
2 9 87
2 10 2
2 11 100
2 12 100
2 13 90
3 4 1
3 5 48
3 6 76
3 7 63
3 8 75
3 9 85
3 10 37
3 11 89
3 12 57
3 13 96
4 5 34
4 6 47
4 7 45
4 8 58
4 9 41
4 10 71
4 11 84
4 12 32
4 13 94
5 6 41
5 7 73
5 8 3
5 9 58
5 10 26
5 11 30
5 12 68
5 13 8
6 7 45
6 8 94
6 10 40
6 11 53
6 12 79
6 13 69
7 8 89
7 9 69
7 10 3
7 11 90
7 12 61
7 13 78
8 9 87
8 10 99
8 11 51
8 12 39
8 13 50
9 10 47
9 11 48
9 12 66
9 13 66
10 11 16
10 12 7
10 13 42
11 12 34
11 13 73
12 13 64
