2 3 16
2 28 87
3 45 48
3 70 17
4 36 10
4 48 36
4 63 26
6 10 59
6 35 50
6 69 17
7 34 7
8 45 65
8 58 93
9 59 14
9 68 19
9 71 66
10 30 66
10 46 70
10 48 69
10 61 87
12 19 92
12 20 49
12 53 32
13 32 63
15 67 56
16 26 68
16 34 59
16 42 16
17 59 64
17 61 56
18 43 35
19 30 68
20 56 54
20 66 86
21 32 20
21 44 44
21 48 59
22 31 30
22 64 34
23 39 63
23 52 5
23 65 62
24 44 20
25 68 77
26 53 46
27 44 23
28 29 1
28 30 28
28 62 14
29 45 35
29 68 52
31 37 88
32 45 98
32 67 50
32 71 18
37 50 97
38 54 44
41 44 59
42 69 36
45 49 14
47 67 21
51 55 12
51 60 81
54 58 4
54 60 63
54 71 13
55 58 76
55 59 50
56 65 55
57 74 75
58 69 66
62 66 52
67 72 40
68 70 64
71 72 56
