0 1 72
0 2 58
0 3 51
0 4 16
0 5 48
0 6 16
0 7 100
0 8 62
0 9 43
0 10 38
0 11 18
0 12 86
0 13 87
0 14 92
0 15 37
0 16 27
0 17 79
0 18 79
0 19 71
1 3 16
1 5 9
1 6 34
1 7 16
1 8 99
1 9 42
1 10 95
1 11 71
1 12 17
1 13 49
1 14 58
1 15 57
1 17 30
1 18 75
1 19 65
2 3 50
2 4 32
2 5 65
2 6 34
2 7 56
2 8 22
2 9 25
2 10 18
2 11 57
2 12 29
2 13 29
2 14 22
2 15 33
2 16 41
2 17 64
2 18 34
2 19 78
3 4 78
3 5 24
3 6 37
3 7 8
3 8 8
3 9 20
3 10 95
3 12 19
3 13 69
3 14 36
3 15 90
3 16 84
3 17 57
3 18 43
3 19 61
4 5 76
4 6 53
4 7 86
4 8 40
4 9 9
4 10 77
4 12 63
4 13 2
4 14 43
4 15 7
4 16 6
4 17 73
4 18 63
4 19 25
5 6 67
5 7 58
5 8 22
5 9 3
5 10 55
5 11 25
5 12 71
5 14 89
5 15 38
5 16 23
5 17 3
5 18 61
5 19 11
6 7 20
6 8 63
6 9 27
6 10 81
6 11 74
6 12 48
6 13 96
6 14 25
6 15 17
6 16 95
6 18 100
6 19 43
7 8 91
7 9 5
7 10 17
7 11 61
7 12 86
7 13 46
7 14 61
7 15 25
7 16 12
7 17 38
7 18 86
7 19 16
8 9 71
8 10 84
8 11 84
8 12 60
8 13 86
8 14 42
8 15 31
8 16 46
8 17 16
8 18 72
8 19 2
9 10 35
9 11 6
9 12 89
9 13 57
9 14 31
9 15 29
9 16 98
9 17 25
9 18 27
9 19 68
10 11 43
10 12 61
10 13 15
10 14 16
10 15 14
10 16 82
10 17 20
10 18 33
10 19 61
11 12 90
11 13 52
11 14 26
11 15 39
11 16 36
11 17 44
11 18 94
11 19 96
12 13 89
12 14 95
12 15 42
12 16 29
12 17 9
12 18 15
12 19 14
13 14 49
13 15 89
13 16 37
13 17 55
13 18 2
13 19 60
14 15 100
14 16 33
14 17 13
14 18 93
14 19 70
15 16 73
15 17 7
15 18 10
15 19 75
16 17 89
16 18 47
16 19 26
17 18 93
17 19 27
18 19 53
