0 26 80
0 58 90
1 2 68
1 43 44
1 63 23
2 10 77
2 65 87
2 84 26
3 15 32
3 46 39
3 68 81
4 57 14
5 19 4
5 48 69
5 58 56
5 83 34
6 12 39
7 17 32
7 78 33
7 79 21
8 25 99
8 32 33
9 15 15
10 19 42
10 34 40
11 17 7
11 53 35
15 21 98
15 82 21
16 66 78
17 31 75
18 30 92
18 31 79
18 53 11
19 20 65
19 26 30
19 28 13
19 74 77
20 33 40
21 33 4
21 64 56
22 66 5
23 46 64
23 48 45
23 75 10
24 36 80
24 54 6
24 87 8
25 42 26
28 30 7
31 89 45
32 49 96
32 79 84
32 87 100
33 71 65
34 86 30
35 42 33
35 72 91
35 86 64
35 88 69
36 52 48
37 57 84
37 83 95
38 54 69
38 72 15
38 77 89
39 50 14
39 60 94
39 65 75
39 73 27
41 44 73
41 77 95
42 56 68
44 53 73
45 67 7
45 72 43
46 61 89
49 55 67
49 79 28
52 65 95
52 71 87
53 88 21
54 67 8
56 72 71
58 62 80
58 83 28
60 81 98
66 88 13
66 89 31
68 82 31
