0 1 71
0 2 65
0 3 35
0 4 48
0 6 90
0 7 39
0 8 92
0 9 88
0 10 86
0 11 20
0 12 37
0 13 62
0 14 65
0 15 20
0 16 29
0 17 100
0 18 41
0 19 47
0 20 92
0 21 65
1 2 32
1 3 64
1 4 84
1 5 52
1 6 32
1 7 64
1 8 64
1 9 17
1 10 21
1 11 4
1 13 82
1 14 2
1 15 8
1 16 44
1 17 71
1 18 43
1 19 71
1 20 48
1 21 24
2 3 92
2 5 98
2 6 74
2 7 88
2 8 64
2 9 39
2 10 87
2 11 66
2 12 100
2 13 100
2 14 62
2 15 35
2 16 43
2 17 42
2 18 2
2 19 44
2 20 40
2 21 34
3 4 85
3 5 9
3 6 56
3 7 38
3 8 100
3 9 6
3 10 89
3 11 78
3 12 28
3 13 45
3 14 29
3 15 56
3 16 36
3 17 33
3 18 72
3 19 71
3 20 30
3 21 52
4 5 86
4 6 38
4 7 3
4 8 89
4 9 25
4 10 79
4 11 18
4 12 23
4 13 47
4 14 42
4 15 59
4 16 24
4 17 31
4 18 86
4 19 96
4 20 14
4 21 55
5 6 10
5 7 92
5 8 67
5 9 46
5 10 98
5 12 49
5 13 50
5 14 18
5 15 43
5 16 53
5 17 83
5 18 64
5 19 3
5 20 40
5 21 19
6 7 98
6 8 99
6 9 15
6 10 82
6 11 91
6 12 5
6 13 59
6 14 94
6 15 8
6 16 36
6 17 44
6 18 51
6 19 41
6 20 37
6 21 18
7 8 63
7 9 38
7 10 24
7 11 2
7 12 64
7 13 65
7 14 42
7 16 84
7 17 66
7 18 60
7 19 92
7 20 65
7 21 39
8 9 39
8 10 53
8 11 25
8 12 7
8 13 91
8 14 61
8 15 58
8 16 30
8 17 89
8 18 20
8 19 48
8 20 19
8 21 82
9 10 60
9 11 92
9 12 30
9 13 59
9 14 35
9 15 36
9 16 92
9 17 59
9 18 6
9 19 83
9 20 34
9 21 79
10 11 15
10 13 94
10 14 17
10 15 46
10 16 38
10 17 79
10 18 18
10 19 11
10 20 74
10 21 26
11 12 2
11 13 55
11 14 31
11 15 49
11 16 60
11 17 7
11 18 46
11 19 41
11 20 52
11 21 98
12 13 66
12 14 29
12 15 79
12 16 54
12 17 61
12 18 56
12 19 54
12 20 8
12 21 64
13 14 83
13 15 33
13 16 15
13 17 24
13 18 36
13 19 84
13 20 97
13 21 73
14 15 80
14 16 99
14 17 98
14 18 24
14 19 44
14 20 55
14 21 73
15 16 96
15 17 94
15 18 10
15 19 9
15 20 55
15 21 77
16 17 53
16 18 100
16 19 14
16 20 52
17 18 70
17 19 2
17 20 18
17 21 1
18 19 7
18 20 57
18 21 22
19 20 75
19 21 23
20 21 66
