1 6 96
1 28 77
1 52 3
1 58 7
2 13 76
2 37 52
2 42 79
2 47 53
5 14 32
5 59 30
5 61 73
6 50 84
7 25 34
7 39 79
8 30 89
8 34 81
9 31 88
10 60 20
10 63 38
11 21 2
11 32 95
11 41 42
12 33 21
12 62 94
15 21 10
15 25 35
15 43 86
16 48 76
19 55 51
19 60 14
24 26 79
24 29 34
24 41 7
25 27 66
25 35 37
25 62 16
25 64 83
26 56 63
26 64 43
27 53 92
27 63 52
28 34 48
28 47 51
29 32 39
29 50 48
30 35 45
30 60 38
31 52 75
31 59 67
31 60 97
34 53 44
34 54 7
35 41 100
36 47 57
39 49 37
41 44 75
43 58 87
43 62 94
44 47 86
47 60 8
48 53 19
49 50 99
49 55 28
53 59 32
57 59 57
