0 1 71
0 2 76
0 3 61
0 4 95
0 6 9
0 7 12
0 8 98
0 9 9
0 10 29
0 11 81
0 12 100
0 13 33
0 14 46
0 15 99
0 16 52
0 17 94
0 18 69
0 19 26
0 21 32
0 22 96
0 23 21
1 2 62
1 3 34
1 4 97
1 5 68
1 6 57
1 7 76
1 8 72
1 9 25
1 10 8
1 11 86
1 12 23
1 13 75
1 14 36
1 15 22
1 16 85
1 17 51
1 18 37
1 19 12
1 20 35
1 21 35
1 22 93
1 23 98
2 3 98
2 4 24
2 5 90
2 6 84
2 7 40
2 8 48
2 9 92
2 10 28
2 11 86
2 12 38
2 13 13
2 14 38
2 15 36
2 16 4
2 17 28
2 18 88
2 19 97
2 20 76
2 21 51
2 22 73
2 23 82
3 4 58
3 5 78
3 6 11
3 7 47
3 8 43
3 9 75
3 10 6
3 11 45
3 12 81
3 13 6
3 14 49
3 15 100
3 17 13
3 18 33
3 19 4
3 20 30
3 21 76
3 23 50
4 5 83
4 6 38
4 7 37
4 8 46
4 9 53
4 10 29
4 11 59
4 12 1
4 13 41
4 14 47
4 15 9
4 16 90
4 17 23
4 18 82
4 19 47
4 20 48
4 21 90
4 22 36
4 23 31
5 6 33
5 7 78
5 8 96
5 9 27
5 10 28
5 11 24
5 12 54
5 13 46
5 14 1
5 15 64
5 16 99
5 17 77
5 18 15
5 19 73
5 20 79
5 21 7
5 22 52
5 23 86
6 7 61
6 8 97
6 9 87
6 10 82
6 11 13
6 12 100
6 13 31
6 14 89
6 15 46
6 16 21
6 17 13
6 18 9
6 19 96
6 20 72
6 21 62
6 22 93
6 23 10
7 8 13
7 9 25
7 10 13
7 11 51
7 12 6
7 13 32
7 14 17
7 15 17
7 16 3
7 17 84
7 18 83
7 19 86
7 20 18
7 21 1
7 22 54
7 23 46
8 9 69
8 10 3
8 11 93
8 12 93
8 13 44
8 14 82
8 15 1
8 16 2
8 17 23
8 18 14
8 19 23
8 20 67
8 21 5
8 22 85
8 23 94
9 10 79
9 11 32
9 12 49
9 13 35
9 14 26
9 15 87
9 16 90
9 17 97
9 18 49
9 19 90
9 20 60
9 21 75
9 22 15
9 23 5
10 11 55
10 12 79
10 13 76
10 14 89
10 15 39
10 16 29
10 17 27
10 18 33
10 19 2
10 20 51
10 21 16
10 22 67
10 23 1
11 12 35
11 13 51
11 14 68
11 15 7
11 16 38
11 17 62
11 18 32
11 19 75
11 20 19
11 21 84
11 22 33
11 23 29
12 13 65
12 14 36
12 15 78
12 16 2
12 17 28
12 18 2
12 19 17
12 20 38
12 21 100
12 22 80
12 23 42
13 14 18
13 15 68
13 17 73
13 18 100
13 19 12
13 20 62
13 21 43
13 22 3
13 23 44
14 15 81
14 16 79
14 17 85
14 18 76
14 19 49
14 20 99
14 21 35
14 22 21
15 16 43
15 17 91
15 18 19
15 19 49
15 20 14
15 21 47
15 22 32
15 23 38
16 17 29
16 18 22
16 19 45
16 20 5
16 21 66
16 22 7
16 23 85
17 18 75
17 19 50
17 20 37
17 21 60
17 22 34
17 23 42
18 19 29
18 20 44
18 21 58
18 22 46
18 23 15
19 20 63
19 21 25
19 22 74
19 23 5
20 21 79
20 22 66
20 23 90
21 22 26
21 23 47
22 23 16
