0 5
0 33
0 87
3 49
6 5
6 11
6 22
8 4
11 84
11 90
12 7
12 27
13 61
16 65
17 62
18 44
19 13
19 80
20 11
21 19
21 51
21 73
22 68
23 74
25 19
26 47
26 67
26 74
29 87
30 37
30 38
32 6
35 43
36 92
37 72
37 94
38 58
38 91
41 23
41 81
41 92
45 20
46 8
47 67
49 83
50 44
50 93
51 60
52 26
54 36
54 45
55 50
55 66
56 3
57 5
58 46
59 46
59 56
60 30
62 64
64 8
64 28
64 50
65 19
65 47
66 48
66 76
68 2
68 28
68 32
69 9
69 75
70 39
72 49
73 9
75 9
75 25
77 5
78 2
81 6
81 78
81 82
85 7
86 82
86 90
87 34
90 68
91 11
91 57
91 67
92 13
92 47
93 77
94 9
94 17
