3 7
8 50
8 71
9 11
9 96
10 29
11 54
12 53
12 81
15 83
16 25
16 44
16 87
17 85
19 21
19 34
19 94
22 98
24 70
28 40
29 39
31 69
32 13
32 51
32 75
32 84
33 66
33 88
34 24
34 62
34 76
35 44
36 5
36 7
36 16
37 75
38 86
41 32
42 44
44 10
44 71
45 14
45 19
45 22
45 31
48 53
48 90
50 56
52 20
53 27
54 4
54 20
55 63
56 31
56 52
57 87
59 16
61 42
62 19
62 38
63 11
63 47
66 8
66 38
67 87
68 0
69 7
69 73
70 21
70 35
73 0
73 97
74 26
74 94
75 90
75 93
77 27
78 25
78 53
80 12
80 73
82 79
83 63
83 77
84 56
84 87
85 16
85 37
85 68
86 56
87 42
87 47
88 2
88 26
92 9
92 13
92 18
96 47
96 57
97 5
