0 73
0 75
2 12
2 19
4 28
5 23
5 47
5 58
6 16
7 83
8 4
8 33
10 14
10 79
11 66
12 4
13 6
13 17
14 6
14 16
14 62
17 15
19 36
19 54
21 87
23 27
23 52
25 7
25 85
26 74
27 0
27 20
28 86
29 28
29 38
29 39
31 0
31 47
31 67
32 41
32 46
34 27
36 3
36 78
36 89
37 15
38 30
40 11
41 55
41 58
44 22
45 58
46 16
48 31
48 77
50 22
50 73
51 81
52 8
52 36
57 31
58 63
58 72
60 73
67 36
68 40
68 41
68 60
70 65
71 52
72 7
72 33
72 39
73 55
74 27
75 2
75 13
75 48
76 56
76 74
77 54
80 72
81 84
82 24
83 35
84 50
85 52
87 37
89 9
89 57
