0 1
0 2
0 3
0 4
0 5
0 6
0 7
0 8
0 9
0 10
0 11
0 12
0 13
0 15
0 19
0 20
0 21
0 22
0 27
0 28
0 29
0 30
0 31
0 32
0 35
0 36
0 39
0 41
0 42
0 47
0 48
0 50
0 51
0 56
0 57
0 58
0 59
0 64
1 2
1 3
1 4
1 5
1 6
1 7
1 8
1 9
1 10
1 11
1 12
1 13
1 14
1 15
1 16
1 18
1 25
1 27
1 28
1 29
1 31
1 32
1 33
1 34
1 39
1 42
1 44
1 45
1 54
1 56
1 57
2 3
2 4
2 5
2 6
2 7
2 8
2 9
2 10
2 11
2 13
2 14
2 17
2 19
2 20
2 21
2 22
2 23
2 25
2 27
2 29
2 30
2 32
2 35
2 37
2 45
2 48
2 52
2 63
3 4
3 5
3 6
3 7
3 8
3 9
3 10
3 11
3 12
3 13
3 14
3 15
3 16
3 17
3 18
3 19
3 21
3 22
3 23
3 25
3 28
3 29
3 30
3 31
3 33
3 34
3 35
3 36
3 38
3 40
3 44
3 51
3 53
3 54
3 55
3 56
3 57
3 59
3 62
4 5
4 6
4 7
4 8
4 9
4 10
4 11
4 12
4 13
4 14
4 16
4 18
4 20
4 21
4 22
4 24
4 26
4 34
4 36
4 38
4 40
4 44
4 46
4 47
4 50
4 56
4 60
4 62
4 63
5 6
5 7
5 8
5 9
5 10
5 12
5 14
5 15
5 16
5 17
5 18
5 22
5 23
5 24
5 27
5 31
5 33
5 34
5 37
5 43
5 46
5 47
5 48
5 51
5 53
5 55
5 56
5 57
5 64
6 7
6 8
6 9
6 10
6 11
6 12
6 13
6 14
6 15
6 16
6 17
6 19
6 22
6 24
6 26
6 28
6 33
6 37
6 43
6 45
6 47
6 50
6 55
6 57
7 8
7 9
7 10
7 11
7 12
7 13
7 14
7 16
7 17
7 18
7 19
7 20
7 22
7 26
7 29
7 31
7 33
7 34
7 36
7 39
7 40
7 41
7 44
7 50
7 52
7 54
7 57
7 58
7 59
8 9
8 10
8 11
8 13
8 15
8 16
8 18
8 23
8 24
8 25
8 26
8 27
8 28
8 29
8 30
8 33
8 37
8 38
8 39
8 46
8 47
8 49
8 53
8 60
8 64
9 10
9 11
9 12
9 15
9 16
9 17
9 18
9 19
9 23
9 25
9 28
9 29
9 30
9 35
9 36
9 37
9 38
9 40
9 42
9 43
9 45
9 46
9 47
9 49
9 50
9 53
9 63
9 64
10 11
10 12
10 13
10 18
10 19
10 20
10 22
10 24
10 25
10 26
10 32
10 34
10 38
10 43
10 47
10 48
10 49
10 55
10 56
10 59
11 12
11 14
11 15
11 17
11 27
11 28
11 34
11 36
11 39
11 41
11 47
11 52
11 55
11 57
11 58
11 62
12 13
12 14
12 15
12 16
12 17
12 18
12 20
12 23
12 24
12 25
12 32
12 33
12 35
12 37
12 38
12 42
12 45
12 49
12 50
12 51
12 52
12 55
12 58
12 64
13 14
13 15
13 16
13 19
13 20
13 21
13 26
13 29
13 30
13 45
13 46
13 48
13 50
13 54
13 63
14 21
14 23
14 24
14 28
14 35
14 37
14 43
14 50
14 52
14 61
14 64
15 17
15 19
15 20
15 27
15 28
15 32
15 36
15 38
15 39
15 40
15 43
15 51
15 57
15 63
16 17
16 19
16 20
16 21
16 22
16 23
16 25
16 31
16 33
16 45
16 49
16 53
16 54
16 60
17 18
17 21
17 22
17 24
17 27
17 35
17 36
17 37
17 39
17 42
17 46
17 51
17 60
17 63
18 23
18 25
18 39
18 47
19 20
19 21
19 26
19 27
19 30
19 31
19 33
19 35
19 38
19 40
19 41
19 44
19 45
19 46
19 48
19 51
19 52
19 59
19 61
19 64
20 21
20 25
20 30
20 34
20 35
20 41
20 43
21 23
21 24
21 40
21 41
21 52
21 53
21 58
21 59
21 62
22 26
22 27
22 33
22 44
22 54
22 57
22 62
23 24
23 26
23 31
23 32
23 34
23 38
23 48
23 49
23 51
23 58
23 60
23 63
24 26
24 29
24 30
24 48
25 32
25 40
25 55
25 57
25 64
26 37
26 46
26 50
27 28
27 31
27 34
27 39
27 40
27 43
27 44
27 55
27 56
27 59
27 62
28 29
28 39
28 41
28 42
28 46
28 48
28 53
29 30
29 37
29 40
29 41
29 42
29 43
29 45
29 49
29 53
29 54
29 56
29 59
29 60
29 61
29 62
30 31
30 32
30 35
30 36
30 59
31 32
31 42
32 36
32 54
33 43
33 44
33 60
34 60
35 38
35 42
35 45
35 48
35 52
35 54
35 62
36 42
36 51
37 41
37 55
38 44
38 46
38 49
40 41
40 44
40 52
42 50
42 58
42 61
42 62
43 53
43 64
44 55
44 60
45 56
45 59
45 60
46 47
46 49
46 52
47 51
47 61
48 49
51 56
52 53
52 54
52 61
53 58
54 61
54 63
56 58
56 61
57 58
57 61
57 64
58 61
60 63
61 62
62 63
