0 1
0 2
0 3
0 4
0 5
0 6
0 7
0 8
0 9
0 10
0 11
0 12
0 13
0 14
0 15
0 18
0 19
0 20
0 22
0 23
0 24
0 31
0 32
0 33
0 35
0 36
0 46
0 47
0 56
0 62
0 63
0 69
0 73
0 75
0 84
0 87
0 92
0 94
0 97
0 102
0 105
0 114
0 116
0 119
0 121
0 126
0 131
0 132
0 137
0 138
0 144
0 147
0 151
0 156
0 157
0 165
0 172
0 179
0 183
0 185
0 195
0 196
0 201
0 211
0 217
0 218
0 228
0 231
0 241
0 256
0 258
0 274
0 279
0 282
0 288
0 292
0 306
0 336
0 338
0 346
0 347
0 366
0 370
0 373
0 392
0 402
0 414
0 430
0 446
0 449
0 471
0 474
0 500
0 505
0 507
0 513
0 542
0 548
0 555
0 560
0 562
0 565
0 581
0 596
0 607
0 609
0 616
0 626
0 628
0 642
0 655
0 673
0 679
0 686
0 699
0 725
0 758
0 760
0 772
0 789
0 798
0 799
1 2
1 3
1 4
1 5
1 6
1 7
1 8
1 9
1 10
1 11
1 12
1 13
1 14
1 16
1 17
1 18
1 22
1 24
1 25
1 26
1 28
1 29
1 30
1 31
1 33
1 35
1 36
1 37
1 41
1 47
1 53
1 55
1 64
1 66
1 68
1 72
1 82
1 84
1 88
1 93
1 95
1 97
1 100
1 102
1 109
1 121
1 122
1 125
1 127
1 139
1 143
1 144
1 147
1 150
1 169
1 170
1 171
1 178
1 179
1 180
1 193
1 196
1 202
1 206
1 213
1 217
1 225
1 237
1 246
1 254
1 268
1 269
1 276
1 278
1 280
1 286
1 297
1 299
1 301
1 310
1 311
1 316
1 320
1 324
1 331
1 334
1 338
1 347
1 356
1 364
1 365
1 367
1 371
1 383
1 395
1 409
1 411
1 414
1 422
1 430
1 431
1 447
1 452
1 455
1 484
1 504
1 519
1 521
1 528
1 529
1 533
1 536
1 550
1 556
1 568
1 587
1 602
1 620
1 623
1 625
1 635
1 639
1 649
1 651
1 659
1 668
1 686
1 687
1 697
1 703
1 704
1 713
1 716
1 723
1 766
1 786
1 794
2 3
2 4
2 5
2 6
2 7
2 8
2 9
2 10
2 11
2 12
2 13
2 14
2 15
2 16
2 17
2 18
2 19
2 20
2 21
2 22
2 23
2 24
2 25
2 27
2 29
2 31
2 33
2 34
2 35
2 36
2 39
2 40
2 41
2 43
2 47
2 48
2 49
2 50
2 51
2 53
2 55
2 56
2 57
2 58
2 59
2 61
2 63
2 65
2 68
2 69
2 70
2 73
2 76
2 77
2 79
2 81
2 86
2 90
2 94
2 95
2 96
2 114
2 115
2 117
2 121
2 125
2 129
2 133
2 136
2 144
2 151
2 153
2 154
2 155
2 158
2 174
2 175
2 181
2 184
2 187
2 188
2 190
2 200
2 201
2 218
2 221
2 225
2 226
2 230
2 240
2 241
2 247
2 251
2 253
2 282
2 285
2 291
2 307
2 310
2 321
2 332
2 333
2 336
2 346
2 356
2 371
2 382
2 384
2 388
2 403
2 421
2 424
2 427
2 436
2 443
2 462
2 468
2 501
2 519
2 525
2 527
2 540
2 542
2 565
2 581
2 592
2 601
2 604
2 611
2 614
2 622
2 653
2 660
2 676
2 687
2 707
2 733
2 742
2 783
3 4
3 5
3 6
3 7
3 8
3 9
3 10
3 11
3 12
3 13
3 14
3 15
3 18
3 27
3 32
3 37
3 38
3 41
3 45
3 46
3 47
3 53
3 62
3 65
3 71
3 77
3 91
3 97
3 111
3 116
3 117
3 126
3 130
3 133
3 140
3 147
3 149
3 171
3 205
3 231
3 233
3 235
3 240
3 260
3 267
3 286
3 300
3 312
3 316
3 331
3 334
3 337
3 339
3 343
3 349
3 377
3 401
3 420
3 430
3 450
3 463
3 467
3 469
3 493
3 502
3 503
3 516
3 529
3 536
3 541
3 550
3 579
3 605
3 607
3 613
3 614
3 617
3 622
3 636
3 637
3 640
3 641
3 647
3 692
3 710
3 732
3 737
3 748
3 752
3 761
3 767
3 793
4 5
4 6
4 7
4 8
4 9
4 10
4 11
4 12
4 15
4 16
4 17
4 18
4 20
4 21
4 22
4 23
4 24
4 26
4 28
4 29
4 30
4 32
4 34
4 38
4 40
4 52
4 55
4 57
4 62
4 64
4 67
4 69
4 72
4 79
4 80
4 81
4 83
4 87
4 89
4 93
4 103
4 110
4 113
4 121
4 134
4 141
4 157
4 160
4 168
4 176
4 181
4 183
4 191
4 194
4 195
4 201
4 213
4 222
4 229
4 239
4 246
4 257
4 264
4 268
4 278
4 286
4 296
4 302
4 305
4 344
4 351
4 353
4 366
4 370
4 371
4 400
4 415
4 418
4 437
4 438
4 446
4 457
4 464
4 469
4 480
4 496
4 498
4 503
4 509
4 527
4 539
4 540
4 560
4 564
4 579
4 603
4 705
4 710
4 719
4 727
4 732
4 740
4 784
5 6
5 7
5 8
5 9
5 10
5 11
5 12
5 13
5 14
5 15
5 16
5 17
5 18
5 19
5 21
5 24
5 28
5 33
5 38
5 39
5 41
5 43
5 45
5 46
5 47
5 48
5 52
5 56
5 59
5 60
5 66
5 71
5 75
5 77
5 85
5 87
5 88
5 89
5 91
5 94
5 100
5 104
5 105
5 106
5 115
5 119
5 120
5 125
5 127
5 128
5 137
5 138
5 146
5 150
5 152
5 154
5 160
5 161
5 163
5 164
5 167
5 179
5 199
5 209
5 236
5 239
5 252
5 254
5 268
5 273
5 279
5 287
5 294
5 300
5 302
5 303
5 311
5 313
5 332
5 334
5 335
5 340
5 344
5 346
5 350
5 352
5 362
5 366
5 369
5 370
5 374
5 397
5 402
5 415
5 441
5 460
5 470
5 481
5 484
5 486
5 487
5 491
5 546
5 553
5 555
5 597
5 599
5 614
5 631
5 641
5 642
5 659
5 671
5 673
5 709
5 728
5 729
5 734
5 744
5 756
5 798
6 7
6 8
6 9
6 10
6 11
6 12
6 13
6 14
6 15
6 16
6 17
6 18
6 20
6 21
6 22
6 24
6 25
6 26
6 28
6 29
6 30
6 34
6 38
6 39
6 40
6 44
6 45
6 52
6 58
6 59
6 64
6 65
6 74
6 81
6 83
6 91
6 94
6 118
6 120
6 129
6 131
6 132
6 139
6 153
6 156
6 165
6 170
6 175
6 176
6 180
6 185
6 191
6 193
6 196
6 198
6 202
6 203
6 205
6 213
6 220
6 226
6 242
6 245
6 259
6 260
6 270
6 285
6 286
6 297
6 306
6 321
6 339
6 340
6 353
6 361
6 421
6 429
6 432
6 435
6 446
6 452
6 463
6 468
6 478
6 490
6 508
6 516
6 528
6 549
6 550
6 551
6 561
6 568
6 590
6 603
6 613
6 627
6 628
6 635
6 644
6 650
6 660
6 662
6 666
6 668
6 677
6 682
6 716
6 752
6 784
6 792
6 793
7 8
7 9
7 10
7 11
7 12
7 13
7 14
7 15
7 16
7 17
7 18
7 20
7 22
7 23
7 25
7 27
7 28
7 29
7 31
7 32
7 33
7 35
7 36
7 38
7 41
7 43
7 44
7 50
7 52
7 53
7 54
7 56
7 59
7 61
7 62
7 70
7 71
7 72
7 73
7 82
7 104
7 108
7 109
7 112
7 115
7 119
7 121
7 124
7 126
7 128
7 129
7 142
7 148
7 162
7 165
7 169
7 172
7 174
7 178
7 187
7 196
7 198
7 202
7 210
7 220
7 235
7 243
7 246
7 248
7 249
7 257
7 277
7 279
7 290
7 301
7 310
7 317
7 330
7 335
7 339
7 343
7 360
7 366
7 373
7 402
7 406
7 407
7 408
7 413
7 423
7 427
7 442
7 447
7 469
7 499
7 512
7 513
7 514
7 529
7 535
7 536
7 543
7 550
7 551
7 607
7 611
7 626
7 632
7 640
7 655
7 672
7 695
7 696
7 703
7 709
7 715
7 721
7 752
7 755
7 761
7 766
7 781
7 786
7 789
7 790
7 796
8 9
8 10
8 11
8 12
8 13
8 15
8 17
8 19
8 20
8 21
8 23
8 27
8 32
8 36
8 44
8 45
8 47
8 53
8 55
8 59
8 60
8 61
8 71
8 75
8 77
8 80
8 81
8 86
8 96
8 105
8 124
8 125
8 127
8 128
8 143
8 150
8 155
8 200
8 210
8 215
8 217
8 219
8 220
8 227
8 234
8 238
8 242
8 243
8 247
8 248
8 257
8 269
8 281
8 290
8 292
8 309
8 323
8 346
8 348
8 361
8 380
8 403
8 432
8 435
8 457
8 461
8 485
8 527
8 531
8 532
8 556
8 569
8 570
8 578
8 583
8 591
8 600
8 631
8 658
8 659
8 661
8 665
8 678
8 699
8 719
8 735
8 771
8 793
8 794
9 10
9 11
9 12
9 13
9 14
9 18
9 19
9 20
9 21
9 22
9 23
9 24
9 25
9 26
9 27
9 29
9 31
9 41
9 44
9 45
9 48
9 50
9 52
9 54
9 57
9 58
9 60
9 63
9 64
9 68
9 69
9 70
9 78
9 80
9 86
9 87
9 88
9 89
9 95
9 99
9 102
9 104
9 106
9 107
9 108
9 109
9 114
9 115
9 123
9 130
9 132
9 133
9 136
9 138
9 149
9 155
9 156
9 157
9 161
9 163
9 166
9 168
9 172
9 173
9 174
9 193
9 221
9 232
9 239
9 246
9 249
9 253
9 257
9 262
9 266
9 270
9 276
9 284
9 285
9 286
9 295
9 302
9 305
9 308
9 309
9 332
9 336
9 345
9 348
9 354
9 355
9 358
9 364
9 369
9 372
9 382
9 388
9 412
9 423
9 424
9 425
9 426
9 438
9 439
9 447
9 449
9 455
9 457
9 493
9 499
9 513
9 520
9 522
9 531
9 538
9 539
9 542
9 543
9 544
9 564
9 566
9 571
9 574
9 579
9 584
9 600
9 618
9 631
9 635
9 645
9 650
9 657
9 662
9 666
9 682
9 687
9 702
9 712
9 713
9 717
9 726
9 737
9 769
9 775
9 777
9 782
9 784
9 791
10 11
10 12
10 13
10 14
10 15
10 16
10 18
10 19
10 20
10 22
10 24
10 27
10 28
10 29
10 31
10 33
10 34
10 37
10 40
10 42
10 43
10 44
10 45
10 49
10 54
10 56
10 57
10 60
10 66
10 67
10 69
10 74
10 75
10 77
10 78
10 79
10 82
10 84
10 87
10 89
10 92
10 96
10 99
10 106
10 110
10 116
10 126
10 131
10 135
10 137
10 141
10 144
10 162
10 171
10 175
10 184
10 186
10 187
10 207
10 209
10 210
10 212
10 214
10 221
10 231
10 238
10 240
10 244
10 262
10 263
10 264
10 269
10 295
10 304
10 305
10 308
10 314
10 332
10 333
10 341
10 356
10 361
10 365
10 371
10 391
10 393
10 402
10 404
10 412
10 435
10 437
10 447
10 499
10 507
10 513
10 514
10 517
10 565
10 568
10 575
10 588
10 609
10 613
10 614
10 620
10 629
10 632
10 655
10 683
10 689
10 691
10 710
10 717
10 752
10 753
10 764
11 12
11 13
11 14
11 16
11 17
11 19
11 21
11 24
11 25
11 26
11 27
11 29
11 32
11 34
11 35
11 38
11 39
11 43
11 53
11 54
11 55
11 59
11 60
11 63
11 65
11 66
11 68
11 69
11 77
11 78
11 79
11 84
11 85
11 92
11 95
11 101
11 113
11 114
11 115
11 116
11 120
11 127
11 130
11 132
11 176
11 183
11 188
11 190
11 197
11 209
11 215
11 216
11 219
11 241
11 245
11 251
11 289
11 301
11 306
11 319
11 321
11 350
11 361
11 365
11 374
11 375
11 404
11 421
11 424
11 431
11 440
11 466
11 474
11 481
11 483
11 508
11 530
11 531
11 536
11 544
11 547
11 561
11 574
11 576
11 602
11 605
11 622
11 632
11 639
11 720
11 755
11 795
12 13
12 14
12 15
12 16
12 17
12 19
12 20
12 25
12 28
12 30
12 32
12 35
12 37
12 38
12 39
12 41
12 44
12 45
12 48
12 49
12 51
12 55
12 56
12 59
12 63
12 64
12 67
12 69
12 70
12 76
12 78
12 80
12 81
12 86
12 92
12 93
12 102
12 109
12 113
12 116
12 127
12 130
12 134
12 139
12 148
12 152
12 153
12 167
12 168
12 174
12 190
12 192
12 205
12 207
12 209
12 219
12 222
12 242
12 248
12 250
12 251
12 263
12 278
12 288
12 289
12 303
12 309
12 312
12 317
12 329
12 341
12 349
12 380
12 391
12 394
12 395
12 402
12 404
12 417
12 447
12 459
12 466
12 473
12 481
12 490
12 493
12 499
12 502
12 560
12 582
12 601
12 602
12 683
12 685
12 688
12 706
12 718
12 740
12 751
12 760
12 773
13 14
13 15
13 16
13 17
13 18
13 19
13 21
13 22
13 23
13 24
13 25
13 26
13 27
13 29
13 30
13 31
13 34
13 35
13 36
13 37
13 39
13 40
13 43
13 46
13 48
13 49
13 50
13 51
13 52
13 53
13 54
13 56
13 58
13 60
13 64
13 65
13 73
13 77
13 80
13 88
13 90
13 96
13 97
13 99
13 105
13 109
13 111
13 112
13 114
13 118
13 122
13 127
13 128
13 129
13 137
13 148
13 154
13 158
13 162
13 164
13 165
13 168
13 174
13 186
13 206
13 208
13 209
13 215
13 216
13 234
13 243
13 244
13 245
13 251
13 256
13 258
13 259
13 265
13 280
13 281
13 289
13 294
13 299
13 303
13 309
13 318
13 323
13 327
13 329
13 331
13 333
13 339
13 341
13 353
13 354
13 360
13 361
13 366
13 376
13 383
13 388
13 393
13 396
13 410
13 411
13 434
13 450
13 456
13 457
13 460
13 461
13 471
13 474
13 481
13 482
13 486
13 488
13 489
13 492
13 501
13 507
13 510
13 520
13 522
13 537
13 539
13 541
13 583
13 586
13 609
13 614
13 618
13 624
13 647
13 649
13 651
13 652
13 655
13 665
13 666
13 673
13 698
13 699
13 741
13 754
13 758
13 763
13 767
13 769
13 770
13 784
13 792
14 15
14 16
14 17
14 18
14 19
14 20
14 21
14 28
14 31
14 32
14 34
14 35
14 36
14 37
14 39
14 42
14 43
14 46
14 49
14 53
14 54
14 58
14 61
14 73
14 79
14 84
14 85
14 86
14 93
14 95
14 105
14 123
14 128
14 129
14 133
14 137
14 141
14 153
14 158
14 164
14 166
14 176
14 184
14 188
14 189
14 195
14 200
14 206
14 222
14 227
14 244
14 249
14 256
14 258
14 259
14 260
14 261
14 303
14 310
14 311
14 330
14 348
14 352
14 361
14 369
14 386
14 403
14 415
14 417
14 428
14 446
14 450
14 462
14 481
14 509
14 512
14 532
14 578
14 610
14 612
14 617
14 622
14 653
14 672
14 675
14 684
14 688
14 690
14 692
14 719
14 738
14 747
14 774
14 783
15 16
15 17
15 20
15 22
15 23
15 27
15 28
15 30
15 39
15 49
15 51
15 54
15 55
15 57
15 58
15 60
15 63
15 69
15 72
15 74
15 76
15 77
15 78
15 84
15 85
15 92
15 98
15 102
15 113
15 119
15 120
15 126
15 139
15 142
15 152
15 156
15 160
15 161
15 165
15 169
15 170
15 176
15 189
15 193
15 196
15 199
15 200
15 206
15 207
15 226
15 228
15 231
15 233
15 235
15 264
15 273
15 275
15 282
15 289
15 308
15 344
15 356
15 360
15 391
15 413
15 419
15 437
15 447
15 448
15 453
15 460
15 463
15 464
15 479
15 490
15 492
15 494
15 503
15 504
15 512
15 518
15 526
15 538
15 625
15 627
15 642
15 643
15 650
15 666
15 670
15 684
15 690
15 700
15 704
15 705
15 710
15 726
15 743
15 744
15 748
15 775
16 23
16 26
16 29
16 30
16 40
16 49
16 51
16 54
16 56
16 63
16 64
16 91
16 101
16 110
16 125
16 148
16 169
16 173
16 175
16 206
16 233
16 238
16 246
16 247
16 268
16 280
16 282
16 293
16 314
16 329
16 332
16 351
16 367
16 375
16 412
16 417
16 433
16 435
16 455
16 466
16 478
16 480
16 493
16 512
16 514
16 516
16 530
16 545
16 552
16 563
16 568
16 580
16 597
16 604
16 609
16 617
16 628
16 629
16 652
16 682
16 691
16 703
16 747
16 763
16 771
16 776
16 782
17 19
17 21
17 22
17 24
17 26
17 28
17 33
17 39
17 40
17 41
17 42
17 45
17 51
17 55
17 62
17 65
17 66
17 67
17 69
17 75
17 78
17 83
17 89
17 93
17 94
17 96
17 104
17 105
17 106
17 107
17 108
17 109
17 117
17 119
17 122
17 124
17 126
17 129
17 130
17 131
17 132
17 141
17 145
17 147
17 152
17 160
17 167
17 168
17 172
17 185
17 190
17 194
17 195
17 211
17 223
17 239
17 244
17 261
17 264
17 266
17 271
17 277
17 281
17 282
17 285
17 289
17 290
17 291
17 295
17 299
17 322
17 326
17 332
17 333
17 334
17 340
17 345
17 352
17 358
17 365
17 380
17 386
17 394
17 403
17 418
17 421
17 434
17 454
17 459
17 471
17 502
17 506
17 521
17 543
17 544
17 551
17 599
17 600
17 608
17 609
17 611
17 614
17 623
17 625
17 632
17 677
17 679
17 687
17 700
17 707
17 710
17 728
17 732
17 736
17 757
17 759
17 778
17 781
17 796
18 19
18 21
18 23
18 25
18 26
18 29
18 31
18 33
18 34
18 38
18 47
18 48
18 51
18 59
18 61
18 63
18 65
18 75
18 79
18 84
18 90
18 98
18 110
18 118
18 123
18 129
18 130
18 132
18 133
18 141
18 147
18 150
18 160
18 173
18 177
18 186
18 211
18 212
18 219
18 256
18 262
18 266
18 284
18 296
18 324
18 358
18 366
18 373
18 397
18 400
18 405
18 442
18 448
18 466
18 474
18 494
18 505
18 523
18 563
18 584
18 585
18 625
18 638
18 668
18 670
18 675
18 704
18 709
18 718
18 722
18 731
18 741
18 764
18 787
18 797
19 20
19 21
19 32
19 33
19 35
19 37
19 50
19 55
19 56
19 58
19 65
19 67
19 68
19 72
19 86
19 88
19 96
19 104
19 109
19 124
19 128
19 134
19 135
19 136
19 140
19 141
19 153
19 160
19 172
19 183
19 194
19 200
19 201
19 202
19 224
19 225
19 228
19 233
19 244
19 245
19 246
19 252
19 255
19 265
19 268
19 271
19 275
19 281
19 283
19 288
19 292
19 295
19 308
19 314
19 337
19 339
19 342
19 344
19 361
19 366
19 367
19 399
19 410
19 414
19 421
19 446
19 466
19 479
19 495
19 500
19 509
19 533
19 546
19 554
19 581
19 590
19 593
19 640
19 642
19 657
19 662
19 673
19 742
19 770
20 25
20 26
20 27
20 29
20 38
20 54
20 58
20 61
20 62
20 70
20 73
20 77
20 90
20 110
20 124
20 129
20 136
20 140
20 183
20 187
20 232
20 246
20 271
20 288
20 296
20 297
20 303
20 325
20 363
20 375
20 384
20 391
20 413
20 441
20 470
20 475
20 486
20 497
20 504
20 517
20 584
20 586
20 611
20 617
20 628
20 649
20 660
20 680
20 692
20 698
20 704
20 736
20 742
20 743
20 747
20 751
20 766
20 773
20 775
20 780
21 22
21 23
21 24
21 25
21 28
21 30
21 31
21 32
21 33
21 37
21 39
21 42
21 46
21 48
21 49
21 50
21 55
21 57
21 61
21 62
21 66
21 75
21 76
21 86
21 98
21 102
21 105
21 106
21 107
21 117
21 118
21 119
21 123
21 128
21 133
21 134
21 148
21 150
21 151
21 156
21 162
21 174
21 186
21 196
21 197
21 204
21 212
21 214
21 216
21 221
21 226
21 242
21 255
21 259
21 282
21 286
21 293
21 295
21 296
21 300
21 302
21 318
21 319
21 328
21 339
21 351
21 359
21 363
21 370
21 373
21 374
21 378
21 387
21 419
21 444
21 450
21 485
21 493
21 494
21 499
21 510
21 517
21 528
21 549
21 557
21 575
21 577
21 586
21 606
21 623
21 629
21 636
21 648
21 652
21 656
21 662
21 665
21 675
21 697
21 701
21 712
21 715
21 719
21 749
21 757
21 762
21 774
21 778
21 791
22 23
22 25
22 26
22 27
22 33
22 36
22 41
22 42
22 43
22 44
22 46
22 53
22 54
22 61
22 66
22 67
22 70
22 72
22 80
22 82
22 83
22 84
22 85
22 86
22 92
22 102
22 109
22 110
22 113
22 123
22 124
22 129
22 141
22 146
22 153
22 159
22 169
22 181
22 182
22 186
22 202
22 204
22 226
22 235
22 237
22 249
22 257
22 271
22 288
22 297
22 298
22 304
22 306
22 311
22 320
22 331
22 334
22 361
22 365
22 383
22 385
22 392
22 393
22 396
22 397
22 399
22 409
22 419
22 426
22 431
22 442
22 464
22 484
22 489
22 494
22 501
22 527
22 579
22 591
22 595
22 598
22 605
22 613
22 623
22 645
22 647
22 666
22 669
22 677
22 684
22 692
22 694
22 724
22 766
22 774
22 779
22 789
23 30
23 31
23 34
23 38
23 41
23 42
23 55
23 71
23 74
23 88
23 95
23 103
23 113
23 119
23 124
23 136
23 146
23 153
23 161
23 166
23 167
23 175
23 177
23 186
23 188
23 189
23 194
23 195
23 231
23 238
23 243
23 268
23 272
23 274
23 276
23 290
23 292
23 304
23 318
23 360
23 397
23 398
23 401
23 433
23 448
23 452
23 472
23 483
23 491
23 524
23 534
23 544
23 550
23 568
23 574
23 582
23 590
23 604
23 628
23 639
23 644
23 707
23 720
23 733
23 762
23 777
23 783
24 26
24 34
24 37
24 40
24 44
24 46
24 47
24 49
24 51
24 59
24 65
24 67
24 68
24 75
24 80
24 85
24 86
24 108
24 111
24 150
24 163
24 179
24 205
24 211
24 212
24 217
24 219
24 222
24 232
24 236
24 300
24 315
24 354
24 377
24 422
24 433
24 450
24 477
24 540
24 561
24 566
24 585
24 681
24 698
24 735
24 771
25 27
25 30
25 34
25 35
25 36
25 37
25 41
25 50
25 56
25 57
25 60
25 61
25 65
25 71
25 76
25 77
25 79
25 84
25 93
25 94
25 96
25 100
25 121
25 126
25 131
25 155
25 161
25 162
25 163
25 175
25 190
25 199
25 204
25 209
25 216
25 221
25 225
25 310
25 326
25 360
25 362
25 382
25 411
25 431
25 458
25 485
25 500
25 505
25 518
25 527
25 575
25 580
25 621
25 653
25 715
25 729
25 735
25 774
26 30
26 32
26 44
26 47
26 48
26 50
26 51
26 52
26 56
26 61
26 62
26 73
26 74
26 78
26 81
26 89
26 114
26 126
26 158
26 166
26 168
26 228
26 229
26 242
26 256
26 260
26 263
26 275
26 285
26 296
26 301
26 310
26 318
26 326
26 332
26 352
26 358
26 362
26 384
26 387
26 405
26 431
26 447
26 495
26 518
26 547
26 566
26 575
26 578
26 580
26 608
26 654
26 672
26 692
26 693
26 703
26 721
26 730
26 733
26 745
26 764
26 766
26 767
26 770
26 788
27 28
27 30
27 40
27 42
27 45
27 46
27 62
27 66
27 73
27 74
27 75
27 99
27 111
27 112
27 132
27 143
27 163
27 172
27 191
27 192
27 197
27 200
27 216
27 236
27 254
27 271
27 282
27 284
27 317
27 334
27 340
27 350
27 358
27 359
27 361
27 364
27 373
27 381
27 389
27 410
27 420
27 440
27 480
27 500
27 509
27 523
27 553
27 571
27 589
27 613
27 615
27 629
27 634
27 652
27 663
27 670
27 693
27 709
27 730
27 731
27 747
27 760
27 761
27 771
28 36
28 45
28 76
28 83
28 84
28 102
28 118
28 122
28 123
28 124
28 130
28 134
28 138
28 142
28 149
28 159
28 164
28 179
28 183
28 196
28 206
28 208
28 209
28 218
28 242
28 248
28 258
28 263
28 273
28 286
28 290
28 295
28 297
28 305
28 309
28 320
28 329
28 340
28 349
28 366
28 379
28 381
28 389
28 413
28 421
28 441
28 444
28 454
28 465
28 467
28 470
28 474
28 485
28 500
28 505
28 513
28 526
28 559
28 560
28 575
28 582
28 596
28 618
28 627
28 657
28 659
28 668
28 677
28 687
28 692
28 702
28 711
28 724
28 751
29 31
29 34
29 35
29 36
29 37
29 42
29 44
29 51
29 57
29 62
29 63
29 69
29 74
29 76
29 83
29 96
29 103
29 106
29 107
29 125
29 135
29 136
29 146
29 157
29 159
29 161
29 168
29 173
29 175
29 182
29 189
29 191
29 195
29 197
29 208
29 221
29 222
29 226
29 264
29 267
29 283
29 298
29 317
29 324
29 328
29 369
29 397
29 432
29 451
29 452
29 483
29 492
29 503
29 504
29 547
29 587
29 640
29 664
29 683
29 692
29 693
29 705
29 721
29 728
29 750
29 769
30 33
30 39
30 42
30 45
30 46
30 47
30 67
30 68
30 78
30 85
30 90
30 95
30 123
30 137
30 139
30 145
30 146
30 155
30 156
30 159
30 165
30 185
30 209
30 211
30 233
30 242
30 260
30 270
30 317
30 324
30 344
30 385
30 393
30 435
30 467
30 479
30 530
30 549
30 553
30 563
30 573
30 595
30 623
30 634
30 637
30 649
30 692
30 693
30 706
30 711
30 722
30 733
30 743
30 752
30 788
31 32
31 35
31 37
31 38
31 40
31 42
31 43
31 50
31 57
31 70
31 71
31 87
31 92
31 96
31 104
31 108
31 115
31 120
31 129
31 136
31 138
31 143
31 145
31 151
31 160
31 161
31 188
31 196
31 203
31 204
31 210
31 220
31 223
31 240
31 250
31 266
31 267
31 273
31 275
31 282
31 284
31 288
31 292
31 297
31 301
31 333
31 341
31 343
31 346
31 361
31 372
31 375
31 380
31 381
31 383
31 392
31 404
31 415
31 462
31 469
31 470
31 485
31 519
31 522
31 524
31 543
31 628
31 656
31 658
31 659
31 675
31 685
31 701
31 722
31 743
31 755
31 756
31 761
31 786
32 36
32 39
32 46
32 47
32 49
32 59
32 66
32 80
32 84
32 91
32 99
32 103
32 104
32 110
32 114
32 122
32 135
32 146
32 149
32 159
32 164
32 167
32 180
32 185
32 186
32 200
32 202
32 209
32 238
32 253
32 274
32 292
32 304
32 315
32 317
32 322
32 355
32 358
32 374
32 384
32 406
32 415
32 418
32 480
32 493
32 495
32 499
32 508
32 510
32 511
32 582
32 618
32 633
32 666
32 696
32 740
32 741
32 766
32 791
32 794
33 43
33 48
33 57
33 62
33 79
33 97
33 103
33 111
33 117
33 118
33 120
33 124
33 133
33 149
33 152
33 161
33 171
33 181
33 191
33 202
33 208
33 234
33 268
33 307
33 324
33 331
33 368
33 370
33 395
33 398
33 401
33 430
33 452
33 461
33 477
33 494
33 502
33 540
33 600
33 606
33 656
33 681
33 691
33 697
33 748
34 38
34 52
34 53
34 57
34 60
34 74
34 75
34 82
34 93
34 103
34 112
34 122
34 137
34 153
34 164
34 180
34 183
34 184
34 186
34 187
34 198
34 214
34 222
34 223
34 268
34 292
34 315
34 341
34 351
34 357
34 372
34 385
34 400
34 415
34 446
34 467
34 474
34 491
34 514
34 526
34 544
34 553
34 558
34 606
34 650
34 680
34 751
34 754
34 782
34 795
35 46
35 54
35 61
35 66
35 76
35 82
35 100
35 121
35 134
35 144
35 159
35 170
35 173
35 199
35 214
35 215
35 216
35 220
35 221
35 227
35 270
35 306
35 330
35 346
35 363
35 376
35 403
35 405
35 417
35 422
35 434
35 438
35 441
35 445
35 476
35 484
35 487
35 574
35 586
35 607
35 646
35 651
35 713
35 718
35 719
35 726
35 729
36 47
36 53
36 56
36 60
36 63
36 65
36 68
36 78
36 93
36 100
36 106
36 118
36 140
36 152
36 172
36 195
36 214
36 223
36 224
36 228
36 251
36 261
36 277
36 298
36 312
36 322
36 330
36 360
36 363
36 372
36 408
36 411
36 425
36 428
36 501
36 505
36 515
36 516
36 524
36 526
36 533
36 578
36 586
36 591
36 606
36 627
36 644
36 654
36 672
36 676
36 695
36 709
36 725
36 730
37 44
37 66
37 70
37 74
37 88
37 116
37 117
37 122
37 161
37 179
37 180
37 266
37 390
37 432
37 544
37 572
37 628
37 641
37 703
37 770
37 779
38 40
38 42
38 43
38 45
38 48
38 50
38 60
38 64
38 72
38 75
38 79
38 80
38 82
38 86
38 87
38 92
38 98
38 100
38 101
38 104
38 115
38 134
38 162
38 164
38 168
38 173
38 174
38 180
38 197
38 201
38 207
38 261
38 278
38 280
38 289
38 304
38 315
38 326
38 329
38 331
38 333
38 340
38 345
38 375
38 378
38 422
38 447
38 454
38 487
38 518
38 539
38 595
38 596
38 635
38 641
38 649
38 679
38 687
38 693
38 698
38 715
38 781
38 785
39 40
39 48
39 52
39 58
39 68
39 77
39 79
39 85
39 88
39 100
39 107
39 138
39 145
39 148
39 155
39 169
39 177
39 198
39 205
39 213
39 245
39 267
39 271
39 307
39 310
39 327
39 333
39 365
39 372
39 385
39 398
39 403
39 418
39 440
39 472
39 537
39 651
39 673
39 695
39 697
40 41
40 42
40 48
40 49
40 51
40 54
40 58
40 64
40 70
40 72
40 94
40 100
40 112
40 116
40 133
40 139
40 142
40 149
40 166
40 169
40 181
40 189
40 190
40 207
40 219
40 234
40 249
40 254
40 256
40 277
40 290
40 294
40 304
40 307
40 318
40 332
40 347
40 351
40 370
40 371
40 373
40 378
40 380
40 384
40 395
40 397
40 409
40 460
40 467
40 469
40 477
40 494
40 560
40 610
40 647
40 648
40 739
40 749
40 750
40 759
40 799
41 43
41 49
41 50
41 63
41 67
41 83
41 90
41 91
41 101
41 116
41 123
41 128
41 135
41 160
41 170
41 182
41 184
41 189
41 194
41 207
41 208
41 210
41 227
41 278
41 298
41 322
41 344
41 389
41 419
41 423
41 426
41 428
41 438
41 448
41 449
41 453
41 459
41 461
41 480
41 545
41 564
41 642
41 656
41 671
41 706
41 721
41 784
42 44
42 71
42 89
42 90
42 97
42 107
42 114
42 125
42 203
42 217
42 219
42 220
42 249
42 279
42 284
42 299
42 329
42 345
42 347
42 362
42 375
42 400
42 408
42 413
42 435
42 445
42 446
42 447
42 454
42 458
42 486
42 489
42 517
42 521
42 542
42 573
42 597
42 612
42 619
42 665
42 700
42 718
42 725
42 726
42 763
42 778
43 76
43 78
43 81
43 83
43 99
43 109
43 157
43 158
43 182
43 186
43 192
43 206
43 217
43 223
43 225
43 245
43 304
43 306
43 312
43 313
43 317
43 337
43 341
43 363
43 379
43 411
43 462
43 472
43 485
43 511
43 585
43 592
43 603
43 657
43 782
43 793
44 59
44 70
44 74
44 99
44 110
44 111
44 113
44 131
44 137
44 140
44 143
44 150
44 156
44 174
44 177
44 181
44 238
44 261
44 278
44 296
44 315
44 327
44 328
44 333
44 376
44 378
44 382
44 457
44 464
44 470
44 501
44 505
44 526
44 543
44 590
44 614
44 629
44 641
44 682
44 774
45 64
45 69
45 85
45 94
45 171
45 218
45 226
45 256
45 263
45 282
45 291
45 337
45 606
45 777
46 50
46 64
46 68
46 80
46 85
46 91
46 92
46 94
46 107
46 198
46 233
46 237
46 272
46 305
46 363
46 384
46 390
46 418
46 533
46 571
46 595
46 688
47 52
47 67
47 71
47 72
47 79
47 100
47 102
47 114
47 134
47 139
47 141
47 154
47 157
47 159
47 165
47 170
47 175
47 187
47 232
47 238
47 250
47 251
47 273
47 276
47 302
47 319
47 348
47 371
47 374
47 386
47 423
47 427
47 429
47 434
47 460
47 489
47 492
47 505
47 509
47 515
47 541
47 574
47 588
47 594
47 595
47 632
47 769
47 773
48 52
48 68
48 73
48 75
48 92
48 103
48 113
48 115
48 119
48 145
48 149
48 151
48 152
48 167
48 195
48 197
48 209
48 211
48 237
48 239
48 241
48 245
48 248
48 253
48 255
48 273
48 289
48 291
48 307
48 311
48 319
48 328
48 341
48 342
48 349
48 353
48 363
48 364
48 371
48 392
48 408
48 434
48 438
48 515
48 527
48 529
48 565
48 575
48 652
48 656
48 664
48 670
48 674
48 690
48 709
48 759
48 791
49 52
49 58
49 77
49 90
49 99
49 106
49 110
49 113
49 150
49 172
49 176
49 234
49 238
49 271
49 279
49 297
49 306
49 404
49 414
49 432
49 434
49 455
49 456
49 459
49 504
49 517
49 557
49 617
49 618
49 706
49 744
49 777
50 51
50 53
50 59
50 116
50 135
50 137
50 170
50 171
50 178
50 203
50 211
50 220
50 255
50 260
50 351
50 362
50 372
50 377
50 398
50 425
50 429
50 464
50 542
50 577
50 616
50 626
50 659
50 723
50 755
50 783
50 788
51 55
51 70
51 73
51 76
51 98
51 123
51 130
51 131
51 145
51 152
51 196
51 224
51 225
51 229
51 234
51 236
51 261
51 280
51 363
51 366
51 378
51 399
51 405
51 419
51 421
51 450
51 469
51 557
51 580
51 605
51 606
51 614
51 621
51 643
51 674
51 688
51 708
51 737
51 746
51 757
51 764
51 783
52 58
52 108
52 110
52 151
52 157
52 159
52 176
52 184
52 192
52 201
52 211
52 239
52 245
52 254
52 271
52 279
52 305
52 351
52 381
52 389
52 405
52 409
52 426
52 442
52 503
52 521
52 529
52 536
52 537
52 625
52 741
52 751
52 759
53 67
53 71
53 73
53 81
53 100
53 103
53 130
53 176
53 181
53 185
53 188
53 202
53 290
53 293
53 298
53 311
53 319
53 325
53 352
53 391
53 397
53 399
53 405
53 416
53 453
53 473
53 478
53 480
53 491
53 517
53 560
53 564
53 593
53 615
53 623
53 654
53 662
53 703
53 722
53 727
53 728
53 787
53 797
54 60
54 63
54 74
54 89
54 98
54 102
54 105
54 116
54 129
54 140
54 142
54 166
54 204
54 205
54 223
54 244
54 264
54 275
54 298
54 315
54 319
54 338
54 400
54 401
54 411
54 412
54 442
54 449
54 483
54 497
54 504
54 506
54 562
54 570
54 581
54 637
54 646
54 733
54 741
54 761
54 778
54 781
55 62
55 82
55 101
55 108
55 126
55 130
55 140
55 143
55 152
55 155
55 166
55 171
55 192
55 231
55 241
55 276
55 283
55 314
55 344
55 347
55 372
55 404
55 476
55 508
55 519
55 525
55 531
55 532
55 554
55 594
55 607
55 625
55 686
56 57
56 65
56 66
56 89
56 90
56 97
56 103
56 107
56 134
56 135
56 139
56 157
56 160
56 166
56 169
56 181
56 183
56 186
56 188
56 189
56 204
56 213
56 238
56 241
56 244
56 248
56 263
56 273
56 274
56 275
56 330
56 357
56 367
56 408
56 425
56 450
56 514
56 531
56 555
56 563
56 568
56 602
56 613
56 621
56 706
56 727
56 746
57 72
57 88
57 91
57 108
57 112
57 144
57 148
57 165
57 167
57 168
57 191
57 250
57 254
57 285
57 313
57 335
57 342
57 450
57 453
57 465
57 468
57 481
57 487
57 529
57 547
57 609
57 654
57 660
57 676
57 714
57 719
57 727
57 790
58 67
58 74
58 83
58 92
58 131
58 173
58 177
58 190
58 200
58 204
58 214
58 221
58 235
58 256
58 262
58 300
58 302
58 312
58 313
58 373
58 380
58 423
58 432
58 441
58 468
58 496
58 630
58 662
58 707
58 750
58 788
59 61
59 68
59 83
59 90
59 93
59 94
59 106
59 112
59 113
59 139
59 142
59 154
59 194
59 240
59 278
59 311
59 328
59 336
59 388
59 422
59 460
59 486
59 558
59 576
59 651
59 685
59 703
59 734
59 735
59 752
59 795
59 798
60 64
60 73
60 90
60 94
60 97
60 98
60 99
60 141
60 144
60 146
60 163
60 218
60 228
60 257
60 265
60 286
60 320
60 352
60 371
60 384
60 389
60 396
60 451
60 577
60 621
60 724
60 742
60 770
60 779
61 70
61 87
61 99
61 101
61 107
61 118
61 124
61 159
61 176
61 182
61 208
61 216
61 227
61 253
61 283
61 285
61 290
61 336
61 338
61 339
61 356
61 363
61 423
61 432
61 516
61 529
61 531
61 533
61 550
61 558
61 573
61 695
61 773
62 91
62 92
62 98
62 105
62 108
62 117
62 120
62 123
62 136
62 137
62 146
62 155
62 175
62 183
62 205
62 235
62 240
62 243
62 271
62 297
62 321
62 329
62 340
62 349
62 375
62 491
62 498
62 503
62 517
62 521
62 522
62 534
62 568
62 636
62 681
62 687
62 711
62 712
62 732
62 783
62 792
63 71
63 93
63 96
63 103
63 125
63 135
63 142
63 156
63 158
63 201
63 212
63 236
63 246
63 266
63 271
63 303
63 347
63 354
63 367
63 375
63 490
63 495
63 520
63 550
63 572
63 653
63 689
63 739
63 763
63 786
64 102
64 111
64 166
64 177
64 179
64 230
64 294
64 355
64 469
64 514
64 520
64 551
64 684
64 725
64 772
65 81
65 84
65 98
65 104
65 118
65 139
65 142
65 160
65 161
65 204
65 231
65 250
65 281
65 285
65 335
65 455
65 504
65 521
65 635
65 729
65 745
65 751
66 76
66 78
66 82
66 83
66 91
66 97
66 105
66 111
66 138
66 139
66 148
66 162
66 170
66 185
66 201
66 210
66 211
66 232
66 249
66 259
66 282
66 295
66 303
66 319
66 338
66 341
66 355
66 360
66 393
66 406
66 411
66 417
66 426
66 433
66 484
66 511
66 556
66 564
66 580
66 599
66 601
66 661
66 668
66 794
67 72
67 88
67 103
67 108
67 140
67 147
67 162
67 168
67 210
67 221
67 223
67 229
67 236
67 240
67 242
67 249
67 263
67 284
67 316
67 323
67 327
67 328
67 342
67 471
67 479
67 496
67 519
67 524
67 583
67 586
67 590
67 598
67 624
67 627
67 629
67 651
67 653
67 670
67 712
67 725
67 732
67 749
67 754
68 69
68 71
68 72
68 76
68 87
68 90
68 111
68 113
68 126
68 153
68 158
68 163
68 164
68 181
68 214
68 224
68 227
68 241
68 244
68 258
68 276
68 296
68 320
68 321
68 323
68 341
68 383
68 462
68 473
68 487
68 538
68 564
68 568
68 583
68 664
68 796
69 86
69 87
69 89
69 95
69 111
69 117
69 134
69 143
69 144
69 227
69 273
69 281
69 331
69 387
69 406
69 492
69 494
69 508
69 563
69 567
69 643
70 82
70 91
70 104
70 109
70 127
70 136
70 144
70 145
70 153
70 154
70 157
70 165
70 177
70 180
70 197
70 214
70 268
70 277
70 278
70 339
70 342
70 345
70 356
70 359
70 361
70 362
70 368
70 374
70 377
70 378
70 381
70 398
70 427
70 430
70 432
70 438
70 454
70 457
70 468
70 478
70 486
70 507
70 513
70 519
70 534
70 536
70 559
70 577
70 582
70 600
70 608
70 673
70 676
70 689
70 709
70 712
70 764
70 776
70 783
71 95
71 138
71 139
71 178
71 182
71 187
71 201
71 245
71 249
71 273
71 307
71 313
71 327
71 379
71 419
71 574
71 627
71 685
71 715
72 93
72 132
72 190
72 191
72 243
72 265
72 270
72 288
72 309
72 329
72 617
72 657
72 693
72 710
72 760
73 80
73 89
73 122
73 126
73 133
73 138
73 189
73 194
73 200
73 207
73 288
73 295
73 299
73 301
73 303
73 321
73 335
73 342
73 343
73 360
73 365
73 387
73 390
73 402
73 417
73 423
73 438
73 464
73 466
73 510
73 524
73 526
73 527
73 530
73 534
73 599
73 657
73 727
73 731
73 738
73 778
74 88
74 201
74 218
74 294
74 441
74 556
74 715
74 744
75 81
75 82
75 85
75 86
75 87
75 97
75 104
75 107
75 110
75 127
75 133
75 151
75 156
75 177
75 206
75 227
75 239
75 244
75 250
75 260
75 270
75 277
75 288
75 299
75 307
75 333
75 345
75 384
75 429
75 430
75 452
75 502
75 516
75 526
75 550
75 568
75 580
75 630
75 631
75 634
75 685
75 729
76 78
76 94
76 117
76 120
76 135
76 136
76 138
76 147
76 197
76 201
76 229
76 264
76 338
76 398
76 515
76 525
76 585
76 627
76 664
76 671
76 779
77 82
77 97
77 101
77 131
77 134
77 153
77 182
77 193
77 198
77 224
77 231
77 239
77 328
77 338
77 381
77 393
77 412
77 429
77 531
77 562
77 608
77 631
77 636
77 642
77 653
77 659
77 783
78 79
78 80
78 81
78 87
78 106
78 115
78 118
78 120
78 121
78 145
78 152
78 155
78 159
78 162
78 194
78 203
78 229
78 230
78 236
78 251
78 267
78 274
78 301
78 302
78 303
78 314
78 323
78 344
78 345
78 350
78 364
78 378
78 382
78 390
78 391
78 394
78 396
78 427
78 439
78 453
78 465
78 468
78 501
78 530
78 533
78 621
78 634
78 640
78 646
78 664
78 783
79 127
79 131
79 151
79 180
79 202
79 213
79 238
79 322
79 370
79 374
79 451
79 515
79 551
79 584
79 684
79 686
79 694
79 706
79 741
79 760
79 764
80 81
80 83
80 85
80 88
80 91
80 98
80 99
80 119
80 133
80 135
80 147
80 184
80 259
80 277
80 281
80 308
80 318
80 325
80 338
80 353
80 376
80 378
80 410
80 418
80 420
80 438
80 460
80 489
80 490
80 497
80 543
80 554
80 565
80 574
80 576
80 590
80 593
80 664
80 680
80 708
80 718
80 778
80 787
81 101
81 106
81 140
81 146
81 185
81 200
81 203
81 223
81 237
81 315
81 415
81 416
81 421
81 436
81 446
81 481
81 535
81 552
81 578
81 586
81 641
81 723
82 89
82 95
82 100
82 101
82 119
82 127
82 147
82 180
82 181
82 187
82 192
82 199
82 289
82 318
82 322
82 339
82 376
82 380
82 399
82 434
82 463
82 476
82 551
82 601
82 638
82 665
82 765
82 779
82 798
83 96
83 116
83 131
83 140
83 155
83 167
83 185
83 187
83 240
83 307
83 328
83 469
83 483
83 510
83 601
83 625
83 633
83 792
83 793
84 98
84 127
84 167
84 191
84 227
84 230
84 309
84 327
84 340
84 367
84 429
84 444
84 496
84 497
84 508
84 566
84 694
84 787
85 95
85 98
85 101
85 112
85 116
85 149
85 162
85 166
85 205
85 216
85 217
85 245
85 247
85 271
85 282
85 284
85 315
85 371
85 416
85 472
85 483
85 497
85 518
85 567
85 588
85 621
85 690
85 740
85 770
85 790
86 93
86 103
86 120
86 136
86 178
86 180
86 199
86 232
86 248
86 291
86 299
86 321
86 323
86 414
86 460
86 516
86 555
86 616
86 667
87 96
87 99
87 119
87 144
87 147
87 149
87 168
87 279
87 291
87 304
87 434
87 517
87 543
87 608
87 645
87 767
87 774
87 778
87 794
88 95
88 105
88 121
88 163
88 167
88 174
88 180
88 219
88 231
88 232
88 247
88 250
88 252
88 257
88 261
88 326
88 328
88 354
88 362
88 392
88 401
88 442
88 449
88 497
88 511
88 531
88 566
88 571
88 576
88 589
88 607
88 611
88 659
88 691
88 694
88 700
88 770
89 109
89 118
89 130
89 145
89 151
89 161
89 218
89 236
89 240
89 241
89 254
89 262
89 265
89 269
89 313
89 316
89 347
89 348
89 403
89 407
89 433
89 435
89 496
89 497
89 506
89 537
89 598
89 785
90 101
90 102
90 104
90 119
90 122
90 166
90 171
90 175
90 178
90 179
90 190
90 218
90 225
90 233
90 286
90 296
90 307
90 312
90 318
90 380
90 425
90 443
90 447
90 465
90 472
90 486
90 515
90 523
90 528
90 538
90 545
90 551
90 552
90 581
90 592
90 715
90 723
90 724
90 737
90 754
90 775
91 113
91 115
91 140
91 150
91 175
91 212
91 217
91 255
91 265
91 274
91 314
91 326
91 341
91 356
91 422
91 435
91 489
91 496
91 515
91 516
91 537
91 539
91 547
91 561
91 591
91 681
91 704
91 720
91 732
91 734
91 765
92 114
92 115
92 124
92 173
92 183
92 184
92 223
92 260
92 269
92 316
92 318
92 376
92 388
92 455
92 476
92 490
92 506
92 515
92 524
92 548
92 555
92 567
92 774
92 785
93 258
93 283
93 295
93 317
93 334
93 340
93 388
93 407
93 470
93 471
93 477
93 493
93 561
93 585
93 670
94 101
94 105
94 118
94 170
94 191
94 198
94 269
94 416
94 437
94 449
94 508
94 576
94 590
94 592
94 596
94 695
95 129
95 133
95 172
95 188
95 219
95 263
95 281
95 373
95 388
95 403
95 422
95 476
95 493
95 555
95 685
95 755
95 785
96 97
96 114
96 126
96 142
96 154
96 158
96 194
96 195
96 224
96 235
96 247
96 278
96 283
96 284
96 357
96 462
96 511
96 523
96 528
96 654
96 745
96 764
97 100
97 109
97 110
97 151
97 166
97 171
97 181
97 184
97 185
97 194
97 207
97 226
97 228
97 238
97 249
97 258
97 285
97 288
97 296
97 325
97 347
97 350
97 359
97 399
97 442
97 465
97 492
97 507
97 508
97 515
97 535
97 539
97 581
97 619
97 640
97 645
97 648
97 680
97 746
98 107
98 117
98 123
98 150
98 151
98 171
98 177
98 195
98 197
98 212
98 236
98 245
98 299
98 315
98 330
98 332
98 354
98 390
98 406
98 411
98 412
98 420
98 441
98 470
98 473
98 474
98 489
98 553
98 584
98 610
98 634
98 651
98 665
98 675
98 676
98 683
98 689
98 690
98 727
98 731
99 108
99 111
99 121
99 142
99 145
99 190
99 206
99 224
99 225
99 237
99 273
99 278
99 368
99 380
99 483
99 496
99 527
99 544
99 552
99 572
99 600
99 623
99 641
99 654
99 708
99 739
99 745
99 787
100 111
100 132
100 151
100 164
100 188
100 250
100 305
100 322
100 463
100 482
100 507
100 546
100 655
100 660
100 755
100 762
101 108
101 128
101 136
101 140
101 170
101 188
101 192
101 218
101 222
101 233
101 240
101 255
101 259
101 264
101 268
101 272
101 273
101 309
101 316
101 319
101 373
101 397
101 411
101 419
101 426
101 439
101 463
101 467
101 477
101 532
101 535
101 565
101 569
101 574
101 594
101 665
101 688
101 706
101 729
101 732
101 734
101 750
101 784
101 785
101 799
102 106
102 130
102 132
102 200
102 208
102 218
102 253
102 316
102 333
102 375
102 393
102 418
102 419
102 422
102 461
102 517
102 518
102 530
102 590
102 592
102 671
102 713
103 112
103 125
103 128
103 137
103 154
103 188
103 198
103 242
103 265
103 320
103 349
103 396
103 404
103 425
103 437
103 492
103 494
103 506
103 515
103 667
103 700
104 112
104 114
104 127
104 131
104 141
104 143
104 162
104 163
104 215
104 226
104 235
104 241
104 254
104 262
104 268
104 313
104 348
104 386
104 389
104 393
104 410
104 451
104 482
104 606
104 647
104 723
105 120
105 121
105 134
105 141
105 148
105 158
105 160
105 234
105 262
105 287
105 357
105 369
105 382
105 498
105 505
105 528
105 553
105 663
105 698
105 706
105 789
106 107
106 132
106 169
106 182
106 185
106 198
106 206
106 213
106 286
106 303
106 313
106 328
106 346
106 376
106 390
106 446
106 502
106 503
106 578
106 592
106 678
107 117
107 178
107 179
107 189
107 200
107 247
107 274
107 285
107 301
107 307
107 334
107 345
107 409
107 436
107 442
107 519
107 554
107 621
107 641
107 647
107 742
108 112
108 125
108 158
108 209
108 215
108 229
108 279
108 301
108 313
108 320
108 351
108 446
108 461
108 488
108 540
108 541
108 557
108 603
108 695
108 746
109 112
109 142
109 143
109 179
109 182
109 189
109 241
109 251
109 258
109 287
109 293
109 343
109 420
109 529
109 626
109 632
109 684
109 700
109 746
110 138
110 147
110 149
110 154
110 161
110 221
110 235
110 254
110 272
110 283
110 284
110 287
110 352
110 563
110 589
110 728
110 731
110 750
111 120
111 122
111 135
111 143
111 212
111 250
111 287
111 293
111 320
111 349
111 358
111 412
111 428
111 458
111 506
111 516
111 553
111 558
111 631
111 635
111 656
111 688
111 698
111 702
111 729
112 115
112 117
112 192
112 207
112 215
112 237
112 253
112 266
112 364
112 390
112 436
112 438
112 497
112 552
112 589
112 661
112 681
113 138
113 152
113 159
113 165
113 184
113 199
113 216
113 225
113 240
113 251
113 300
113 302
113 318
113 338
113 362
113 401
113 409
113 416
113 434
113 439
113 445
113 530
113 533
113 583
113 682
113 746
114 121
114 124
114 128
114 187
114 190
114 232
114 276
114 278
114 307
114 334
114 347
114 355
114 380
114 385
114 466
114 477
114 569
114 639
114 682
114 683
114 718
114 721
115 228
115 234
115 257
115 274
115 276
115 402
115 456
115 488
115 518
115 562
115 575
115 642
115 768
115 770
115 782
115 790
116 137
116 179
116 207
116 219
116 233
116 298
116 304
116 413
116 417
116 424
116 459
116 462
116 466
116 478
116 512
116 523
116 582
116 658
116 665
117 132
117 157
117 170
117 256
117 261
117 385
117 395
117 473
117 485
117 505
117 553
117 639
117 691
117 734
117 771
117 772
118 122
118 125
118 193
118 270
118 336
118 343
118 424
118 498
118 509
118 511
118 585
118 610
118 618
118 662
118 695
118 744
118 745
119 141
119 165
119 183
119 211
119 272
119 291
119 297
119 358
119 360
119 404
119 470
119 493
119 539
119 557
119 597
119 620
119 654
119 674
119 689
119 744
119 749
120 123
120 147
120 157
120 164
120 169
120 188
120 233
120 295
120 314
120 339
120 345
120 362
120 373
120 385
120 453
120 467
120 482
120 495
120 601
120 616
120 700
120 730
120 759
121 122
121 125
121 154
121 216
121 233
121 243
121 274
121 311
121 400
121 445
121 556
121 593
121 663
121 694
121 758
121 777
121 788
121 789
122 210
122 244
122 280
122 285
122 296
122 301
122 368
122 407
122 444
122 455
122 472
122 473
122 486
122 661
122 693
122 768
122 782
122 793
122 798
123 167
123 168
123 186
123 252
123 259
123 280
123 324
123 355
123 359
123 381
123 383
123 401
123 436
123 456
123 518
123 546
123 660
123 738
124 143
124 148
124 164
124 176
124 187
124 191
124 202
124 208
124 210
124 220
124 230
124 247
124 261
124 325
124 343
124 423
124 495
124 538
124 592
124 611
124 743
125 154
125 156
125 158
125 174
125 176
125 196
125 207
125 255
125 442
125 489
125 508
125 720
125 763
125 791
126 128
126 144
126 145
126 157
126 169
126 190
126 210
126 224
126 234
126 247
126 267
126 278
126 294
126 297
126 299
126 316
126 322
126 326
126 343
126 357
126 382
126 442
126 444
126 451
126 454
126 457
126 473
126 552
126 556
126 582
126 598
126 624
126 664
126 669
126 749
126 758
127 142
127 177
127 194
127 250
127 276
127 293
127 304
127 398
127 427
127 432
127 473
127 509
127 556
127 570
127 594
127 618
127 761
127 799
128 144
128 146
128 172
128 178
128 214
128 267
128 472
128 522
128 531
128 636
128 643
128 663
128 700
129 252
129 350
129 461
129 464
129 569
129 606
130 186
130 213
130 225
130 228
130 259
130 284
130 367
130 472
130 617
130 657
130 680
130 683
130 699
130 710
130 741
130 786
131 145
131 164
131 213
131 219
131 236
131 252
131 365
131 384
131 389
131 392
131 433
131 463
131 478
131 604
131 678
131 689
131 798
132 135
132 173
132 193
132 405
132 569
132 570
132 574
132 795
132 796
133 143
133 149
133 150
133 183
133 195
133 243
133 248
133 252
133 302
133 350
133 377
133 383
133 385
133 420
133 425
133 426
133 475
133 491
133 601
133 631
133 651
133 665
133 688
133 696
133 745
133 750
134 154
134 178
134 182
134 198
134 205
134 221
134 237
134 241
134 254
134 260
134 264
134 270
134 286
134 289
134 338
134 343
134 368
134 377
134 394
134 419
134 439
134 446
134 485
134 567
134 630
134 672
134 686
135 171
135 182
135 205
135 208
135 211
135 212
135 242
135 266
135 345
135 420
135 453
135 470
135 533
135 573
135 593
135 608
135 619
135 624
135 682
135 703
135 745
135 786
135 797
136 146
136 149
136 155
136 163
136 172
136 223
136 255
136 267
136 293
136 316
136 387
136 413
136 420
136 438
136 472
136 474
136 486
136 588
136 606
136 637
136 642
136 708
136 713
136 751
136 760
136 765
137 148
137 251
137 376
137 406
137 498
137 540
137 711
137 723
138 163
138 224
138 282
138 315
138 359
138 448
138 747
139 182
139 189
139 191
139 199
139 203
139 216
139 250
139 254
139 260
139 272
139 368
139 370
139 391
139 405
139 408
139 417
139 428
139 475
139 487
139 502
139 539
139 603
139 681
139 701
139 730
139 775
140 165
140 175
140 178
140 193
140 232
140 540
140 697
140 705
140 733
141 156
141 158
141 219
141 297
141 316
141 332
141 395
141 457
141 458
141 674
142 233
142 235
142 245
142 247
142 308
142 324
142 369
142 382
142 390
142 451
142 459
142 471
142 504
142 602
142 747
143 146
143 148
143 155
143 156
143 160
143 163
143 173
143 180
143 203
143 229
143 252
143 284
143 353
143 365
143 471
143 501
143 653
143 673
143 759
143 773
143 777
143 780
144 173
144 198
144 203
144 218
144 265
144 312
144 397
144 418
144 498
144 561
144 698
144 752
145 194
145 195
145 196
145 230
145 243
145 244
145 315
145 321
145 328
145 334
145 391
145 414
145 430
145 433
145 477
145 574
145 577
145 611
145 618
145 626
145 644
145 645
145 649
145 665
145 706
145 709
145 752
145 755
146 150
146 152
146 171
146 174
146 204
146 208
146 215
146 217
146 220
146 264
146 312
146 324
146 332
146 346
146 349
146 390
146 396
146 413
146 427
146 490
146 499
146 520
146 550
146 569
146 578
146 632
146 724
146 737
146 796
146 797
147 177
147 203
147 311
147 354
147 363
147 427
147 582
147 597
147 682
147 698
147 723
147 781
148 192
148 228
148 232
148 257
148 330
148 336
148 358
148 362
148 366
148 368
148 444
148 452
148 459
148 483
148 528
148 531
148 546
148 765
148 771
149 212
149 263
149 461
149 505
149 536
149 563
149 621
149 654
149 680
149 792
150 153
150 193
150 204
150 246
150 279
150 336
150 350
150 351
150 382
150 395
150 409
150 475
150 479
150 484
150 557
150 570
150 593
150 640
150 664
150 667
150 780
150 784
151 159
151 162
151 170
151 185
151 201
151 202
151 218
151 232
151 267
151 269
151 349
151 400
151 439
151 499
151 562
151 591
151 643
151 655
151 734
151 740
152 173
152 199
152 207
152 214
152 253
152 274
152 277
152 344
152 387
152 412
152 439
152 440
152 512
152 562
152 584
152 599
152 612
152 655
152 690
152 714
152 746
152 755
152 787
153 250
153 255
153 262
153 506
153 529
153 631
153 751
154 172
154 225
154 226
154 229
154 246
154 254
154 317
154 326
154 441
154 615
154 637
154 662
154 670
155 260
155 297
155 311
155 512
155 527
155 548
155 645
155 699
155 764
156 204
156 237
156 259
156 310
156 338
156 345
156 462
156 466
156 536
156 552
156 633
156 712
156 713
156 714
157 234
157 252
157 301
157 340
157 378
157 398
157 474
157 554
157 700
158 187
158 192
158 197
158 248
158 288
158 331
158 341
158 342
158 418
158 572
158 588
158 736
159 174
159 181
159 202
159 222
159 231
159 306
159 324
159 329
159 335
159 353
159 373
159 468
159 478
159 484
159 514
159 528
159 554
159 571
159 577
159 593
159 624
159 690
159 697
159 739
159 762
160 184
160 306
160 324
160 388
160 396
160 439
160 578
160 610
160 725
160 744
160 748
160 792
161 178
161 212
161 224
161 246
161 314
161 346
161 364
161 647
162 204
162 236
162 241
162 257
162 353
162 455
162 479
162 504
162 541
162 625
162 648
162 707
162 756
162 780
163 169
163 209
163 224
163 309
163 329
163 360
163 471
163 480
163 502
163 626
163 694
164 167
164 225
164 234
164 279
164 298
164 321
164 323
164 347
164 384
164 443
164 505
164 549
164 688
165 228
165 252
165 266
165 295
165 337
165 381
165 405
165 515
165 697
165 757
165 772
166 178
166 237
166 269
166 407
166 504
166 539
166 573
166 600
166 669
166 698
166 750
167 208
167 238
167 266
167 324
167 369
167 379
167 393
167 443
167 514
167 535
167 583
167 727
167 743
168 179
168 203
168 213
168 230
168 248
168 263
168 287
168 300
168 327
168 355
168 362
168 364
168 380
168 428
168 449
168 565
168 591
168 605
168 607
168 615
168 630
168 656
168 660
168 742
168 769
169 199
169 386
169 479
169 540
169 612
169 646
169 657
169 717
169 763
169 774
170 192
170 211
170 222
170 269
170 335
170 360
170 388
170 454
170 476
170 502
170 594
170 624
170 668
170 709
170 786
171 199
171 230
171 308
171 533
171 677
171 679
171 703
171 710
171 719
171 733
171 745
171 753
172 176
172 240
172 260
172 262
172 269
172 270
172 303
172 309
172 344
172 348
172 371
172 393
172 403
172 416
172 443
172 461
172 463
172 501
172 528
172 581
172 602
172 648
172 661
172 672
172 710
172 750
173 177
173 191
173 193
173 222
173 290
173 293
173 346
173 392
173 417
173 435
173 465
173 467
173 509
173 523
173 595
173 598
173 683
173 739
174 227
174 243
174 261
174 302
174 500
174 528
174 541
174 553
174 575
174 599
174 744
174 799
175 189
175 305
175 344
175 348
175 408
175 480
175 487
175 520
175 521
175 586
175 645
175 658
175 790
175 792
176 193
176 205
176 243
176 317
176 324
176 359
176 374
176 456
176 532
176 543
176 570
176 588
176 643
176 691
176 704
177 492
177 514
177 522
177 653
177 765
177 768
177 790
178 184
178 252
178 257
178 275
178 310
178 319
178 322
178 379
178 420
178 431
178 445
178 544
178 575
178 625
178 648
178 674
178 705
178 762
178 771
178 797
179 197
179 198
179 230
179 236
179 272
179 275
179 276
179 291
179 308
179 410
179 497
179 518
179 612
179 678
179 717
179 738
179 749
180 210
180 274
180 332
180 338
180 359
180 436
180 458
180 477
180 532
180 535
180 679
180 795
181 212
181 256
181 272
181 293
181 326
181 331
181 368
181 372
181 381
181 533
181 583
181 742
182 217
182 265
182 283
182 294
182 305
182 331
182 369
182 386
182 507
182 582
183 205
183 294
183 299
183 325
183 356
183 403
183 646
184 215
184 468
184 484
184 665
184 685
185 222
185 316
185 370
185 401
185 492
185 494
185 525
185 627
185 680
186 193
186 263
186 385
186 410
186 452
186 487
186 619
186 628
186 644
186 645
186 646
186 787
187 197
187 213
187 222
187 226
187 230
187 280
187 292
187 337
187 366
187 392
187 400
187 418
187 424
187 494
187 624
187 721
188 206
188 369
188 496
188 597
188 629
188 653
188 734
188 766
188 797
188 799
189 255
189 368
189 378
189 462
189 605
189 650
189 669
189 727
190 196
190 215
190 234
190 235
190 237
190 243
190 251
190 281
190 350
190 364
190 398
190 401
190 402
190 408
190 412
190 414
190 416
190 429
190 475
190 565
190 566
190 571
190 610
190 628
190 638
190 730
190 733
190 739
190 746
190 762
190 798
191 192
191 242
191 252
191 335
191 377
191 417
191 436
191 516
191 523
191 558
192 299
192 326
192 423
192 429
192 521
192 526
192 612
192 670
193 199
193 312
193 320
193 352
193 408
193 456
193 564
193 576
194 203
194 214
194 220
194 266
194 272
194 281
194 290
194 300
194 313
194 320
194 396
194 417
194 428
194 466
194 497
194 518
194 536
194 592
194 618
194 619
194 668
194 738
195 214
195 217
195 224
195 231
195 256
195 263
195 270
195 308
195 342
195 405
195 406
195 422
195 430
195 447
195 595
195 637
195 796
196 213
196 229
196 275
196 340
196 554
196 623
196 677
196 739
197 206
197 262
197 325
197 355
197 386
197 477
197 534
197 696
197 749
198 210
198 244
198 287
198 292
198 314
198 376
198 377
198 432
198 507
198 600
198 724
198 726
198 736
198 760
198 782
199 215
199 287
199 291
199 425
199 431
199 596
199 674
199 767
200 208
200 223
200 259
200 322
200 386
200 390
200 397
200 433
200 464
200 538
200 556
201 230
201 249
201 313
201 317
201 381
201 402
201 466
201 521
201 536
201 537
201 555
201 566
201 594
201 625
201 636
201 697
201 714
201 794
202 227
202 258
202 272
202 280
202 349
202 354
202 359
202 429
202 535
202 572
202 577
203 220
203 223
203 264
203 287
203 288
203 289
203 294
203 298
203 303
203 308
203 337
203 352
203 359
203 379
203 384
203 397
203 435
203 456
203 460
203 478
203 555
203 567
203 601
203 619
203 634
203 663
203 671
203 679
203 714
203 748
203 782
203 788
204 285
204 305
204 327
204 399
204 453
204 483
204 523
204 551
204 587
204 596
204 640
204 660
204 735
204 789
205 216
205 257
205 272
205 355
205 364
205 414
205 424
205 441
205 451
205 509
205 584
205 732
206 258
206 343
206 372
206 392
206 404
206 426
206 427
206 458
206 469
206 525
206 542
206 629
206 714
206 734
207 277
207 320
207 356
207 400
207 406
207 435
207 442
207 470
207 487
207 592
207 619
207 638
207 675
207 784
207 791
208 221
208 230
208 502
208 608
208 675
208 714
208 735
208 751
208 754
209 228
209 248
209 253
209 268
209 306
209 356
209 367
209 374
209 412
209 425
209 473
209 491
209 534
209 553
209 682
209 722
209 749
209 790
210 239
210 292
210 296
210 318
210 319
210 355
210 392
210 415
210 436
210 437
210 459
210 491
210 528
210 538
210 582
211 247
211 312
211 346
211 383
211 421
211 445
211 465
211 490
211 580
211 604
211 663
211 678
211 728
211 756
211 793
212 215
212 217
212 265
212 313
212 351
212 395
212 430
212 437
212 763
213 220
213 305
213 310
213 353
213 403
213 428
213 433
213 484
213 555
213 610
213 762
214 226
214 357
214 389
214 424
214 427
214 463
214 506
214 550
214 572
215 237
215 239
215 246
215 293
215 355
215 357
215 454
215 482
215 683
215 688
216 227
216 298
216 317
216 328
216 402
216 429
216 456
216 481
216 566
216 573
216 588
216 595
216 615
216 649
216 657
216 689
216 765
217 229
217 265
217 283
217 289
217 327
217 359
217 416
217 452
217 532
217 545
217 568
217 669
217 705
217 733
217 760
217 799
218 255
218 314
218 362
218 472
218 501
218 541
218 603
218 661
219 231
219 283
219 419
219 488
219 587
219 616
220 280
220 597
220 602
220 631
220 658
220 731
221 351
221 379
221 386
221 416
221 419
221 426
221 470
221 471
221 501
221 670
221 701
221 723
221 772
222 265
222 327
222 451
222 479
222 529
222 548
222 593
222 648
222 674
222 740
222 785
223 279
223 311
223 385
223 434
223 496
223 580
223 618
223 644
223 729
223 739
224 271
224 276
224 322
224 418
224 420
224 467
224 507
224 585
224 678
224 702
224 790
225 270
225 340
225 436
225 476
225 494
225 513
225 558
225 587
225 593
225 685
225 716
225 719
225 721
225 738
226 229
226 248
226 294
226 354
226 358
226 400
226 551
226 602
226 741
227 330
227 337
227 347
227 510
227 616
227 628
228 277
228 306
228 339
228 448
228 468
228 557
228 584
228 605
228 685
228 730
229 239
229 258
229 310
229 330
229 331
229 465
229 524
229 564
229 603
229 672
229 693
229 773
229 795
230 232
230 242
230 247
230 253
230 277
230 300
230 399
230 518
230 523
230 545
230 577
230 617
230 631
230 775
231 249
231 280
231 300
231 376
231 597
231 656
231 689
231 743
231 790
232 294
232 333
232 337
232 350
232 401
232 429
232 438
232 547
232 594
232 595
232 775
232 779
233 235
233 306
233 321
233 379
233 420
233 453
233 564
233 691
233 749
233 767
234 573
234 585
234 753
234 762
235 428
235 437
235 538
235 567
235 569
235 795
236 259
236 275
236 295
236 387
236 439
236 479
236 644
236 676
236 749
237 300
237 304
237 339
237 401
237 444
237 556
237 586
237 620
237 624
237 732
237 771
238 239
238 258
238 261
238 267
238 352
238 441
238 471
238 472
238 481
238 488
238 541
238 559
238 604
238 615
238 681
238 722
238 725
238 728
238 742
239 327
239 365
239 460
239 495
239 546
239 621
240 253
240 262
240 542
240 548
240 676
240 688
240 704
240 748
240 753
240 763
241 287
241 325
241 372
241 395
241 423
241 455
241 507
241 597
241 752
241 765
242 255
242 269
242 283
242 329
242 349
242 487
242 530
242 647
242 655
242 662
242 685
242 776
243 273
243 302
243 314
243 382
243 445
243 500
243 503
243 635
243 672
243 692
243 764
244 267
244 312
244 320
244 410
244 438
244 479
244 504
244 576
244 581
244 588
244 651
244 677
245 281
245 291
245 330
245 378
245 429
245 491
245 500
245 652
245 668
246 277
246 394
246 408
246 409
246 439
246 475
246 525
246 608
246 616
246 658
246 692
246 722
246 781
246 784
247 267
247 287
247 373
247 385
247 420
247 436
247 509
247 667
247 670
247 679
247 686
247 721
247 753
247 759
248 253
248 290
248 293
248 382
248 444
248 581
248 613
248 622
248 681
248 711
248 728
248 737
249 274
249 323
249 375
249 389
249 407
249 511
249 547
249 587
249 753
250 251
250 256
250 262
250 269
250 286
250 424
250 434
250 441
250 451
250 499
250 559
250 574
250 577
250 604
250 612
250 624
250 652
250 668
250 726
250 732
250 768
251 293
251 325
251 367
251 572
251 748
251 767
252 261
252 280
252 294
252 369
252 458
252 566
252 599
253 309
253 334
253 350
253 404
253 416
253 451
253 468
253 547
253 549
253 557
253 591
253 658
253 669
253 701
253 706
253 739
253 751
253 770
253 774
254 266
254 323
254 387
254 394
254 407
254 427
254 464
254 522
254 524
254 585
254 662
254 676
254 682
254 729
255 415
255 448
255 548
255 772
255 797
256 283
256 407
256 498
256 578
256 658
256 777
257 275
257 319
257 323
257 369
257 467
257 549
257 561
257 656
257 667
257 692
257 722
257 750
258 458
258 468
258 482
258 494
258 511
258 535
258 537
259 291
259 292
259 395
259 411
259 432
259 433
259 440
259 453
259 461
259 475
259 571
259 605
259 616
259 651
260 374
260 441
260 454
260 462
260 573
260 671
260 677
260 772
260 780
260 787
261 281
261 374
261 403
261 567
261 573
261 597
261 647
262 272
262 413
262 505
262 679
262 717
263 264
263 325
263 357
263 365
263 398
263 422
263 461
263 465
263 503
263 593
263 620
263 732
264 270
264 309
264 318
264 342
264 483
264 541
264 658
264 715
265 284
265 321
265 529
265 638
266 337
266 391
266 406
266 445
266 534
266 632
266 661
266 677
266 678
266 738
266 776
267 299
267 386
267 396
267 488
268 450
268 503
269 275
269 292
269 414
269 437
269 522
269 650
269 681
269 740
270 443
270 596
270 598
270 655
270 660
270 693
271 330
271 436
271 444
271 450
271 577
271 623
271 624
271 797
272 276
272 486
272 520
272 537
272 649
272 715
273 310
273 408
273 537
273 547
273 558
274 305
274 308
274 348
274 379
274 436
274 651
274 747
274 795
275 334
275 345
275 428
275 467
275 643
275 767
276 326
276 342
276 406
276 473
276 512
276 551
276 568
276 758
277 279
277 291
277 354
277 356
277 364
277 386
277 404
277 422
277 424
277 475
277 479
277 686
277 731
278 325
278 335
278 348
278 394
278 443
278 462
278 547
279 290
279 367
279 400
279 475
279 530
279 545
279 610
279 661
279 669
279 698
279 734
279 735
280 289
280 391
280 396
280 437
280 576
280 637
280 671
280 748
280 757
280 772
280 787
280 796
281 352
281 458
281 477
281 488
281 538
281 573
281 641
281 643
281 648
281 660
281 704
281 735
282 296
282 302
282 329
282 387
282 526
282 549
282 551
282 612
282 632
282 747
282 784
283 325
283 336
283 346
283 390
283 397
283 428
283 434
283 477
283 557
283 684
284 348
284 370
284 394
284 395
284 400
284 447
284 517
284 532
284 767
284 795
285 287
285 402
285 522
285 592
285 605
285 624
285 751
285 795
286 460
286 536
286 552
286 554
286 598
286 651
286 716
286 756
286 760
287 298
287 319
287 335
287 525
287 538
287 660
287 663
287 756
288 455
288 489
288 615
288 624
288 740
289 371
289 456
289 498
289 620
289 719
290 336
290 445
290 456
290 458
290 619
290 695
290 768
290 773
290 790
291 405
291 407
291 488
291 655
292 311
292 315
292 327
292 405
292 667
293 301
293 354
293 409
293 445
293 480
293 676
294 323
294 350
294 374
294 379
294 474
294 476
294 500
294 507
294 611
294 693
295 298
295 300
295 307
295 344
295 393
295 608
295 643
295 650
296 308
296 360
296 421
296 483
296 490
296 520
296 611
296 622
297 418
297 553
297 563
297 640
297 762
298 391
298 681
298 752
299 304
299 354
299 409
299 417
299 437
299 449
299 485
299 499
299 522
299 608
299 620
299 741
299 785
300 330
300 635
300 671
300 675
300 698
300 699
300 712
300 731
300 779
300 782
300 786
300 793
301 368
301 370
301 382
301 383
301 584
301 699
301 718
301 728
301 793
302 321
302 323
302 326
302 388
302 448
302 481
302 488
302 569
302 580
302 605
302 620
302 642
302 694
302 721
302 738
303 312
303 314
303 343
303 449
303 534
303 560
303 627
303 636
303 712
303 792
304 322
304 371
304 377
304 580
304 587
304 588
304 607
304 612
304 636
304 713
304 742
304 758
304 772
305 364
305 406
305 485
305 534
305 634
305 668
307 347
307 431
307 443
307 444
307 475
307 482
307 513
307 556
307 615
307 671
308 416
308 421
308 491
308 520
308 672
308 733
309 401
309 426
309 725
309 784
310 336
310 343
310 389
310 531
310 590
310 627
310 713
310 714
311 331
311 335
311 409
311 472
311 606
311 707
311 738
312 335
312 356
312 445
312 449
312 478
312 495
312 548
312 573
312 737
312 738
313 379
313 396
313 610
313 690
313 718
314 316
314 336
314 391
314 452
314 508
314 532
314 622
314 641
314 644
314 646
314 765
314 775
315 548
315 631
316 423
316 439
316 448
316 451
316 550
316 562
316 578
316 598
316 638
316 686
317 465
317 490
317 594
317 669
317 674
317 703
317 785
318 342
318 355
318 361
318 398
318 413
318 457
318 474
318 515
318 527
318 590
318 763
318 793
319 337
319 353
319 518
319 561
319 583
319 586
319 696
319 706
319 750
320 359
320 487
320 546
320 548
320 562
320 570
320 712
320 796
321 348
321 491
321 546
321 562
321 572
321 601
321 626
321 649
321 754
321 757
321 790
322 333
322 489
322 524
322 674
322 681
322 696
323 352
323 422
323 556
323 633
323 702
323 721
324 372
324 381
324 605
324 638
324 708
325 459
325 501
325 509
325 512
325 574
325 641
325 730
325 765
326 379
326 407
326 409
326 440
326 485
326 511
326 607
326 633
326 720
327 410
327 431
327 444
327 530
327 537
327 542
327 587
327 597
327 633
327 701
327 781
327 782
328 357
328 363
328 381
328 396
328 407
328 437
328 451
328 469
328 525
328 630
328 707
329 341
329 449
329 599
329 613
329 648
329 666
329 675
329 716
330 337
330 453
330 523
330 711
331 342
331 353
331 358
331 559
331 752
332 393
332 450
332 502
332 579
332 616
332 707
332 726
333 351
333 363
333 372
333 375
333 385
333 413
333 488
333 514
333 539
333 555
333 676
333 749
334 367
334 386
334 413
334 416
334 570
334 666
334 687
335 349
335 365
335 414
335 538
335 564
335 584
335 630
335 646
335 683
335 710
335 717
336 456
336 686
336 697
337 366
337 421
337 532
337 552
337 559
337 632
337 641
337 681
337 746
338 410
338 507
338 537
339 368
339 369
339 478
339 487
339 491
339 510
339 511
339 575
339 589
340 390
341 664
341 791
342 486
342 490
342 512
342 521
342 534
342 563
343 402
343 482
343 490
343 495
343 584
343 596
343 720
343 728
343 753
343 772
344 387
344 414
344 455
344 489
344 569
344 587
344 637
344 661
344 669
344 691
345 640
345 725
346 357
346 392
346 428
346 558
346 601
346 763
347 399
347 463
347 547
347 595
347 639
347 733
348 353
348 545
348 552
348 571
348 594
348 628
348 672
348 783
349 358
349 380
349 394
349 398
349 463
349 534
349 591
349 663
349 676
349 713
349 736
349 757
349 762
350 513
350 610
351 357
351 599
351 604
351 653
351 778
352 357
352 377
352 387
352 411
352 419
352 482
353 431
353 435
353 566
353 716
353 769
354 377
354 392
354 456
354 514
354 532
354 596
354 598
354 637
354 738
354 748
355 367
355 388
355 483
355 570
355 587
355 593
355 618
355 774
355 783
356 439
356 554
356 575
356 617
356 667
356 670
356 674
357 378
357 443
357 459
357 546
357 561
357 562
357 563
357 613
357 679
357 720
357 773
358 626
359 389
359 734
360 459
360 583
360 589
360 596
360 609
360 620
361 454
361 544
361 545
361 551
361 634
362 368
362 384
362 469
362 498
362 615
362 735
362 747
363 442
363 496
363 646
364 377
364 468
364 638
364 753
365 394
365 412
365 440
365 446
365 492
365 506
365 776
366 383
366 430
366 443
366 480
366 519
366 629
367 650
367 690
368 431
368 539
368 558
368 647
368 660
368 713
368 744
369 370
369 375
369 383
369 523
369 645
369 646
369 791
370 399
370 531
370 592
370 635
370 657
370 723
371 376
372 376
372 407
372 415
373 399
373 423
373 484
373 554
373 608
373 617
373 654
373 668
373 780
374 388
374 411
374 414
374 440
374 452
374 526
374 603
374 720
374 724
374 776
375 425
375 546
375 558
376 387
376 525
376 673
376 714
377 389
377 395
377 448
377 476
378 465
378 467
378 542
378 647
378 663
378 683
379 430
379 522
379 567
379 659
379 758
379 795
380 383
380 444
380 510
380 527
380 549
380 563
380 666
380 676
380 685
381 415
381 466
381 644
381 727
381 754
382 432
382 540
382 549
382 559
382 572
382 591
382 648
382 699
382 726
383 457
383 464
383 495
383 519
383 778
384 433
384 481
384 498
384 506
384 548
384 780
385 530
385 633
385 669
385 751
386 404
386 482
386 516
386 573
386 595
387 410
387 445
387 754
388 440
388 479
388 716
388 777
389 463
389 480
389 521
389 643
389 679
390 499
390 716
390 743
391 394
391 426
391 430
391 449
391 476
391 497
391 503
391 534
391 577
391 622
391 633
391 667
391 689
391 705
391 708
391 729
391 778
392 424
392 519
392 520
392 537
392 576
393 394
393 425
393 474
393 482
393 535
393 569
393 621
393 632
393 698
393 701
393 767
393 768
393 788
394 425
394 450
394 519
394 549
394 566
394 594
394 636
394 778
395 568
396 410
396 412
396 424
396 448
396 489
396 720
397 399
397 440
397 603
397 702
398 427
398 433
398 475
398 499
398 589
398 639
398 708
399 498
399 555
399 578
399 722
399 758
400 462
400 511
400 558
400 579
400 600
400 709
401 406
401 440
401 520
401 580
401 699
401 759
402 582
402 585
402 619
402 627
402 737
402 766
403 408
403 455
403 457
403 528
403 569
403 611
403 638
403 687
403 759
404 589
404 666
404 745
404 778
405 478
405 589
405 773
406 415
406 541
406 543
406 561
406 648
406 729
406 760
407 492
407 519
408 509
408 548
408 570
408 591
408 601
408 623
408 678
408 690
409 470
409 545
409 658
409 669
409 699
409 709
409 780
409 796
410 514
410 629
410 637
410 727
410 768
411 617
411 675
412 443
412 464
412 473
412 569
412 629
412 652
413 750
413 756
414 622
414 658
414 662
414 758
414 776
414 788
415 506
415 535
415 598
415 612
415 623
415 723
415 736
415 744
415 745
415 760
416 492
416 710
417 488
417 524
417 532
417 560
417 639
417 678
417 682
417 702
417 753
418 426
418 448
418 619
418 633
418 717
418 746
419 557
419 613
419 695
419 723
419 771
420 500
420 538
420 541
420 546
420 707
421 454
421 475
421 579
421 605
421 654
421 718
422 506
422 631
422 717
422 787
423 431
423 458
423 460
423 481
423 739
423 788
424 478
424 579
424 644
424 654
425 542
425 549
425 599
425 662
425 789
426 452
426 464
426 559
426 598
426 633
426 650
427 545
427 658
427 712
427 728
428 495
428 501
428 625
428 761
429 443
429 562
429 567
429 576
429 585
430 511
430 525
430 540
430 543
430 724
430 761
430 785
431 484
431 565
431 604
431 675
431 704
431 705
432 480
432 523
433 484
433 522
433 598
433 621
433 630
433 649
433 768
434 440
434 453
434 564
434 719
434 786
435 500
435 553
435 590
435 659
436 526
437 495
437 521
437 550
437 636
437 731
438 579
438 614
438 695
439 642
439 649
439 799
440 465
440 603
440 687
441 454
441 669
442 473
443 493
443 639
443 672
443 766
444 524
444 535
444 561
444 673
445 477
445 559
445 682
446 571
447 459
448 576
449 461
449 485
449 541
449 705
449 711
449 714
450 609
450 615
450 616
450 644
450 661
450 672
450 725
451 663
451 689
451 796
451 797
451 799
452 663
453 458
453 638
453 693
453 791
454 457
454 496
454 527
454 583
454 702
454 713
454 724
454 781
455 545
455 559
455 560
455 608
455 620
455 701
456 586
456 596
456 635
456 691
456 756
456 766
457 557
457 589
458 513
458 630
458 697
459 471
459 508
459 549
459 552
459 562
459 630
459 635
459 640
459 770
459 797
460 476
460 493
460 600
460 602
460 612
460 622
460 714
460 725
461 471
461 525
461 614
461 720
461 736
461 768
462 542
462 543
462 577
462 637
462 756
462 775
464 486
464 586
464 649
464 756
464 792
465 488
465 535
465 742
465 779
466 510
466 512
466 544
466 616
467 469
467 476
467 626
467 678
467 771
468 561
468 630
468 677
468 756
468 782
468 792
469 604
470 632
470 758
471 482
471 504
471 513
471 572
471 594
471 636
472 513
472 517
472 585
472 654
472 737
473 620
473 646
474 498
474 566
474 694
474 699
474 736
474 753
474 761
474 777
475 612
475 696
475 718
475 794
476 502
476 559
476 571
476 645
477 510
477 647
478 567
478 652
479 673
480 529
480 544
480 567
480 572
480 589
480 622
480 665
480 792
481 510
481 557
481 581
482 493
482 602
482 609
482 633
482 655
483 733
483 739
484 496
484 516
484 544
484 547
484 700
484 716
484 794
485 497
485 715
486 510
487 530
487 558
487 711
487 753
488 599
488 603
488 650
488 773
488 781
489 594
489 620
489 684
490 508
491 646
491 736
492 543
492 628
492 694
493 540
493 581
493 600
493 764
494 567
494 705
495 524
495 626
495 643
495 657
495 735
495 757
496 525
496 718
497 500
497 661
498 503
498 554
498 578
498 587
498 709
498 789
499 555
499 615
499 639
499 757
500 657
500 719
500 769
501 520
501 533
501 589
501 659
501 674
501 704
501 766
502 603
503 614
504 590
504 604
504 686
505 542
505 584
505 591
506 581
506 732
507 607
507 696
507 702
507 743
507 780
508 512
508 588
508 652
509 673
509 714
509 774
510 583
510 599
510 611
510 697
510 705
511 613
511 716
511 799
512 517
512 554
512 717
513 552
514 539
514 560
514 593
514 609
514 664
514 710
514 763
516 536
516 546
516 664
516 735
517 560
517 694
517 744
519 526
519 565
519 587
519 702
520 548
520 635
520 701
520 730
521 540
521 545
521 563
521 691
521 737
522 607
522 626
522 764
523 572
523 687
523 707
523 712
523 766
523 786
524 588
524 619
524 661
524 667
524 754
525 571
526 533
526 678
526 777
527 579
527 724
528 560
528 611
528 785
529 556
529 755
531 571
531 691
531 716
531 759
532 570
532 674
532 706
532 719
533 634
534 679
534 747
535 636
535 688
535 770
535 793
536 580
536 591
536 659
536 715
536 740
536 797
537 575
537 642
539 708
539 769
540 730
541 667
542 570
542 627
542 656
542 726
543 565
543 794
544 634
544 671
544 705
544 731
545 679
545 683
545 701
545 711
546 582
546 675
547 601
547 668
547 745
547 750
547 759
548 653
548 684
548 723
548 775
551 565
551 600
552 696
552 767
553 559
553 616
553 763
554 656
554 700
554 757
554 798
555 579
555 596
555 727
556 696
557 564
557 633
557 637
557 769
557 789
558 610
558 701
558 729
558 789
559 614
559 702
559 736
559 765
560 784
561 643
561 693
561 721
561 731
561 761
561 794
562 617
562 677
563 689
564 588
564 652
564 700
564 740
564 780
565 595
566 704
566 798
568 726
568 754
569 718
569 785
570 583
573 592
573 621
573 630
573 727
574 606
574 607
574 769
575 576
575 695
577 579
577 618
577 666
577 737
578 626
578 686
579 791
581 609
581 613
582 645
582 743
583 610
583 619
583 655
583 670
583 689
583 711
583 758
584 615
584 638
584 759
585 597
585 712
585 787
585 791
586 697
586 730
587 686
587 768
588 746
589 634
590 720
591 634
591 684
591 741
592 602
592 775
593 638
594 707
595 609
595 713
595 717
596 604
597 625
597 629
597 640
598 671
598 793
599 606
599 731
599 780
601 602
601 779
602 722
603 644
603 685
603 708
603 781
604 650
605 691
605 703
605 720
606 688
606 772
607 746
608 678
608 694
608 735
609 648
609 667
609 680
609 696
610 717
610 740
611 711
611 722
611 776
611 788
612 680
612 702
612 708
612 788
613 666
614 639
616 630
616 781
616 788
617 623
617 730
617 789
618 695
619 671
620 622
620 653
620 684
620 694
620 757
620 761
621 645
621 747
622 743
623 726
623 792
623 799
624 664
626 642
626 677
626 690
626 781
627 711
628 639
628 767
631 771
631 796
632 680
633 652
633 667
634 795
637 696
637 742
638 783
639 755
640 650
640 680
640 687
641 738
642 765
643 721
644 736
644 770
645 656
645 680
645 683
647 701
648 663
649 673
649 707
650 692
650 773
652 684
654 722
654 753
655 699
655 768
656 773
656 786
657 762
657 779
660 797
662 755
666 769
668 780
669 741
669 745
669 772
671 728
671 743
672 724
673 736
674 715
674 739
675 734
677 690
678 716
680 741
682 725
682 744
682 749
684 734
684 777
685 771
686 747
686 752
687 748
690 754
691 786
691 798
693 708
695 717
696 726
697 704
699 703
704 708
704 776
705 761
706 762
708 794
709 776
710 724
712 755
714 757
717 748
718 798
722 776
722 789
724 768
725 776
726 737
726 756
727 740
728 754
728 791
729 742
729 765
733 796
735 748
736 799
737 774
742 758
743 779
743 794
744 760
744 777
744 779
744 787
749 769
751 775
763 764
769 782
775 785
781 798
789 790
