0 1
0 2
0 3
0 4
0 5
0 6
0 7
0 8
0 9
0 10
0 11
0 12
0 13
0 18
0 19
0 20
0 21
0 23
0 24
0 26
0 27
0 30
0 31
0 32
0 40
0 43
0 45
0 50
0 51
0 53
0 54
0 56
0 59
0 61
0 62
0 68
0 71
0 82
0 84
0 86
0 88
0 94
0 108
0 120
0 128
0 141
0 145
0 146
0 150
0 158
0 170
0 173
0 185
0 195
0 203
0 207
0 214
0 223
0 262
0 270
0 289
0 311
0 320
0 323
0 325
0 342
0 344
0 347
0 348
0 356
0 370
0 377
0 387
0 391
0 395
0 399
0 401
0 404
0 406
0 417
0 420
0 431
0 438
0 477
0 497
0 499
0 518
0 537
0 538
0 553
0 571
0 610
0 612
0 614
0 620
0 639
0 643
0 648
1 2
1 3
1 4
1 5
1 6
1 7
1 8
1 9
1 10
1 11
1 12
1 14
1 15
1 16
1 18
1 19
1 20
1 21
1 22
1 26
1 27
1 33
1 34
1 35
1 36
1 37
1 40
1 43
1 44
1 55
1 56
1 57
1 59
1 61
1 65
1 66
1 70
1 78
1 79
1 86
1 91
1 102
1 112
1 116
1 124
1 126
1 129
1 131
1 142
1 147
1 148
1 151
1 158
1 166
1 171
1 179
1 181
1 185
1 191
1 194
1 203
1 205
1 208
1 227
1 253
1 258
1 270
1 278
1 288
1 298
1 300
1 304
1 314
1 316
1 320
1 321
1 354
1 374
1 391
1 394
1 396
1 422
1 434
1 442
1 465
1 474
1 490
1 495
1 519
1 551
1 554
1 566
1 570
1 584
1 602
1 638
1 643
2 3
2 4
2 5
2 6
2 7
2 8
2 9
2 10
2 11
2 12
2 13
2 14
2 15
2 16
2 18
2 19
2 20
2 21
2 23
2 24
2 25
2 27
2 29
2 32
2 35
2 36
2 39
2 42
2 43
2 44
2 47
2 48
2 52
2 67
2 74
2 92
2 104
2 120
2 126
2 133
2 152
2 162
2 163
2 209
2 215
2 222
2 280
2 295
2 301
2 302
2 304
2 320
2 328
2 339
2 377
2 410
2 411
2 452
2 458
2 487
2 494
2 513
2 551
2 575
2 584
2 619
2 642
3 4
3 5
3 6
3 7
3 8
3 9
3 10
3 11
3 12
3 14
3 15
3 16
3 17
3 18
3 22
3 25
3 30
3 32
3 33
3 35
3 38
3 41
3 43
3 49
3 53
3 54
3 55
3 58
3 68
3 70
3 72
3 76
3 84
3 89
3 92
3 97
3 100
3 101
3 104
3 109
3 118
3 126
3 128
3 134
3 135
3 141
3 146
3 150
3 164
3 165
3 170
3 177
3 190
3 191
3 192
3 197
3 207
3 238
3 245
3 257
3 272
3 278
3 292
3 322
3 327
3 347
3 352
3 365
3 367
3 426
3 429
3 438
3 444
3 445
3 446
3 462
3 463
3 465
3 473
3 487
3 504
3 510
3 514
3 523
3 528
3 534
3 551
3 554
3 559
3 596
3 601
3 602
3 636
3 641
3 643
3 647
4 5
4 6
4 7
4 8
4 9
4 10
4 11
4 12
4 13
4 15
4 16
4 17
4 20
4 23
4 28
4 32
4 35
4 38
4 40
4 43
4 45
4 50
4 67
4 78
4 81
4 83
4 86
4 87
4 100
4 103
4 105
4 106
4 119
4 120
4 124
4 130
4 139
4 143
4 146
4 151
4 154
4 159
4 161
4 175
4 195
4 198
4 203
4 207
4 219
4 232
4 234
4 242
4 245
4 251
4 258
4 261
4 266
4 277
4 289
4 293
4 297
4 305
4 307
4 310
4 313
4 323
4 326
4 327
4 328
4 336
4 346
4 355
4 358
4 365
4 366
4 375
4 381
4 392
4 407
4 417
4 429
4 433
4 469
4 475
4 515
4 523
4 528
4 532
4 533
4 554
4 560
4 564
4 589
4 593
4 599
5 6
5 7
5 8
5 9
5 10
5 11
5 12
5 13
5 14
5 15
5 17
5 18
5 20
5 21
5 22
5 25
5 26
5 28
5 29
5 31
5 32
5 34
5 36
5 40
5 42
5 46
5 50
5 59
5 63
5 85
5 100
5 106
5 111
5 112
5 118
5 124
5 128
5 132
5 134
5 145
5 146
5 162
5 185
5 198
5 204
5 210
5 213
5 220
5 231
5 232
5 243
5 248
5 249
5 250
5 254
5 261
5 291
5 295
5 301
5 305
5 309
5 323
5 328
5 331
5 337
5 356
5 360
5 380
5 385
5 388
5 394
5 407
5 414
5 422
5 426
5 430
5 432
5 434
5 445
5 458
5 460
5 478
5 485
5 502
5 531
5 540
5 543
5 560
5 571
5 574
5 576
5 580
5 588
5 611
5 637
5 638
6 7
6 8
6 9
6 10
6 11
6 12
6 13
6 14
6 16
6 17
6 19
6 20
6 21
6 22
6 24
6 25
6 26
6 27
6 28
6 29
6 31
6 37
6 53
6 55
6 57
6 59
6 69
6 72
6 74
6 82
6 86
6 90
6 95
6 99
6 105
6 107
6 144
6 148
6 156
6 158
6 171
6 176
6 177
6 182
6 188
6 190
6 198
6 200
6 203
6 210
6 213
6 217
6 219
6 223
6 226
6 230
6 231
6 242
6 251
6 259
6 262
6 265
6 280
6 289
6 290
6 296
6 298
6 321
6 337
6 345
6 352
6 356
6 363
6 366
6 371
6 386
6 393
6 401
6 415
6 419
6 424
6 433
6 443
6 444
6 471
6 485
6 503
6 504
6 511
6 519
6 534
6 536
6 544
6 552
6 561
6 571
6 577
6 591
6 605
6 606
7 8
7 9
7 10
7 11
7 12
7 13
7 14
7 18
7 19
7 21
7 22
7 24
7 25
7 30
7 33
7 36
7 37
7 44
7 46
7 47
7 48
7 49
7 50
7 55
7 60
7 75
7 76
7 83
7 84
7 87
7 90
7 91
7 107
7 114
7 118
7 121
7 128
7 131
7 143
7 151
7 153
7 154
7 162
7 163
7 170
7 183
7 197
7 199
7 208
7 214
7 219
7 225
7 244
7 248
7 270
7 274
7 280
7 284
7 293
7 305
7 312
7 339
7 348
7 355
7 367
7 368
7 371
7 384
7 387
7 392
7 405
7 408
7 434
7 440
7 445
7 469
7 473
7 487
7 557
7 558
7 583
7 602
7 612
7 617
7 618
7 620
7 635
7 645
8 9
8 10
8 11
8 12
8 13
8 15
8 17
8 19
8 24
8 25
8 29
8 31
8 33
8 34
8 35
8 38
8 43
8 45
8 48
8 50
8 54
8 57
8 74
8 76
8 77
8 82
8 83
8 85
8 89
8 90
8 103
8 106
8 112
8 115
8 120
8 138
8 146
8 183
8 188
8 222
8 246
8 260
8 262
8 266
8 267
8 280
8 286
8 296
8 309
8 345
8 356
8 361
8 376
8 382
8 400
8 412
8 447
8 457
8 472
8 498
8 507
8 547
8 549
8 593
8 613
8 627
8 629
8 633
8 646
8 649
9 10
9 11
9 12
9 13
9 14
9 15
9 16
9 17
9 19
9 20
9 22
9 24
9 27
9 28
9 36
9 39
9 41
9 42
9 49
9 63
9 64
9 68
9 70
9 73
9 77
9 79
9 81
9 87
9 93
9 95
9 101
9 103
9 107
9 115
9 120
9 126
9 129
9 131
9 134
9 137
9 148
9 160
9 165
9 168
9 173
9 187
9 198
9 211
9 213
9 222
9 223
9 228
9 236
9 259
9 273
9 277
9 296
9 316
9 322
9 332
9 333
9 340
9 341
9 381
9 392
9 424
9 429
9 443
9 449
9 453
9 477
9 492
9 515
9 520
9 525
9 529
9 530
9 547
9 559
9 571
9 579
9 598
9 599
9 603
9 606
9 624
9 640
9 643
9 644
9 647
10 11
10 13
10 14
10 16
10 17
10 19
10 20
10 21
10 22
10 23
10 26
10 30
10 34
10 35
10 39
10 42
10 43
10 45
10 54
10 55
10 58
10 59
10 61
10 62
10 65
10 66
10 67
10 70
10 71
10 72
10 74
10 77
10 80
10 87
10 88
10 91
10 93
10 98
10 99
10 101
10 103
10 111
10 113
10 118
10 119
10 121
10 125
10 126
10 128
10 129
10 131
10 134
10 135
10 136
10 140
10 143
10 144
10 154
10 155
10 156
10 171
10 173
10 181
10 193
10 194
10 196
10 208
10 214
10 215
10 217
10 219
10 224
10 225
10 227
10 230
10 247
10 248
10 252
10 255
10 265
10 266
10 272
10 280
10 284
10 288
10 303
10 311
10 312
10 314
10 319
10 320
10 324
10 329
10 353
10 359
10 374
10 379
10 395
10 400
10 405
10 421
10 423
10 424
10 435
10 437
10 439
10 444
10 447
10 448
10 455
10 474
10 479
10 497
10 500
10 501
10 506
10 509
10 515
10 523
10 528
10 532
10 534
10 536
10 537
10 544
10 552
10 555
10 562
10 586
10 636
10 637
10 646
10 649
11 12
11 13
11 14
11 15
11 16
11 18
11 20
11 24
11 25
11 27
11 32
11 33
11 34
11 36
11 38
11 39
11 41
11 45
11 47
11 51
11 52
11 53
11 54
11 58
11 68
11 71
11 73
11 75
11 76
11 78
11 81
11 82
11 85
11 88
11 102
11 112
11 126
11 129
11 138
11 142
11 153
11 155
11 157
11 158
11 161
11 164
11 165
11 167
11 168
11 174
11 179
11 191
11 193
11 200
11 201
11 216
11 223
11 229
11 230
11 247
11 248
11 260
11 263
11 264
11 277
11 278
11 302
11 313
11 317
11 319
11 326
11 332
11 333
11 341
11 346
11 354
11 355
11 361
11 364
11 365
11 370
11 381
11 387
11 390
11 400
11 404
11 413
11 430
11 431
11 433
11 450
11 473
11 475
11 477
11 548
11 554
11 561
11 582
11 590
11 609
11 621
11 633
11 635
11 640
12 13
12 14
12 15
12 16
12 17
12 18
12 20
12 21
12 24
12 26
12 28
12 29
12 31
12 33
12 34
12 35
12 38
12 40
12 44
12 46
12 47
12 51
12 56
12 59
12 60
12 62
12 65
12 68
12 71
12 72
12 74
12 75
12 80
12 82
12 92
12 96
12 102
12 104
12 113
12 117
12 121
12 124
12 125
12 132
12 136
12 139
12 142
12 143
12 147
12 159
12 172
12 174
12 180
12 187
12 196
12 210
12 211
12 222
12 225
12 231
12 238
12 240
12 254
12 259
12 261
12 264
12 273
12 276
12 295
12 304
12 312
12 328
12 334
12 351
12 372
12 379
12 388
12 390
12 393
12 407
12 425
12 437
12 440
12 444
12 453
12 458
12 462
12 469
12 475
12 476
12 484
12 507
12 509
12 517
12 528
12 536
12 538
12 542
12 560
12 565
12 585
12 587
12 589
12 613
12 616
12 618
12 626
12 630
12 643
12 646
13 14
13 15
13 18
13 29
13 35
13 37
13 44
13 51
13 52
13 53
13 60
13 63
13 69
13 70
13 85
13 88
13 132
13 133
13 140
13 164
13 167
13 240
13 253
13 259
13 291
13 300
13 314
13 328
13 347
13 354
13 385
13 388
13 390
13 405
13 431
13 456
13 460
13 470
13 473
13 514
13 567
13 634
14 15
14 16
14 17
14 18
14 21
14 22
14 24
14 26
14 28
14 30
14 31
14 33
14 35
14 37
14 39
14 40
14 42
14 45
14 49
14 50
14 54
14 58
14 66
14 73
14 91
14 94
14 95
14 96
14 97
14 100
14 103
14 105
14 114
14 117
14 134
14 140
14 149
14 156
14 159
14 168
14 181
14 182
14 183
14 186
14 204
14 218
14 220
14 230
14 238
14 242
14 244
14 271
14 280
14 282
14 292
14 302
14 303
14 308
14 313
14 369
14 379
14 392
14 410
14 423
14 460
14 477
14 492
14 521
14 535
14 537
14 544
14 551
14 552
14 564
14 566
14 574
14 583
14 584
14 605
14 606
14 613
14 626
14 627
14 646
15 16
15 17
15 19
15 22
15 23
15 27
15 29
15 30
15 32
15 33
15 37
15 41
15 46
15 50
15 52
15 54
15 64
15 67
15 72
15 80
15 102
15 107
15 108
15 112
15 113
15 124
15 126
15 127
15 137
15 143
15 149
15 151
15 161
15 239
15 255
15 256
15 273
15 291
15 292
15 297
15 299
15 308
15 315
15 339
15 403
15 405
15 414
15 434
15 481
15 484
15 488
15 529
15 532
15 545
15 546
15 562
15 570
15 578
15 619
15 627
15 628
15 631
15 644
15 647
16 17
16 18
16 19
16 23
16 26
16 29
16 30
16 31
16 36
16 39
16 40
16 45
16 48
16 51
16 56
16 58
16 63
16 67
16 71
16 73
16 78
16 86
16 89
16 97
16 106
16 112
16 113
16 127
16 129
16 136
16 154
16 172
16 197
16 215
16 229
16 251
16 253
16 288
16 299
16 310
16 326
16 344
16 356
16 369
16 408
16 421
16 422
16 468
16 481
16 519
16 539
16 562
16 595
16 617
16 632
16 640
17 21
17 22
17 23
17 26
17 33
17 36
17 37
17 38
17 40
17 42
17 47
17 49
17 50
17 52
17 53
17 64
17 65
17 68
17 81
17 84
17 85
17 87
17 95
17 106
17 108
17 109
17 111
17 114
17 116
17 121
17 123
17 158
17 178
17 187
17 208
17 211
17 212
17 215
17 234
17 245
17 249
17 251
17 261
17 264
17 266
17 269
17 271
17 278
17 281
17 284
17 287
17 306
17 343
17 351
17 368
17 381
17 402
17 418
17 428
17 441
17 460
17 583
17 589
17 596
17 598
17 601
17 606
17 615
17 630
18 19
18 20
18 23
18 27
18 29
18 30
18 32
18 36
18 42
18 46
18 61
18 70
18 84
18 105
18 110
18 112
18 113
18 118
18 133
18 139
18 142
18 149
18 155
18 169
18 182
18 191
18 209
18 217
18 223
18 254
18 257
18 259
18 281
18 282
18 283
18 285
18 295
18 297
18 302
18 305
18 313
18 323
18 348
18 350
18 356
18 372
18 388
18 427
18 428
18 457
18 469
18 474
18 518
18 519
18 584
18 605
18 610
18 625
18 630
19 23
19 24
19 25
19 29
19 30
19 34
19 50
19 56
19 66
19 76
19 77
19 85
19 89
19 90
19 91
19 94
19 116
19 117
19 138
19 139
19 147
19 160
19 169
19 172
19 180
19 193
19 203
19 211
19 219
19 226
19 229
19 246
19 251
19 273
19 281
19 291
19 293
19 311
19 325
19 326
19 333
19 366
19 380
19 383
19 394
19 422
19 424
19 429
19 433
19 434
19 451
19 462
19 464
19 465
19 478
19 532
19 555
19 568
19 581
19 582
19 600
19 627
19 629
20 21
20 25
20 27
20 31
20 34
20 37
20 38
20 44
20 47
20 49
20 50
20 56
20 60
20 67
20 74
20 91
20 92
20 94
20 101
20 106
20 116
20 118
20 139
20 142
20 149
20 167
20 199
20 226
20 235
20 239
20 257
20 274
20 275
20 276
20 304
20 310
20 337
20 346
20 348
20 351
20 357
20 374
20 384
20 411
20 416
20 430
20 455
20 460
20 465
20 467
20 482
20 483
20 497
20 516
20 518
20 527
20 562
20 569
20 608
20 633
20 647
21 22
21 23
21 25
21 27
21 28
21 31
21 34
21 35
21 36
21 39
21 46
21 52
21 57
21 58
21 59
21 61
21 63
21 82
21 86
21 126
21 127
21 128
21 132
21 133
21 144
21 153
21 172
21 176
21 183
21 197
21 226
21 231
21 234
21 247
21 257
21 260
21 266
21 269
21 318
21 323
21 324
21 332
21 339
21 341
21 375
21 389
21 408
21 458
21 496
21 507
21 522
21 543
21 567
21 572
21 574
21 617
21 627
22 23
22 24
22 28
22 32
22 39
22 40
22 43
22 47
22 49
22 52
22 61
22 62
22 64
22 75
22 76
22 81
22 89
22 96
22 102
22 106
22 108
22 116
22 118
22 126
22 130
22 139
22 141
22 144
22 147
22 150
22 166
22 187
22 194
22 212
22 233
22 253
22 256
22 286
22 290
22 304
22 353
22 389
22 412
22 443
22 448
22 474
22 517
22 519
22 529
22 622
23 25
23 26
23 27
23 28
23 33
23 34
23 36
23 37
23 38
23 42
23 49
23 52
23 55
23 57
23 58
23 65
23 68
23 69
23 72
23 74
23 76
23 85
23 90
23 96
23 98
23 100
23 103
23 119
23 123
23 143
23 144
23 155
23 156
23 173
23 197
23 200
23 204
23 211
23 212
23 213
23 232
23 241
23 254
23 256
23 271
23 303
23 311
23 334
23 335
23 337
23 343
23 344
23 346
23 357
23 375
23 378
23 400
23 416
23 430
23 487
23 512
23 522
23 524
23 525
23 533
23 547
23 579
23 599
23 619
23 633
24 28
24 38
24 40
24 41
24 45
24 48
24 54
24 58
24 60
24 63
24 90
24 92
24 93
24 98
24 100
24 113
24 122
24 125
24 162
24 163
24 174
24 177
24 180
24 186
24 187
24 189
24 202
24 206
24 210
24 213
24 243
24 255
24 272
24 283
24 330
24 340
24 341
24 343
24 359
24 371
24 421
24 432
24 448
24 466
24 523
24 532
24 541
24 546
24 593
24 614
25 26
25 29
25 30
25 33
25 43
25 44
25 48
25 54
25 59
25 62
25 77
25 78
25 92
25 95
25 99
25 103
25 108
25 120
25 127
25 132
25 183
25 190
25 193
25 197
25 200
25 201
25 233
25 258
25 276
25 287
25 292
25 298
25 303
25 321
25 340
25 347
25 350
25 374
25 402
25 426
25 466
25 511
25 542
25 596
25 604
25 612
25 615
25 619
26 37
26 53
26 56
26 63
26 64
26 74
26 76
26 88
26 97
26 104
26 106
26 110
26 123
26 130
26 140
26 148
26 149
26 152
26 155
26 159
26 163
26 175
26 176
26 177
26 183
26 184
26 188
26 191
26 196
26 205
26 211
26 218
26 249
26 274
26 286
26 302
26 324
26 375
26 393
26 395
26 454
26 457
26 464
26 484
26 517
26 543
26 602
26 604
26 611
26 628
26 637
27 28
27 34
27 46
27 50
27 51
27 53
27 58
27 61
27 62
27 63
27 64
27 69
27 70
27 79
27 84
27 91
27 92
27 98
27 99
27 117
27 118
27 119
27 120
27 128
27 137
27 160
27 186
27 192
27 203
27 233
27 246
27 249
27 257
27 262
27 283
27 287
27 289
27 298
27 302
27 306
27 327
27 350
27 351
27 379
27 382
27 432
27 435
27 437
27 439
27 442
27 446
27 452
27 457
27 465
27 473
27 488
27 494
27 513
27 516
27 525
27 539
27 557
27 604
27 615
27 619
27 637
27 646
28 31
28 37
28 41
28 44
28 46
28 51
28 53
28 69
28 71
28 85
28 89
28 93
28 105
28 136
28 142
28 223
28 232
28 234
28 235
28 247
28 267
28 285
28 299
28 378
28 456
28 462
28 537
28 556
28 557
28 607
29 30
29 32
29 41
29 48
29 57
29 65
29 67
29 68
29 70
29 71
29 90
29 94
29 96
29 99
29 104
29 119
29 126
29 147
29 148
29 153
29 165
29 175
29 179
29 199
29 218
29 224
29 225
29 229
29 232
29 233
29 303
29 305
29 316
29 326
29 363
29 364
29 371
29 491
29 499
29 526
29 575
29 593
29 638
30 31
30 32
30 38
30 42
30 49
30 59
30 60
30 78
30 107
30 121
30 128
30 136
30 151
30 181
30 183
30 204
30 213
30 215
30 256
30 270
30 274
30 289
30 292
30 314
30 327
30 332
30 349
30 370
30 402
30 438
30 443
30 456
30 457
30 458
30 584
30 601
30 616
30 620
30 623
31 39
31 41
31 43
31 44
31 47
31 51
31 61
31 66
31 67
31 83
31 84
31 116
31 117
31 119
31 123
31 131
31 158
31 160
31 172
31 178
31 232
31 245
31 250
31 252
31 255
31 260
31 269
31 313
31 323
31 342
31 344
31 349
31 353
31 402
31 413
31 429
31 441
31 454
31 457
31 481
31 482
31 493
31 549
31 572
31 591
31 597
31 610
31 626
32 35
32 39
32 42
32 53
32 62
32 63
32 74
32 79
32 81
32 83
32 96
32 114
32 115
32 127
32 137
32 153
32 184
32 200
32 221
32 228
32 229
32 233
32 235
32 238
32 241
32 255
32 262
32 277
32 293
32 305
32 321
32 331
32 361
32 366
32 393
32 424
32 474
32 479
32 492
32 529
32 574
32 605
32 615
32 630
32 647
33 41
33 45
33 55
33 57
33 66
33 67
33 82
33 111
33 114
33 124
33 159
33 162
33 171
33 201
33 216
33 231
33 350
33 369
33 399
33 436
33 442
33 461
33 495
33 515
33 558
33 579
34 39
34 46
34 48
34 55
34 58
34 60
34 68
34 80
34 96
34 100
34 137
34 145
34 170
34 177
34 185
34 187
34 217
34 236
34 239
34 265
34 267
34 273
34 288
34 331
34 333
34 375
34 376
34 423
34 454
34 459
34 484
34 499
34 510
34 511
34 518
34 544
34 550
35 42
35 46
35 51
35 58
35 138
35 141
35 153
35 162
35 166
35 172
35 194
35 209
35 239
35 242
35 259
35 296
35 302
35 321
35 368
35 378
35 380
35 418
35 533
35 609
35 629
35 649
36 40
36 41
36 60
36 69
36 72
36 99
36 101
36 121
36 133
36 170
36 175
36 180
36 195
36 203
36 238
36 268
36 275
36 369
36 398
36 404
36 451
36 481
36 491
36 492
36 498
36 499
36 524
36 572
36 590
36 595
37 38
37 47
37 61
37 63
37 64
37 68
37 73
37 76
37 88
37 101
37 108
37 124
37 131
37 141
37 174
37 177
37 183
37 209
37 222
37 343
37 364
37 371
37 413
37 459
37 470
37 474
37 523
37 568
37 625
37 630
38 41
38 47
38 54
38 70
38 71
38 83
38 88
38 90
38 137
38 157
38 199
38 202
38 203
38 216
38 220
38 250
38 254
38 290
38 317
38 332
38 345
38 350
38 487
38 555
38 565
38 608
38 648
39 49
39 56
39 57
39 60
39 62
39 75
39 79
39 80
39 82
39 83
39 87
39 102
39 123
39 128
39 145
39 149
39 164
39 174
39 185
39 198
39 209
39 217
39 224
39 225
39 243
39 248
39 268
39 306
39 322
39 338
39 344
39 392
39 396
39 417
39 448
39 450
39 462
39 464
39 498
39 515
39 564
39 603
39 619
39 626
39 631
39 637
40 43
40 44
40 45
40 51
40 61
40 66
40 73
40 79
40 81
40 107
40 108
40 111
40 117
40 122
40 137
40 140
40 173
40 186
40 189
40 215
40 229
40 230
40 242
40 255
40 296
40 318
40 322
40 335
40 351
40 360
40 377
40 427
40 438
40 467
40 487
40 496
40 507
40 523
40 536
40 539
40 589
40 602
40 622
40 641
41 45
41 47
41 52
41 65
41 73
41 77
41 94
41 104
41 107
41 114
41 115
41 132
41 136
41 138
41 144
41 149
41 159
41 182
41 192
41 196
41 205
41 212
41 223
41 225
41 235
41 237
41 247
41 266
41 275
41 295
41 309
41 311
41 333
41 336
41 338
41 340
41 358
41 377
41 416
41 425
41 453
41 474
41 492
41 505
41 593
42 44
42 52
42 71
42 82
42 89
42 103
42 106
42 111
42 121
42 126
42 152
42 154
42 174
42 207
42 221
42 230
42 263
42 292
42 329
42 339
42 344
42 361
42 374
42 385
42 403
42 404
42 411
42 415
42 419
42 436
42 492
42 516
42 518
42 530
42 535
42 551
42 572
42 611
42 618
42 627
42 637
43 56
43 60
43 69
43 74
43 79
43 95
43 96
43 109
43 117
43 127
43 144
43 153
43 154
43 156
43 164
43 210
43 227
43 234
43 237
43 244
43 253
43 281
43 345
43 358
43 359
43 376
43 386
43 394
43 395
43 409
43 420
43 461
43 514
43 569
44 48
44 52
44 60
44 63
44 64
44 67
44 83
44 86
44 92
44 97
44 137
44 172
44 196
44 201
44 227
44 240
44 261
44 272
44 277
44 285
44 287
44 331
44 336
44 345
44 346
44 355
44 412
44 414
44 425
44 441
44 442
44 450
44 527
44 541
44 559
44 577
44 579
44 598
44 639
45 46
45 49
45 53
45 79
45 95
45 105
45 120
45 125
45 163
45 167
45 169
45 185
45 198
45 207
45 210
45 211
45 228
45 246
45 256
45 284
45 286
45 330
45 343
45 370
45 374
45 399
45 429
45 458
45 467
45 468
45 477
45 480
45 490
45 540
45 545
45 559
45 563
45 586
45 596
45 606
46 48
46 54
46 55
46 59
46 102
46 109
46 116
46 121
46 138
46 152
46 155
46 161
46 203
46 204
46 216
46 261
46 283
46 287
46 304
46 308
46 314
46 333
46 367
46 423
46 491
46 566
46 568
46 590
46 594
46 599
46 643
47 48
47 51
47 57
47 61
47 65
47 70
47 72
47 76
47 79
47 88
47 89
47 105
47 107
47 111
47 114
47 123
47 125
47 129
47 138
47 153
47 156
47 163
47 172
47 201
47 219
47 240
47 241
47 275
47 279
47 303
47 317
47 331
47 340
47 352
47 367
47 382
47 414
47 535
47 536
47 556
47 568
47 569
48 56
48 64
48 66
48 68
48 74
48 75
48 81
48 98
48 104
48 114
48 117
48 129
48 130
48 148
48 152
48 168
48 181
48 188
48 189
48 194
48 198
48 210
48 212
48 217
48 222
48 236
48 248
48 253
48 280
48 295
48 308
48 328
48 329
48 338
48 346
48 360
48 378
48 386
48 389
48 403
48 413
48 442
48 465
48 476
48 481
48 494
48 509
48 518
48 538
48 553
48 590
48 601
48 607
48 616
48 629
49 59
49 69
49 72
49 77
49 87
49 94
49 102
49 104
49 125
49 139
49 147
49 182
49 196
49 216
49 228
49 232
49 245
49 272
49 282
49 307
49 315
49 321
49 328
49 332
49 338
49 385
49 391
49 399
49 411
49 418
49 458
49 471
49 560
49 611
49 634
49 637
50 78
50 79
50 101
50 120
50 134
50 161
50 162
50 192
50 213
50 214
50 221
50 224
50 233
50 276
50 278
50 279
50 296
50 339
50 347
50 364
50 381
50 409
50 420
50 425
50 470
50 524
50 525
50 528
50 536
50 538
50 557
50 569
50 576
51 56
51 65
51 72
51 80
51 86
51 110
51 143
51 152
51 166
51 175
51 210
51 272
51 290
51 291
51 308
51 345
51 348
51 349
51 370
51 378
51 449
51 479
51 508
51 524
51 544
51 558
51 586
51 614
52 62
52 70
52 84
52 110
52 124
52 143
52 164
52 187
52 201
52 214
52 237
52 251
52 268
52 270
52 275
52 304
52 310
52 315
52 330
52 343
52 350
52 351
52 355
52 362
52 378
52 394
52 396
52 417
52 422
52 441
52 455
52 470
52 484
52 550
52 565
52 577
52 625
52 647
53 55
53 69
53 71
53 73
53 78
53 86
53 105
53 116
53 122
53 127
53 132
53 134
53 151
53 154
53 157
53 169
53 178
53 209
53 226
53 241
53 244
53 253
53 262
53 263
53 264
53 275
53 278
53 281
53 295
53 307
53 311
53 326
53 339
53 364
53 395
53 425
53 438
53 451
53 481
53 508
53 513
53 515
53 614
54 55
54 57
54 62
54 73
54 75
54 83
54 85
54 86
54 87
54 94
54 98
54 138
54 146
54 164
54 184
54 211
54 230
54 235
54 236
54 256
54 266
54 268
54 280
54 357
54 372
54 419
54 486
54 502
54 506
54 514
54 534
54 596
54 632
54 633
55 77
55 83
55 91
55 93
55 98
55 109
55 133
55 144
55 149
55 150
55 159
55 175
55 179
55 180
55 181
55 195
55 209
55 224
55 231
55 279
55 356
55 382
55 385
55 444
55 454
55 456
55 458
55 465
55 511
55 547
55 588
55 593
55 610
55 614
55 647
56 57
56 69
56 81
56 158
56 176
56 204
56 278
56 287
56 307
56 315
56 478
56 480
56 483
56 527
57 64
57 66
57 78
57 80
57 100
57 110
57 112
57 142
57 161
57 167
57 193
57 204
57 283
57 309
57 439
57 453
57 534
57 564
57 600
57 640
58 62
58 67
58 75
58 78
58 100
58 111
58 127
58 169
58 170
58 181
58 183
58 189
58 225
58 252
58 297
58 313
58 321
58 338
58 377
58 420
58 440
58 441
58 466
58 539
58 577
58 595
58 642
59 64
59 65
59 93
59 98
59 104
59 107
59 110
59 139
59 143
59 195
59 196
59 206
59 243
59 282
59 283
59 284
59 285
59 318
59 330
59 359
59 410
59 412
59 432
59 434
59 486
59 606
59 618
59 624
59 641
60 65
60 66
60 80
60 83
60 88
60 92
60 99
60 125
60 141
60 145
60 147
60 149
60 156
60 157
60 159
60 184
60 200
60 203
60 205
60 206
60 214
60 218
60 297
60 307
60 314
60 319
60 321
60 341
60 345
60 370
60 415
60 444
60 454
60 470
60 478
60 482
60 491
60 546
60 638
61 66
61 85
61 101
61 202
61 206
61 283
61 303
61 306
61 374
61 393
61 436
62 71
62 77
62 79
62 86
62 93
62 97
62 135
62 152
62 157
62 163
62 192
62 219
62 227
62 228
62 267
62 291
62 330
62 335
62 344
62 367
62 385
62 387
62 407
62 421
62 430
62 433
62 467
62 500
62 513
62 527
62 539
62 571
62 616
63 73
63 75
63 104
63 108
63 114
63 135
63 141
63 146
63 179
63 206
63 216
63 220
63 225
63 255
63 275
63 293
63 309
63 354
63 428
63 536
63 566
63 582
63 590
64 82
64 120
64 124
64 170
64 230
64 264
64 282
64 297
64 318
64 346
64 359
64 450
64 478
64 539
64 567
64 585
64 607
64 609
64 649
65 75
65 76
65 81
65 82
65 84
65 88
65 89
65 91
65 97
65 105
65 113
65 115
65 119
65 129
65 131
65 176
65 186
65 190
65 197
65 210
65 233
65 234
65 237
65 241
65 242
65 251
65 257
65 289
65 299
65 314
65 447
65 462
65 466
65 468
65 486
65 494
65 511
65 523
65 524
65 527
65 557
65 563
65 571
65 578
65 583
65 595
65 608
65 623
66 69
66 88
66 89
66 94
66 95
66 109
66 110
66 114
66 119
66 122
66 130
66 140
66 155
66 164
66 171
66 175
66 181
66 184
66 194
66 215
66 217
66 227
66 250
66 254
66 263
66 264
66 278
66 301
66 315
66 347
66 355
66 368
66 387
66 461
66 473
66 491
66 494
66 526
66 534
66 541
66 543
66 550
66 563
66 570
66 601
66 646
67 90
67 95
67 124
67 125
67 135
67 136
67 161
67 200
67 221
67 244
67 246
67 265
67 282
67 287
67 298
67 299
67 397
67 407
67 433
67 434
67 454
67 459
67 493
67 503
67 544
67 546
68 80
68 110
68 113
68 127
68 130
68 141
68 202
68 212
68 216
68 248
68 271
68 293
68 384
68 413
68 426
68 446
68 485
68 490
68 523
68 608
68 626
68 629
69 73
69 75
69 84
69 108
69 163
69 169
69 179
69 198
69 220
69 253
69 260
69 296
69 300
69 307
69 338
69 368
69 395
69 397
69 409
69 411
69 449
69 510
69 533
69 576
69 597
69 604
69 628
69 639
70 72
70 77
70 103
70 105
70 134
70 139
70 161
70 176
70 242
70 266
70 281
70 325
70 337
70 343
70 451
70 467
70 468
70 487
71 101
71 173
71 201
71 205
71 232
71 243
71 310
71 343
71 372
71 507
71 579
72 106
72 108
72 109
72 125
72 168
72 174
72 188
72 189
72 190
72 220
72 282
72 285
72 286
72 288
72 320
72 334
72 339
72 380
72 387
72 392
72 399
72 406
72 409
72 410
72 419
72 430
72 440
72 509
72 532
72 540
72 554
72 583
72 586
72 589
72 627
73 81
73 90
73 91
73 98
73 109
73 111
73 125
73 133
73 172
73 173
73 189
73 191
73 250
73 258
73 276
73 356
73 369
73 401
73 456
73 545
73 562
73 583
73 586
73 594
74 84
74 107
74 112
74 115
74 130
74 135
74 138
74 170
74 254
74 265
74 307
74 310
74 328
74 331
74 381
74 382
74 401
74 446
74 548
74 562
74 566
74 615
74 631
75 77
75 102
75 103
75 113
75 115
75 122
75 133
75 140
75 145
75 156
75 160
75 171
75 191
75 198
75 224
75 226
75 228
75 243
75 281
75 316
75 325
75 337
75 342
75 343
75 351
75 360
75 414
75 417
75 498
75 520
75 579
76 78
76 80
76 100
76 102
76 111
76 114
76 117
76 119
76 130
76 136
76 166
76 169
76 219
76 220
76 238
76 282
76 284
76 304
76 335
76 399
76 406
76 421
76 452
76 463
76 489
76 528
76 584
76 586
77 87
77 96
77 97
77 98
77 101
77 112
77 118
77 142
77 154
77 156
77 157
77 163
77 165
77 167
77 173
77 188
77 220
77 223
77 240
77 267
77 272
77 285
77 307
77 330
77 340
77 420
77 423
77 437
77 448
77 488
77 493
77 494
77 519
77 548
77 552
77 568
77 580
77 599
77 607
77 614
77 641
78 99
78 104
78 106
78 115
78 153
78 174
78 183
78 188
78 195
78 205
78 222
78 226
78 240
78 258
78 271
78 284
78 289
78 357
78 383
78 393
78 407
78 464
78 478
78 495
78 501
78 519
78 529
78 530
78 568
78 578
78 590
78 636
79 80
79 87
79 123
79 142
79 169
79 181
79 224
79 280
79 324
79 388
79 394
79 395
79 425
79 436
80 92
80 93
80 95
80 100
80 115
80 151
80 166
80 193
80 200
80 234
80 239
80 242
80 251
80 256
80 342
80 461
80 464
80 524
80 545
80 547
80 577
81 92
81 94
81 101
81 109
81 113
81 133
81 157
81 158
81 163
81 188
81 189
81 204
81 207
81 248
81 270
81 292
81 302
81 398
81 408
81 504
81 516
81 522
81 562
81 582
81 603
81 635
82 89
82 122
82 160
82 188
82 189
82 194
82 195
82 239
82 273
82 337
82 349
82 366
82 371
82 388
82 390
82 404
82 497
82 516
82 587
83 87
83 91
83 93
83 97
83 121
83 129
83 178
83 179
83 221
83 231
83 266
83 283
83 306
83 345
83 352
83 361
83 372
83 398
83 400
83 462
83 525
83 530
83 572
83 581
83 624
83 633
84 85
84 95
84 103
84 145
84 147
84 166
84 167
84 175
84 221
84 246
84 269
84 274
84 277
84 308
84 329
84 346
84 371
84 405
84 422
84 488
84 538
84 628
85 99
85 135
85 140
85 173
85 193
85 238
85 271
85 294
85 306
85 338
85 377
85 414
85 439
85 467
85 516
85 578
85 639
86 115
86 121
86 130
86 132
86 170
86 202
86 269
86 283
86 311
86 317
86 334
86 374
86 380
86 383
86 401
86 443
86 460
86 540
86 611
86 615
87 109
87 132
87 151
87 166
87 180
87 181
87 199
87 232
87 233
87 246
87 258
87 265
87 276
87 284
87 393
87 397
87 439
87 458
87 477
87 524
87 592
88 97
88 117
88 162
88 182
88 186
88 212
88 224
88 236
88 237
88 246
88 250
88 256
88 275
88 301
88 312
88 326
88 336
88 435
88 446
88 473
88 490
88 512
89 90
89 93
89 96
89 116
89 131
89 147
89 184
89 217
89 254
89 259
89 271
89 284
89 309
89 316
89 331
89 359
89 371
89 397
89 428
89 458
89 470
90 97
90 127
90 135
90 160
90 191
90 225
90 247
90 281
90 323
90 352
90 392
90 419
90 424
90 454
90 500
90 520
90 541
90 564
90 573
91 110
91 150
91 154
91 159
91 164
91 189
91 193
91 204
91 249
91 258
91 276
91 299
91 301
91 335
91 354
91 358
91 379
91 382
91 407
91 414
91 472
91 480
91 532
91 589
91 632
91 649
92 93
92 94
92 98
92 99
92 119
92 123
92 128
92 131
92 161
92 235
92 464
92 528
92 540
92 591
92 623
93 102
93 105
93 122
93 156
93 165
93 173
93 190
93 208
93 263
93 271
93 398
93 404
93 505
93 523
94 99
94 123
94 141
94 145
94 166
94 167
94 168
94 174
94 176
94 185
94 187
94 199
94 202
94 205
94 235
94 239
94 255
94 288
94 293
94 297
94 319
94 328
94 348
94 360
94 370
94 375
94 389
94 422
94 437
94 475
94 480
94 488
94 521
94 555
94 573
94 638
95 96
95 113
95 128
95 137
95 151
95 157
95 164
95 168
95 179
95 181
95 184
95 215
95 232
95 235
95 255
95 285
95 294
95 316
95 334
95 383
95 401
95 415
95 471
95 526
95 560
95 631
95 640
96 108
96 122
96 125
96 177
96 199
96 233
96 253
96 306
96 307
96 308
96 346
96 377
96 420
96 597
96 618
97 110
97 117
97 140
97 154
97 189
97 190
97 192
97 225
97 226
97 379
97 453
97 462
97 497
97 535
97 549
97 552
97 560
97 583
97 592
97 617
98 107
98 122
98 123
98 168
98 227
98 267
98 274
98 289
98 295
98 300
98 325
98 362
98 367
98 368
98 386
98 390
98 453
98 506
98 565
98 573
98 640
99 110
99 116
99 137
99 143
99 155
99 160
99 177
99 193
99 202
99 228
99 328
99 351
99 373
99 485
99 592
99 625
100 132
100 134
100 154
100 192
100 253
100 266
100 281
100 290
100 295
100 466
100 476
100 509
100 641
101 112
101 162
101 167
101 270
101 341
101 384
101 421
101 452
101 498
102 109
102 136
102 138
102 161
102 178
102 187
102 190
102 208
102 209
102 241
102 263
102 303
102 336
102 364
102 378
102 425
102 448
102 449
102 506
102 546
102 574
103 140
103 150
103 152
103 155
103 160
103 184
103 187
103 197
103 210
103 213
103 219
103 263
103 330
103 352
103 375
103 421
103 423
103 427
103 440
103 463
103 473
103 513
103 586
103 648
104 144
104 148
104 196
104 209
104 214
104 222
104 235
104 256
104 315
104 416
104 444
104 498
104 517
104 584
104 591
104 592
104 596
105 131
105 159
105 220
105 268
105 311
105 316
105 319
105 321
105 334
105 381
105 386
105 433
105 596
105 613
105 620
106 111
106 116
106 122
106 149
106 168
106 261
106 391
106 437
106 451
106 492
106 535
106 596
107 132
107 135
107 155
107 165
107 184
107 200
107 243
107 252
107 267
107 294
107 306
107 359
107 365
107 375
107 457
107 486
107 555
107 561
107 570
108 115
108 118
108 198
108 298
108 347
108 388
108 458
108 542
109 121
109 122
109 150
109 180
109 212
109 223
109 249
109 258
109 294
109 324
109 416
109 443
109 487
109 499
109 524
109 542
109 613
109 624
109 627
109 641
110 123
110 167
110 189
110 206
110 213
110 286
110 317
110 318
110 346
110 360
110 361
110 369
110 374
110 385
110 391
110 396
110 421
110 436
110 439
110 581
110 592
111 131
111 152
111 214
111 218
111 220
111 237
111 248
111 274
111 360
111 369
111 473
112 120
112 152
112 177
112 184
112 188
112 194
112 219
112 240
112 260
112 285
112 288
112 320
112 330
112 332
112 336
112 365
112 380
112 391
112 433
112 452
112 454
112 485
112 510
112 542
112 584
112 588
112 599
112 605
112 614
112 640
113 186
113 252
113 260
113 326
113 384
113 508
113 541
113 555
113 572
113 598
114 182
114 247
114 369
114 374
114 390
114 635
115 118
115 129
115 142
115 146
115 148
115 238
115 257
115 402
115 516
115 575
115 606
116 135
116 136
116 148
116 150
116 207
116 208
116 217
116 340
116 349
116 376
116 447
116 480
116 500
116 569
116 580
116 614
117 119
117 124
117 130
117 151
117 170
117 174
117 237
117 467
117 479
117 496
117 510
117 554
117 581
117 648
118 130
118 135
118 140
118 145
118 146
118 147
118 160
118 172
118 221
118 261
118 322
118 332
118 363
118 390
118 459
118 538
118 572
118 594
118 640
119 236
119 330
119 331
119 438
119 508
119 565
120 136
120 138
120 139
120 143
120 144
120 146
120 158
120 170
120 171
120 174
120 222
120 250
120 264
120 274
120 284
120 297
120 310
120 314
120 321
120 411
120 441
120 452
120 495
120 563
120 577
120 615
120 632
121 127
121 141
121 158
121 190
121 202
121 237
121 265
121 285
121 292
121 363
121 406
121 408
121 450
121 453
121 486
121 543
121 544
121 551
121 620
122 133
122 146
122 169
122 185
122 242
122 259
122 342
122 347
122 403
122 438
122 491
122 635
123 157
123 171
123 177
123 201
123 205
123 218
123 251
123 270
123 277
123 315
123 372
123 391
123 421
123 443
123 503
123 525
123 639
124 134
124 186
124 188
124 192
124 196
124 261
124 264
124 279
124 298
124 301
124 353
124 362
124 413
124 443
124 533
125 139
125 162
125 165
125 180
125 227
125 300
125 312
125 332
125 341
125 379
125 415
125 489
125 492
125 538
125 567
125 574
126 129
126 134
126 206
126 257
126 262
126 279
126 300
126 311
126 322
126 345
126 353
126 408
126 428
126 438
126 497
126 504
126 506
126 514
126 572
126 575
126 582
126 624
127 182
127 194
127 200
127 249
127 298
127 300
127 386
127 436
127 563
127 600
128 133
128 142
128 153
128 172
128 196
128 216
128 228
128 247
128 264
128 276
128 289
128 308
128 323
128 354
128 412
128 416
128 493
128 573
128 593
128 609
128 636
128 637
129 168
129 171
129 178
129 212
129 215
129 236
129 263
129 325
129 373
129 387
129 445
129 490
129 553
129 587
129 590
129 602
129 605
129 626
130 179
130 229
130 299
130 341
130 409
131 137
131 145
131 159
131 186
131 199
131 238
131 244
131 261
131 294
131 355
131 402
131 403
131 472
131 554
131 585
132 152
132 157
132 180
132 206
132 238
132 304
132 310
132 353
132 426
132 460
132 467
132 468
132 503
132 515
132 540
132 563
132 574
133 141
133 145
133 151
133 161
133 271
133 286
133 287
133 383
133 420
133 489
133 499
133 514
133 645
134 147
134 185
134 217
134 280
134 312
134 384
134 512
134 515
134 547
134 600
134 621
135 144
135 148
135 236
135 345
135 642
136 149
136 158
136 180
136 196
136 216
136 235
136 245
136 249
136 258
136 280
136 292
136 383
136 394
136 431
136 502
136 562
136 571
136 599
136 611
137 162
137 177
137 178
137 239
137 252
137 329
137 349
137 397
137 398
137 488
137 492
137 530
137 591
137 621
138 150
138 157
138 165
138 166
138 169
138 191
138 193
138 206
138 213
138 218
138 250
138 252
138 270
138 279
138 327
138 353
138 359
138 368
138 398
138 403
138 410
138 417
138 421
138 512
138 518
138 548
138 551
138 560
138 582
138 596
138 604
138 606
138 622
139 148
139 186
139 199
139 207
139 230
139 241
139 336
139 428
139 464
139 470
139 505
139 597
139 614
140 182
140 231
140 357
140 460
140 523
140 556
140 567
140 634
141 184
141 185
141 191
141 202
141 203
141 244
141 273
141 291
141 294
141 505
141 508
141 536
141 563
141 597
142 165
142 167
142 176
142 194
142 195
142 205
142 215
142 219
142 220
142 288
142 367
142 401
142 415
142 442
142 455
142 463
142 474
142 550
142 562
142 563
142 606
143 150
143 163
143 191
143 228
143 234
143 242
143 252
143 265
143 301
143 312
143 337
143 338
143 344
143 356
143 363
143 440
143 471
143 527
143 537
143 559
143 619
143 646
144 156
144 182
144 205
144 225
144 260
144 264
144 319
144 324
144 350
144 373
144 450
144 453
144 487
144 513
144 537
144 541
144 561
144 619
144 639
145 180
145 195
145 279
145 306
145 346
145 362
145 415
145 489
145 542
145 549
146 150
146 212
146 214
146 224
146 310
146 329
146 335
146 339
146 352
146 397
146 417
146 447
146 455
146 493
146 535
146 558
146 643
147 222
147 245
147 269
147 308
147 332
147 403
147 412
147 426
147 427
147 472
147 509
147 549
147 582
147 613
148 153
148 231
148 268
148 293
148 305
149 164
149 176
149 223
149 403
149 423
149 463
149 492
149 526
150 195
150 208
150 224
150 226
150 244
150 249
150 262
150 267
150 276
150 284
150 287
150 307
150 362
150 451
150 492
150 545
150 593
150 607
150 616
150 636
151 160
151 171
151 243
151 244
151 245
151 274
151 288
151 349
151 421
151 457
151 484
151 485
151 493
151 587
151 619
152 197
152 338
152 432
153 155
153 190
153 299
153 333
153 348
153 384
154 300
154 435
154 473
154 483
154 488
155 176
155 266
155 292
155 295
155 305
155 349
155 373
155 419
155 430
155 435
155 443
155 447
155 448
155 554
155 559
155 593
155 597
156 178
156 193
156 230
156 236
156 288
156 340
156 386
156 446
156 476
156 501
156 562
156 612
157 165
157 214
157 228
157 297
157 305
157 330
157 410
157 418
157 426
157 489
157 553
157 566
157 576
157 578
157 579
157 609
157 631
158 183
158 201
158 251
158 254
158 310
158 316
158 358
158 378
158 491
158 530
158 577
158 605
159 175
159 178
159 202
159 216
159 251
159 262
159 279
159 303
159 341
159 352
159 354
159 357
159 382
159 402
159 496
159 541
160 195
160 224
160 240
160 323
160 329
160 384
160 416
160 592
161 173
161 261
161 419
161 502
161 571
162 166
162 178
162 197
162 227
162 234
162 289
162 293
162 302
162 316
162 363
162 388
162 431
162 482
162 494
162 542
162 603
163 204
163 218
163 229
163 417
163 445
163 466
163 499
163 550
163 559
163 609
164 169
164 202
164 257
164 259
164 305
164 324
164 367
164 406
164 466
164 469
164 624
165 171
165 207
165 208
165 218
165 246
165 268
165 327
165 334
165 351
165 380
165 477
165 564
165 589
165 628
166 168
166 240
166 245
166 283
166 334
166 432
167 248
167 268
167 273
167 389
167 435
167 517
168 175
168 258
168 297
168 325
168 402
168 405
168 415
168 520
168 538
168 539
168 546
168 629
169 207
169 211
169 237
169 243
169 279
169 293
169 320
169 391
169 393
169 406
169 434
169 533
169 648
170 175
170 176
170 190
170 217
170 221
170 241
170 282
170 319
170 429
170 440
170 456
170 476
170 500
170 512
170 517
170 552
170 555
171 185
171 192
171 208
171 211
171 221
171 274
171 333
171 528
172 182
172 222
172 239
172 298
172 315
172 333
172 340
172 468
172 502
172 512
172 564
172 567
172 581
173 179
173 249
173 328
173 351
173 362
173 365
173 388
173 416
173 426
174 178
174 238
174 464
174 468
174 538
174 608
175 204
175 218
175 234
175 241
175 247
175 281
175 628
176 200
176 297
176 385
176 502
176 636
177 179
177 223
177 281
177 361
177 439
177 522
177 599
177 614
178 201
178 245
178 250
178 320
178 334
178 424
178 469
178 509
179 198
179 216
179 236
179 245
179 279
179 333
179 429
179 592
179 600
179 610
179 619
179 620
179 646
180 207
180 213
180 221
180 229
180 263
180 276
180 290
180 317
180 350
180 389
180 485
180 521
180 573
180 611
180 622
181 227
181 244
181 249
181 290
181 345
181 395
181 406
181 418
181 603
181 648
182 186
182 262
182 353
182 463
182 549
183 187
183 226
183 233
183 285
183 355
183 380
183 456
183 497
183 533
184 199
184 252
184 317
184 327
184 366
184 396
184 427
184 446
184 498
184 517
184 531
184 586
184 623
184 625
185 194
185 320
185 344
185 400
185 408
185 413
185 489
185 490
185 612
185 630
185 636
185 645
186 192
186 199
186 232
186 305
186 447
186 451
186 495
186 502
186 550
186 573
186 580
186 604
186 623
186 628
186 644
187 226
187 362
187 471
187 565
187 623
188 234
188 257
188 343
188 349
188 358
188 378
188 412
188 418
188 419
188 491
188 511
188 513
188 556
189 318
189 393
190 212
190 401
190 424
191 192
191 231
191 269
191 298
191 386
191 418
191 477
191 501
191 634
192 197
192 237
192 294
192 318
192 399
192 502
192 515
192 557
192 587
192 607
192 616
192 634
192 641
192 648
193 209
193 264
193 290
193 300
193 342
193 379
193 400
193 415
193 439
193 471
193 505
193 514
193 612
193 624
194 240
194 250
194 291
194 294
194 322
194 348
194 384
194 428
194 572
194 587
194 588
194 593
195 206
195 209
195 236
195 237
195 271
195 372
195 391
195 450
195 555
195 594
195 611
195 622
195 641
196 210
196 363
196 531
196 540
197 208
197 221
197 241
197 260
197 373
197 398
197 414
197 418
197 445
197 448
197 472
197 522
197 635
198 201
198 229
198 235
198 286
198 323
198 344
198 369
198 388
198 404
198 409
198 490
198 554
198 579
198 590
199 291
199 304
199 357
199 398
199 465
199 608
200 206
200 214
200 215
200 283
200 326
200 401
200 428
200 461
200 472
200 642
201 260
201 302
201 376
201 396
201 425
201 445
201 548
201 598
201 605
201 625
201 642
202 205
202 294
202 348
202 365
202 372
202 385
202 407
202 434
202 456
202 491
202 510
202 516
202 519
202 529
202 551
202 565
202 600
203 301
203 322
203 325
203 355
203 418
203 449
203 474
203 501
203 533
204 300
204 361
204 484
204 601
205 211
205 272
205 373
205 398
205 428
205 445
205 459
205 569
205 570
205 578
206 246
206 362
206 430
206 518
206 626
206 632
206 639
207 227
207 314
207 318
207 480
207 564
207 642
208 228
208 254
208 270
208 350
208 396
208 472
209 230
209 277
209 301
209 368
209 410
209 412
209 427
210 246
210 263
210 316
210 422
210 461
210 487
211 256
211 259
211 523
211 538
211 579
212 247
212 248
212 267
212 292
212 306
212 361
212 364
212 375
212 489
212 570
212 589
212 609
212 620
213 247
213 263
213 268
213 293
213 331
213 373
213 469
213 471
213 475
213 506
213 532
213 534
213 578
213 591
214 218
214 277
214 373
214 432
214 499
214 649
215 309
215 313
215 355
215 370
215 409
215 503
215 560
216 269
216 323
216 375
216 414
216 480
216 505
216 587
216 632
217 229
217 239
217 267
217 268
217 278
217 309
217 334
217 386
217 632
218 257
218 282
218 324
218 360
218 395
218 450
218 459
218 556
218 594
218 616
218 639
219 335
219 355
219 358
219 366
219 406
219 463
219 466
219 603
219 630
220 265
220 311
220 318
220 326
220 335
220 337
220 382
220 389
220 452
220 462
220 535
220 556
220 587
221 252
221 269
221 322
221 340
221 406
221 463
221 501
222 262
222 267
222 312
222 327
222 370
222 391
222 405
222 409
222 504
222 620
222 645
223 243
223 255
223 301
223 317
223 347
223 348
223 406
223 408
223 429
223 642
224 231
224 239
224 265
224 303
224 324
224 325
224 335
224 342
224 365
224 372
224 376
224 473
224 598
225 250
225 313
225 353
225 520
226 314
226 342
226 445
226 446
226 474
226 481
226 529
226 618
226 642
227 260
227 296
227 310
227 331
227 386
227 437
227 493
228 259
228 286
228 358
228 399
229 242
229 282
229 285
229 309
229 313
229 411
229 452
229 483
230 243
230 325
230 371
230 510
231 268
231 287
231 298
231 302
231 350
231 357
231 447
231 476
231 506
231 507
231 529
231 643
232 233
232 396
232 418
232 431
232 475
232 546
233 308
233 314
233 343
233 406
233 437
233 438
233 489
233 602
234 244
234 286
234 308
234 366
234 388
234 520
234 525
234 563
234 590
235 240
235 241
235 400
235 401
235 411
235 434
235 449
235 461
235 479
235 519
235 547
235 561
235 612
236 256
236 269
236 277
236 299
236 357
236 445
236 482
237 252
237 306
237 327
237 331
237 394
237 405
237 412
237 520
237 623
238 290
238 294
238 376
238 451
238 455
239 364
239 389
239 424
239 520
239 598
239 599
240 254
240 303
240 420
240 423
240 505
240 506
240 510
240 573
240 597
240 635
241 258
241 290
241 322
241 525
241 543
242 319
242 320
242 384
242 386
242 418
242 459
242 482
242 484
242 567
242 609
242 620
242 622
243 253
243 270
243 296
243 441
243 499
244 273
244 275
244 365
244 425
244 456
244 462
244 483
244 486
244 600
245 318
245 341
245 427
245 502
245 534
245 586
246 342
246 358
246 366
246 410
246 436
246 514
246 531
246 539
246 548
246 617
246 618
247 356
247 379
247 380
247 403
247 405
247 441
247 557
247 592
247 624
248 313
248 470
248 530
248 538
248 568
248 598
249 272
249 275
249 289
249 376
249 381
249 533
249 575
249 607
250 382
250 447
250 558
250 639
251 304
251 356
251 422
251 503
252 255
252 359
252 505
252 521
252 543
252 590
252 633
253 353
253 366
253 376
253 378
253 393
253 397
253 440
253 450
253 455
253 475
253 616
254 309
254 333
254 347
254 486
254 531
254 543
254 548
255 294
255 364
255 376
255 442
255 481
256 339
256 360
256 455
256 471
256 547
256 617
257 273
257 277
257 290
257 299
257 329
257 332
257 397
257 401
257 452
257 455
257 503
257 557
257 583
257 634
258 265
258 275
258 316
258 350
258 412
258 530
258 575
258 580
259 288
259 349
259 411
259 526
259 532
259 558
259 617
260 272
260 286
260 315
260 376
260 429
260 481
260 495
261 390
261 503
261 644
262 342
262 630
263 507
263 510
263 605
264 430
264 644
265 269
265 272
265 296
265 315
265 337
265 524
265 581
265 627
266 278
266 311
266 312
266 324
266 334
266 396
266 422
266 431
266 592
266 594
266 608
266 616
267 373
267 380
267 429
267 432
267 475
267 507
267 537
267 598
268 274
268 329
268 496
268 622
269 271
269 276
269 336
269 354
269 423
269 504
269 555
269 568
269 601
269 641
270 319
270 432
270 486
270 499
270 548
270 550
271 273
271 278
271 319
271 339
271 426
271 431
271 441
271 486
271 544
271 575
271 632
271 648
272 279
272 347
272 399
272 407
272 511
272 549
273 287
273 420
273 427
273 490
274 381
274 398
274 456
274 480
275 317
275 318
275 357
275 390
275 393
275 395
275 396
275 433
275 472
275 489
275 501
275 566
275 576
275 578
275 580
275 605
275 629
276 296
276 322
276 448
276 479
276 540
277 291
277 419
277 457
277 465
278 291
278 374
278 400
278 446
278 536
278 595
279 360
279 402
279 417
279 440
279 460
279 463
279 533
279 585
280 601
281 411
281 436
281 482
281 550
281 641
282 363
282 404
282 495
282 526
282 570
282 600
282 617
282 647
283 300
283 313
283 317
283 327
283 373
283 394
283 483
284 329
284 361
284 380
284 433
284 500
284 642
285 399
285 468
285 499
285 508
285 537
285 603
285 604
286 348
286 392
286 465
286 494
286 504
286 510
286 567
286 569
286 574
286 588
286 631
287 372
287 383
287 413
287 420
287 468
287 495
287 550
287 629
288 387
288 390
288 412
288 548
289 352
289 363
289 441
289 532
289 600
289 612
289 623
290 432
290 438
290 571
291 638
292 383
292 385
292 400
293 295
293 307
293 336
293 407
293 428
293 452
293 471
293 476
293 494
293 546
293 561
293 580
293 629
293 642
294 450
294 522
294 602
295 301
295 325
295 336
295 365
295 481
295 526
295 553
295 569
295 584
295 643
296 317
296 377
296 396
296 515
297 309
297 315
297 354
297 363
297 423
297 437
297 549
297 611
298 299
298 354
298 476
298 544
298 566
298 635
299 363
299 368
299 375
299 379
299 410
299 422
299 451
299 484
300 373
300 569
300 602
301 321
301 419
301 423
301 496
301 576
302 319
302 336
302 508
302 555
302 634
303 338
303 367
303 509
303 610
303 623
304 411
305 335
305 357
305 390
306 341
306 370
306 415
306 435
306 495
306 496
306 626
307 320
307 344
307 358
307 436
307 464
307 521
307 636
308 340
308 391
308 414
308 416
308 450
308 460
308 503
308 506
308 558
308 639
309 312
309 371
309 522
309 530
309 581
310 312
310 381
310 444
310 475
310 482
311 359
311 384
311 493
312 324
312 437
312 480
312 488
312 615
312 628
313 417
313 454
313 513
313 607
314 453
314 482
314 526
314 597
314 621
315 358
315 403
315 470
315 471
316 480
317 354
317 518
318 338
318 377
318 431
318 433
318 535
318 546
318 553
319 440
319 581
320 449
320 470
320 560
320 576
321 337
321 531
321 638
322 329
322 362
322 366
322 367
323 326
323 335
323 415
323 439
323 520
323 608
323 618
324 368
324 448
324 472
324 483
324 610
325 327
325 362
325 501
325 613
325 633
326 425
326 500
326 513
327 467
327 639
328 330
328 442
328 483
329 368
329 446
329 498
329 531
329 576
329 621
330 352
330 362
330 475
330 531
330 553
331 392
331 430
331 454
331 501
331 503
331 512
331 550
332 387
332 496
332 501
332 542
333 349
333 427
333 566
333 567
334 404
334 408
334 447
334 551
335 427
335 489
335 507
335 514
335 565
336 342
336 365
336 367
336 522
337 369
337 435
337 541
338 504
338 577
338 578
338 587
338 598
339 586
339 604
339 649
340 351
340 364
340 426
340 448
340 471
340 485
340 537
340 595
340 618
341 377
341 378
341 402
341 431
341 552
341 593
342 352
342 370
342 535
342 596
343 359
343 382
343 444
343 586
344 497
344 504
344 556
345 353
345 485
345 545
345 594
345 632
346 580
346 585
346 634
347 382
347 392
347 439
348 364
348 488
348 500
348 555
350 459
350 468
350 582
350 591
350 621
350 626
351 361
351 407
351 472
351 507
351 509
351 565
352 387
352 405
352 434
352 511
352 529
353 397
353 428
353 455
354 377
354 444
354 451
354 482
354 490
354 519
354 589
354 638
355 360
355 463
355 477
355 487
355 508
355 515
355 546
355 558
356 389
356 403
356 505
356 521
356 556
356 562
357 397
357 513
357 623
358 395
358 409
358 437
358 466
358 545
358 584
359 383
359 519
360 404
360 476
360 588
361 442
361 516
361 527
361 559
361 597
362 438
362 443
362 491
362 554
362 624
363 379
363 383
363 443
363 462
363 521
364 416
364 479
364 486
364 545
364 561
364 581
364 588
364 602
365 392
365 405
365 548
365 632
366 369
366 372
366 387
366 478
366 482
366 495
366 540
366 625
367 461
367 548
367 618
367 638
368 424
368 445
368 465
368 478
368 558
368 567
368 581
368 604
369 371
369 526
369 540
369 595
370 383
370 413
370 436
370 511
370 525
370 536
370 594
371 385
371 409
371 474
371 479
371 631
373 402
373 408
373 451
374 426
374 561
375 400
375 496
376 420
376 435
376 466
376 475
376 558
376 629
377 394
377 506
377 526
377 559
377 625
377 644
378 397
378 542
379 381
380 459
380 497
380 646
381 478
381 497
381 508
381 570
382 389
382 410
382 539
382 636
383 502
383 518
383 568
383 579
384 439
384 521
384 561
385 424
385 589
386 408
386 508
387 580
388 389
388 413
388 549
388 588
389 404
389 571
389 580
389 594
390 425
390 547
390 588
391 512
391 543
391 572
391 606
391 634
391 640
392 398
392 486
392 528
392 561
392 582
393 394
393 477
393 509
393 517
393 534
393 547
393 559
394 527
395 399
395 498
395 521
395 556
395 609
396 410
396 427
396 441
396 470
397 469
397 500
397 525
398 409
398 419
398 505
399 481
399 601
400 531
400 537
400 546
400 552
400 553
400 584
400 637
401 494
402 453
402 484
402 583
402 626
402 644
403 442
403 469
403 526
403 542
403 570
403 573
404 432
404 461
404 615
405 414
405 560
406 564
406 580
406 633
407 431
408 495
408 514
408 595
409 417
409 500
409 512
410 413
410 493
411 449
412 416
412 454
412 484
412 498
412 589
412 648
414 435
414 535
414 539
414 557
414 573
415 444
415 447
415 464
415 530
415 578
415 645
416 569
416 575
416 631
416 645
417 464
417 518
417 532
417 553
417 574
418 607
418 635
418 644
419 517
419 644
420 446
420 449
420 585
420 625
421 554
422 430
422 453
422 469
422 517
422 595
423 467
423 469
423 541
423 545
424 440
424 549
424 634
425 457
425 556
425 591
426 436
426 456
426 574
426 617
426 628
427 511
427 558
427 604
427 607
427 625
428 476
428 479
428 511
428 545
428 627
429 611
430 478
431 435
431 455
431 505
431 552
432 449
432 463
432 513
432 585
432 627
433 452
433 483
433 504
434 476
434 485
434 631
435 477
435 531
435 616
435 635
436 516
436 542
437 459
437 461
437 468
437 553
437 571
437 610
439 603
439 610
439 620
440 460
440 490
440 539
441 442
441 497
442 449
443 498
444 520
444 568
444 636
444 649
445 522
445 585
445 608
446 480
447 567
448 485
449 457
449 461
449 525
450 634
451 483
451 509
451 530
451 618
451 643
452 479
452 579
453 459
453 472
453 531
453 608
454 489
454 527
454 560
455 533
456 512
459 534
460 576
460 621
460 629
461 528
461 570
461 604
462 466
462 500
462 502
462 504
462 510
463 529
463 565
463 588
464 496
464 524
464 602
465 467
465 550
465 631
466 540
466 646
467 615
468 490
468 520
468 581
469 491
469 564
469 615
470 479
470 493
470 570
470 594
470 607
470 640
471 508
471 591
471 633
472 506
473 512
474 527
474 551
474 568
475 493
475 603
476 483
476 488
476 527
476 543
476 588
476 631
477 478
477 621
477 628
477 630
478 614
478 635
479 566
480 507
480 522
480 537
480 573
480 633
482 488
482 494
482 521
482 573
483 565
483 620
484 516
485 534
485 599
486 541
486 552
487 587
487 645
488 503
488 544
488 574
489 535
489 566
489 594
489 609
490 496
490 514
490 587
491 501
492 646
492 648
493 545
493 578
493 603
494 576
494 610
495 547
495 621
497 601
498 572
498 585
499 544
499 590
499 624
500 630
501 553
502 649
503 524
504 591
505 541
506 612
507 564
507 577
507 622
509 529
510 521
510 583
510 609
512 575
512 601
513 605
514 517
515 557
516 536
517 522
520 595
521 613
522 647
526 576
526 621
527 528
527 599
527 617
528 563
528 630
529 595
530 597
530 600
530 613
531 543
531 575
532 556
534 592
536 611
537 600
537 613
537 624
538 551
538 591
538 623
538 625
539 577
540 557
541 552
542 645
544 549
545 559
545 585
545 649
546 575
546 612
546 622
548 632
549 610
549 621
549 645
550 606
550 640
552 563
552 645
553 561
554 608
558 617
561 649
563 569
565 582
566 613
570 596
573 583
573 585
573 597
573 644
574 577
574 582
574 603
575 592
579 626
583 628
587 622
589 619
590 612
592 637
595 638
596 598
597 622
600 643
605 641
612 616
618 637
619 638
623 647
626 644
631 636
634 642
637 645
639 647
639 648
