0 1
0 2
0 3
0 4
0 5
0 6
0 7
0 8
0 9
0 11
0 12
0 13
0 14
0 16
0 17
0 18
0 19
0 20
0 21
0 22
0 23
0 24
0 28
0 30
0 31
1 2
1 3
1 4
1 5
1 6
1 7
1 8
1 9
1 10
1 11
1 12
1 14
1 15
1 16
1 17
1 18
1 24
1 25
1 26
1 27
1 29
1 30
1 31
1 32
1 33
2 3
2 4
2 5
2 6
2 7
2 8
2 9
2 10
2 11
2 12
2 13
2 15
2 17
2 19
2 20
2 25
2 26
2 27
2 28
2 29
3 4
3 5
3 6
3 7
3 8
3 9
3 10
3 12
3 15
3 16
3 18
3 29
3 32
4 5
4 6
4 7
4 8
4 9
4 10
4 11
4 13
4 14
4 18
4 20
4 21
4 22
4 25
4 27
4 28
4 32
4 33
5 6
5 7
5 8
5 9
5 10
5 11
5 14
5 15
5 16
5 17
5 18
5 19
5 22
5 23
5 25
5 27
5 28
5 31
6 7
6 8
6 9
6 10
6 11
6 13
6 15
6 17
6 19
6 21
6 24
6 25
6 30
6 32
7 8
7 9
7 10
7 11
7 12
7 13
7 14
7 16
7 17
7 18
7 22
7 26
7 30
8 9
8 10
8 12
8 13
8 15
8 16
8 19
8 20
8 23
8 25
8 26
8 28
8 32
8 33
9 10
9 11
9 12
9 13
9 14
9 16
9 20
9 21
9 24
9 32
10 11
10 12
10 13
10 14
10 15
10 16
10 18
10 19
10 20
10 21
10 22
10 24
10 30
10 31
10 33
11 12
11 14
11 15
11 19
11 20
11 22
11 24
11 26
11 27
11 31
12 13
12 14
12 15
12 17
12 19
12 22
12 25
12 27
12 29
12 30
12 33
13 16
13 17
13 19
13 23
14 18
14 20
14 21
14 22
14 24
14 32
15 25
15 27
15 28
15 29
15 31
16 17
16 20
16 23
16 24
16 29
17 18
17 21
17 22
17 23
17 26
17 28
18 21
18 23
18 24
19 23
19 25
19 26
19 29
20 21
20 23
20 26
20 27
20 28
20 29
20 32
21 30
21 33
22 26
23 33
25 30
26 27
26 29
26 31
26 33
27 28
28 31
29 30
29 32
29 33
30 31
