0 1
0 2
0 3
0 4
0 5
0 6
0 7
0 8
0 9
0 10
0 11
0 16
0 17
0 19
0 28
0 30
0 32
0 36
0 38
0 41
0 46
0 47
0 48
0 51
0 65
0 69
0 74
0 76
0 81
1 2
1 3
1 4
1 5
1 6
1 7
1 8
1 9
1 11
1 12
1 14
1 15
1 16
1 18
1 20
1 21
1 23
1 24
1 41
1 43
1 44
1 46
1 48
1 55
1 78
2 3
2 4
2 5
2 6
2 7
2 8
2 9
2 10
2 11
2 12
2 14
2 15
2 18
2 21
2 22
2 24
2 27
2 29
2 31
2 39
2 41
2 48
2 49
2 53
2 55
2 60
2 64
2 66
2 69
2 73
2 77
3 4
3 5
3 6
3 7
3 8
3 9
3 10
3 13
3 14
3 17
3 18
3 19
3 20
3 23
3 25
3 27
3 32
3 34
3 38
3 39
3 41
3 53
3 61
3 62
3 66
3 74
3 82
4 5
4 6
4 7
4 8
4 9
4 11
4 13
4 14
4 15
4 16
4 17
4 18
4 21
4 22
4 30
4 34
4 40
4 41
4 42
4 43
4 47
4 49
4 50
4 51
4 53
4 58
4 59
4 79
4 84
5 6
5 7
5 9
5 10
5 11
5 12
5 16
5 17
5 18
5 19
5 20
5 21
5 22
5 23
5 25
5 26
5 28
5 29
5 33
5 36
5 42
5 44
5 45
5 47
5 50
5 52
5 54
5 57
5 62
5 65
5 76
5 83
6 7
6 8
6 9
6 11
6 12
6 16
6 17
6 23
6 27
6 31
6 33
6 35
6 39
6 40
6 42
6 52
6 54
6 56
6 57
6 61
6 62
6 64
6 66
6 75
7 8
7 10
7 13
7 18
7 20
7 29
7 32
7 35
7 40
7 45
7 55
7 57
7 70
7 74
7 79
7 83
8 10
8 15
8 16
8 17
8 18
8 19
8 20
8 21
8 26
8 30
8 31
8 46
8 51
8 52
8 58
8 66
8 69
8 71
8 80
8 82
8 84
9 10
9 11
9 12
9 13
9 14
9 17
9 19
9 23
9 28
9 29
9 30
9 31
9 37
9 43
9 48
9 50
9 54
9 57
9 59
9 62
9 66
9 71
9 72
9 75
9 77
9 81
9 82
9 83
10 12
10 13
10 15
10 19
10 20
10 28
10 30
10 32
10 37
10 43
10 49
10 50
10 59
10 67
10 77
10 78
11 12
11 13
11 15
11 23
11 25
11 36
11 38
11 45
11 48
11 49
11 51
11 63
11 64
11 68
12 13
12 14
12 15
12 22
12 24
12 26
12 32
12 38
12 39
12 44
12 52
12 58
12 64
12 66
12 72
12 76
13 14
13 16
13 29
13 36
13 46
13 54
13 62
13 69
13 80
14 19
14 22
14 24
14 51
14 63
14 77
15 21
15 27
15 28
15 31
15 71
16 22
16 24
16 25
16 26
16 34
16 42
16 60
16 71
16 81
17 25
17 28
17 29
17 37
17 63
17 68
17 71
17 81
18 20
18 21
18 24
18 27
18 28
18 37
18 39
18 40
18 41
18 43
18 44
18 46
18 47
18 56
18 57
18 59
18 62
18 70
18 73
18 78
18 79
18 80
19 22
19 23
19 25
19 26
19 32
19 35
19 42
19 44
19 71
19 74
19 77
19 83
20 24
20 27
20 29
20 30
20 35
20 37
20 53
20 59
20 63
21 25
21 33
21 52
21 54
22 35
22 38
22 49
22 55
22 60
22 73
23 26
23 27
23 35
23 46
23 56
23 59
23 68
23 72
23 75
24 26
24 30
24 33
24 34
24 39
24 43
24 49
24 57
24 59
24 61
24 64
24 67
25 37
25 38
25 42
25 44
25 50
25 63
25 67
25 70
26 33
26 34
26 37
26 50
26 56
27 40
27 43
27 46
27 72
28 31
28 45
28 55
28 56
28 78
29 40
29 41
29 47
29 53
29 55
29 65
29 66
29 67
29 68
30 31
30 33
30 36
30 60
30 81
30 83
31 32
31 33
31 45
31 62
31 63
31 75
32 34
32 36
32 38
32 47
32 48
32 58
32 68
32 69
32 70
33 34
33 35
33 40
33 42
33 53
33 61
33 67
33 69
33 71
33 73
33 76
34 36
34 56
34 58
34 61
34 82
35 50
35 51
35 73
35 79
36 56
36 65
36 72
36 84
37 39
37 65
37 68
37 79
37 80
37 83
38 54
38 60
38 65
38 67
38 80
38 84
39 45
39 51
39 55
40 69
40 70
40 74
41 45
41 47
41 57
41 61
41 76
42 44
43 48
43 70
43 79
44 49
45 60
46 54
46 64
47 67
48 78
49 58
49 61
49 73
50 52
50 53
51 52
51 60
51 63
51 78
52 74
52 83
53 58
53 75
53 80
53 84
55 76
56 77
57 72
57 75
61 64
61 78
62 80
64 65
64 68
64 70
64 82
65 73
66 82
68 72
68 77
69 76
69 81
71 74
72 79
74 75
77 81
79 84
81 82
83 84
