0 1
0 2
0 3
0 4
0 5
0 8
0 9
0 21
0 29
0 32
0 39
1 2
1 3
1 4
1 5
1 6
1 7
1 8
1 9
1 12
1 16
1 18
1 19
1 20
1 23
1 25
1 26
1 31
1 36
2 3
2 4
2 5
2 9
2 12
2 16
2 17
2 21
2 22
2 23
2 24
2 29
2 30
3 4
3 5
3 6
3 7
3 8
3 13
3 20
3 27
3 34
4 6
4 10
4 11
4 13
4 15
4 16
4 26
4 32
4 36
5 6
5 7
5 8
5 9
5 10
5 12
5 13
5 14
5 15
5 17
5 18
5 19
5 28
5 33
6 7
6 10
6 11
6 20
6 22
6 29
6 32
6 35
7 11
7 13
7 14
7 16
7 21
7 31
7 33
7 35
7 37
8 11
8 12
8 19
8 27
9 10
9 25
10 20
11 14
11 18
11 21
11 22
11 24
11 33
11 39
12 14
12 15
12 31
13 27
13 34
13 36
14 15
14 17
14 19
14 22
14 23
14 26
14 38
15 17
15 23
15 29
15 30
15 31
15 35
16 18
16 25
16 37
16 38
18 24
18 28
18 37
19 28
19 30
20 25
20 28
20 33
20 34
21 24
21 26
21 30
21 35
22 27
22 32
25 36
26 38
30 39
31 34
32 37
34 38
38 39
