0 1
0 2
0 3
0 5
0 7
0 8
0 10
0 29
0 31
0 40
0 43
0 47
0 50
0 63
0 67
1 2
1 3
1 4
1 7
1 9
1 11
1 12
1 13
1 16
1 19
1 23
1 26
1 30
1 36
1 38
1 39
1 44
1 45
1 47
1 48
1 53
1 54
1 56
1 67
1 68
2 3
2 4
2 6
2 9
2 10
2 12
2 14
2 15
2 27
2 31
2 33
2 34
2 36
2 45
2 52
2 55
2 57
2 59
2 62
2 72
3 4
3 5
3 6
3 13
3 15
3 16
3 17
3 19
3 22
3 28
3 30
4 5
4 8
4 10
4 22
4 24
4 29
4 33
4 42
4 46
4 60
4 64
4 65
4 66
4 69
5 6
5 8
5 24
6 7
6 9
6 11
6 14
6 23
6 24
6 35
6 37
6 41
6 43
6 46
6 53
6 58
6 62
7 18
7 21
7 51
7 73
8 11
8 15
8 17
8 18
8 23
8 26
8 29
8 35
8 38
8 48
8 49
8 50
8 70
9 20
9 38
9 57
9 72
10 12
10 25
10 26
10 36
10 43
10 68
11 18
11 19
11 20
11 41
11 54
11 60
11 64
11 65
11 70
12 13
12 14
12 17
12 20
12 21
12 22
12 25
12 32
12 35
12 41
12 42
12 55
12 61
12 73
13 58
14 16
14 21
14 27
14 40
14 74
15 25
15 45
16 34
16 46
17 51
18 28
19 28
19 37
19 53
19 59
20 27
20 32
20 40
20 52
21 66
24 68
25 31
25 56
26 30
26 34
27 70
28 47
28 50
28 56
29 37
30 32
30 44
30 65
30 66
31 33
31 57
31 63
31 67
32 48
32 73
33 39
33 54
33 60
35 49
36 64
37 61
37 74
38 39
38 52
38 63
38 69
39 42
43 44
43 72
44 51
44 74
45 71
46 49
47 55
48 58
50 62
53 59
56 69
56 71
60 61
68 71
