0 1
0 2
0 3
0 4
0 5
0 6
0 7
0 8
0 9
0 10
0 11
0 16
0 18
0 21
0 23
0 24
0 31
0 42
0 43
0 50
0 52
0 54
0 55
0 59
0 68
1 2
1 3
1 4
1 5
1 6
1 7
1 8
1 9
1 10
1 11
1 12
1 13
1 14
1 15
1 16
1 17
1 18
1 19
1 20
1 25
1 27
1 32
1 34
1 39
1 41
1 42
1 46
1 48
1 50
1 52
1 54
1 61
1 62
1 67
2 3
2 4
2 5
2 6
2 7
2 8
2 9
2 11
2 12
2 13
2 15
2 21
2 25
2 26
2 29
2 30
2 37
2 39
2 41
2 44
2 45
2 51
2 52
2 56
2 63
2 64
2 67
3 4
3 5
3 6
3 7
3 8
3 9
3 10
3 12
3 15
3 17
3 19
3 20
3 21
3 23
3 27
3 28
3 29
3 32
3 34
3 36
3 37
3 41
3 42
3 51
3 53
3 56
3 65
4 5
4 6
4 7
4 8
4 9
4 10
4 11
4 12
4 13
4 14
4 16
4 19
4 22
4 25
4 29
4 30
4 31
4 34
4 35
4 40
4 47
4 48
4 50
4 56
4 57
4 69
5 6
5 7
5 8
5 9
5 11
5 13
5 14
5 17
5 24
5 27
5 30
5 31
5 32
5 38
5 41
5 42
5 50
5 59
5 66
5 68
5 69
6 7
6 8
6 9
6 10
6 12
6 14
6 16
6 17
6 19
6 24
6 25
6 27
6 28
6 32
6 38
6 48
6 52
6 53
6 55
6 57
6 60
6 63
6 67
6 68
7 8
7 9
7 10
7 11
7 12
7 13
7 14
7 16
7 17
7 18
7 19
7 20
7 22
7 23
7 25
7 26
7 28
7 31
7 35
7 40
7 42
7 44
7 46
7 49
7 50
7 59
7 62
8 10
8 11
8 12
8 13
8 14
8 15
8 17
8 18
8 19
8 21
8 33
8 37
8 38
8 44
8 49
8 51
8 54
8 58
8 64
9 10
9 11
9 12
9 13
9 20
9 23
9 24
9 27
9 29
9 30
9 31
9 35
9 37
9 46
9 58
9 62
9 68
10 17
10 20
10 21
10 22
10 24
10 27
10 29
10 34
10 45
10 60
10 68
11 13
11 14
11 15
11 18
11 19
11 25
11 36
11 47
11 48
11 50
11 57
11 60
12 14
12 15
12 16
12 19
12 20
12 21
12 22
12 23
12 30
12 34
12 37
12 43
12 49
12 51
12 55
12 58
12 60
12 65
13 15
13 18
13 24
13 27
13 40
13 65
14 15
14 16
14 17
14 18
14 23
14 25
14 26
14 29
14 31
14 33
14 36
14 40
14 43
14 48
14 49
14 51
14 54
14 63
14 69
15 16
15 18
15 22
15 23
15 26
15 27
15 28
15 30
15 32
15 33
15 36
15 42
15 43
15 44
15 49
15 50
15 55
15 58
15 59
16 20
16 21
16 22
16 23
16 24
16 26
16 37
16 39
16 48
16 51
16 53
16 57
16 59
16 61
16 65
17 28
17 29
17 33
17 39
17 45
17 52
17 53
17 55
17 61
18 22
18 26
18 30
18 33
18 36
18 53
18 65
19 20
19 21
19 22
19 28
19 32
19 33
19 35
19 37
19 43
19 44
19 47
19 48
19 54
19 59
20 34
20 36
20 38
20 39
20 40
20 44
20 45
20 46
20 47
20 61
20 62
20 68
21 25
21 35
21 39
21 46
21 52
21 54
21 61
21 63
21 65
21 69
22 33
22 37
22 38
22 44
22 46
22 48
22 55
22 66
23 24
23 26
23 28
23 30
23 32
23 34
23 35
23 39
23 40
23 41
23 42
23 43
23 58
23 60
23 64
23 66
23 67
24 26
24 35
24 65
24 66
25 28
25 31
25 33
25 44
25 52
25 55
25 61
25 63
25 66
26 31
26 32
26 43
26 45
26 54
26 56
27 53
27 67
28 29
28 36
28 41
28 55
28 56
28 63
28 65
28 67
28 68
29 40
29 49
29 53
30 34
30 35
30 60
31 41
31 47
31 56
31 61
32 38
32 43
32 46
32 64
32 68
33 40
33 42
33 67
33 69
34 59
34 64
35 36
35 62
36 38
36 39
36 41
36 47
36 57
37 38
37 51
37 64
38 49
38 50
39 60
40 45
40 46
40 47
40 52
40 69
41 45
41 54
41 58
41 66
42 53
42 59
43 62
43 69
44 45
44 64
44 69
45 47
45 49
45 57
45 63
47 56
47 60
48 51
48 61
49 56
50 64
51 57
51 58
53 57
55 58
58 66
59 62
59 63
59 66
60 62
63 67
