0 1
0 2
0 3
0 4
0 5
0 6
0 8
0 11
0 13
0 15
0 17
0 32
0 53
0 70
0 73
1 2
1 3
1 5
1 8
1 27
1 31
1 41
2 4
2 20
2 47
3 7
3 13
3 25
4 7
4 9
4 10
4 21
4 41
5 6
5 9
5 15
5 16
5 17
5 19
5 30
5 59
5 74
6 11
6 24
6 34
6 37
6 46
6 55
6 63
6 67
6 72
7 18
7 22
7 36
7 39
7 43
7 49
7 51
7 54
7 59
7 74
8 10
8 12
8 14
8 39
8 40
8 47
8 64
8 70
9 52
9 53
10 12
10 14
10 19
10 23
10 30
10 37
10 50
10 57
11 16
11 65
12 44
12 72
13 26
13 45
13 54
14 18
14 20
14 26
14 42
14 61
14 71
15 28
15 36
15 38
15 68
15 71
16 24
16 46
18 25
18 63
19 22
19 23
19 33
19 52
19 68
19 73
20 21
20 38
20 48
21 35
22 49
23 43
23 56
24 29
24 62
25 28
25 29
25 31
25 35
25 57
25 60
25 62
25 66
26 27
27 50
28 33
28 34
30 32
30 56
31 40
34 44
34 58
35 66
35 69
38 45
40 42
41 64
41 69
43 48
46 51
46 61
53 55
54 67
55 58
57 65
59 60
