0 1
0 2
0 3
0 4
0 5
0 6
0 7
0 8
0 9
0 10
0 11
0 12
0 13
0 14
0 15
0 16
0 17
0 18
0 20
0 22
0 24
0 26
0 27
0 28
0 29
0 30
0 32
0 39
0 40
0 42
0 46
0 50
0 56
0 62
0 66
0 73
0 77
0 78
1 2
1 3
1 4
1 5
1 6
1 7
1 8
1 9
1 10
1 11
1 12
1 13
1 15
1 19
1 24
1 28
1 29
1 36
1 37
1 40
1 47
1 50
1 54
1 56
1 57
1 61
1 68
1 74
1 79
2 3
2 4
2 5
2 6
2 7
2 8
2 9
2 10
2 11
2 12
2 13
2 14
2 15
2 16
2 17
2 19
2 25
2 29
2 35
2 39
2 42
2 45
2 46
2 48
2 52
2 60
2 61
2 63
2 65
2 70
2 71
2 75
2 78
2 79
3 4
3 5
3 6
3 7
3 8
3 9
3 10
3 11
3 12
3 13
3 14
3 15
3 16
3 18
3 19
3 20
3 21
3 22
3 23
3 24
3 25
3 33
3 42
3 47
3 54
3 56
3 57
3 58
3 63
3 65
3 73
4 5
4 6
4 7
4 8
4 9
4 10
4 11
4 12
4 17
4 18
4 20
4 21
4 23
4 32
4 33
4 34
4 35
4 41
4 44
4 45
4 49
4 50
4 51
4 59
4 64
4 67
5 6
5 7
5 8
5 9
5 10
5 11
5 12
5 14
5 15
5 18
5 20
5 21
5 22
5 23
5 25
5 26
5 29
5 30
5 31
5 32
5 37
5 43
5 44
5 48
5 49
5 60
5 61
5 67
5 68
5 78
5 79
6 7
6 8
6 9
6 10
6 11
6 12
6 13
6 14
6 15
6 16
6 17
6 28
6 34
6 36
6 42
6 43
6 44
6 46
6 47
6 51
6 53
6 59
6 64
6 66
6 69
6 72
6 76
7 8
7 9
7 10
7 11
7 12
7 13
7 15
7 16
7 17
7 18
7 21
7 24
7 26
7 27
7 28
7 31
7 32
7 33
7 34
7 37
7 41
7 42
7 47
7 49
7 55
7 56
7 59
7 60
7 64
7 66
7 69
7 70
7 71
7 73
7 76
8 9
8 10
8 13
8 14
8 15
8 16
8 20
8 21
8 22
8 24
8 25
8 26
8 27
8 28
8 30
8 31
8 32
8 36
8 42
8 44
8 52
8 57
8 58
8 60
8 65
8 66
8 67
8 69
8 70
8 76
8 79
9 10
9 11
9 12
9 13
9 17
9 20
9 21
9 22
9 23
9 25
9 26
9 27
9 29
9 30
9 31
9 33
9 35
9 37
9 41
9 42
9 43
9 45
9 49
9 50
9 52
9 54
9 55
9 57
9 63
9 70
9 73
10 11
10 12
10 14
10 16
10 17
10 18
10 19
10 20
10 22
10 25
10 28
10 33
10 35
10 37
10 38
10 40
10 41
10 45
10 48
10 51
10 55
10 61
10 65
10 69
10 75
11 13
11 14
11 16
11 17
11 18
11 19
11 20
11 26
11 27
11 30
11 31
11 34
11 36
11 38
11 45
11 47
11 50
11 55
11 57
11 58
11 63
11 65
12 13
12 14
12 15
12 16
12 18
12 19
12 21
12 22
12 23
12 27
12 28
12 29
12 30
12 31
12 35
12 36
12 37
12 43
12 45
12 50
12 53
12 55
12 61
12 68
12 74
12 75
12 76
12 77
12 79
13 14
13 15
13 16
13 17
13 20
13 23
13 25
13 28
13 29
13 30
13 31
13 34
13 38
13 39
13 43
13 48
13 50
13 53
13 54
13 57
13 59
13 70
13 75
13 77
13 79
14 21
14 23
14 24
14 27
14 31
14 32
14 33
14 35
14 36
14 41
14 42
14 49
14 54
14 56
14 62
14 64
14 72
15 17
15 19
15 21
15 26
15 28
15 35
15 36
15 38
15 43
15 49
15 51
15 52
15 53
15 54
15 57
15 77
15 78
16 18
16 19
16 24
16 26
16 29
16 33
16 38
16 42
16 62
16 66
16 76
17 18
17 19
17 20
17 22
17 23
17 25
17 45
17 47
17 51
17 52
17 60
17 64
17 71
18 19
18 21
18 23
18 24
18 25
18 38
18 40
18 58
18 69
18 73
19 22
19 24
19 26
19 34
19 35
19 39
19 41
19 42
19 46
19 47
19 59
19 60
19 71
19 74
19 76
20 22
20 33
20 44
20 63
20 65
20 71
21 25
21 29
21 32
21 34
21 36
21 37
21 39
21 41
21 50
21 57
21 58
21 67
21 77
22 23
22 27
22 30
22 35
22 38
22 39
22 45
22 48
22 49
22 50
22 52
22 55
22 59
22 60
22 63
22 71
22 73
23 24
23 27
23 30
23 40
23 45
23 46
23 49
23 52
23 54
23 60
23 68
24 26
24 34
24 36
24 38
24 40
24 41
24 48
24 50
24 56
24 58
24 61
25 27
25 28
25 31
25 36
25 37
25 39
25 44
25 51
25 58
25 59
25 60
25 67
25 74
25 75
25 76
25 79
26 40
26 47
26 48
26 51
26 75
27 29
27 32
27 33
27 38
27 39
27 40
27 43
27 44
27 45
27 52
27 53
27 54
27 61
27 62
27 63
27 64
27 65
27 67
27 68
27 69
28 30
28 32
28 34
28 35
28 38
28 43
28 44
28 52
28 55
28 58
28 64
28 66
28 69
28 73
29 39
29 41
29 46
29 48
29 55
30 31
30 32
30 61
30 74
30 77
31 33
31 41
31 47
31 49
31 54
31 64
31 67
31 78
32 34
32 66
32 69
32 70
33 37
33 40
33 44
33 61
33 64
33 68
33 72
33 78
34 55
34 75
35 37
35 39
35 46
35 48
35 68
35 72
35 75
36 54
36 61
36 65
37 40
37 58
37 65
38 43
38 47
38 51
38 52
38 55
38 64
38 78
39 43
39 46
39 51
39 53
39 62
39 69
40 51
40 56
40 67
40 71
41 53
41 62
42 46
42 56
42 73
43 44
43 48
43 62
43 68
43 79
44 49
44 53
44 56
44 59
44 66
44 76
44 78
45 46
45 53
45 59
45 67
46 66
46 72
47 68
47 70
47 73
49 57
49 73
50 57
50 62
50 65
50 67
50 69
50 77
51 53
51 71
53 75
54 59
54 72
54 77
55 56
55 62
55 72
56 60
56 71
56 72
57 58
57 70
57 77
58 63
58 76
59 62
59 68
59 71
60 63
60 74
61 70
61 72
62 63
63 70
64 66
64 72
65 74
66 74
66 78
68 74
68 78
70 76
70 79
72 77
73 74
74 75
76 79
