0 1
0 2
0 3
0 4
0 5
0 6
0 8
0 9
0 10
0 12
0 15
0 18
0 21
0 22
0 24
0 26
0 34
0 35
0 44
0 46
1 2
1 3
1 4
1 6
1 8
1 11
1 13
1 15
1 23
1 31
1 36
1 40
1 42
1 47
2 3
2 4
2 7
2 11
2 12
2 15
2 17
2 19
2 22
2 28
2 35
2 43
2 48
3 5
3 7
3 8
3 9
3 10
3 13
3 17
3 21
3 26
3 31
3 32
3 33
3 37
3 39
3 40
3 43
3 45
3 49
4 5
4 7
4 46
5 6
5 10
5 11
5 14
5 16
5 22
5 23
5 29
5 34
5 36
5 47
5 54
6 14
6 19
6 28
6 30
6 42
6 45
7 9
7 12
7 13
7 16
7 38
8 16
8 23
8 32
8 37
8 50
9 21
10 14
10 54
12 18
12 19
12 27
12 41
13 20
13 34
13 39
13 52
14 25
14 31
15 20
15 24
15 29
16 17
16 18
16 20
16 25
16 27
16 32
16 39
16 40
16 45
18 24
18 27
18 54
19 25
19 28
22 41
22 48
23 30
23 33
23 38
23 44
24 26
25 41
25 50
26 35
26 38
27 29
27 30
27 42
27 43
27 52
30 51
31 33
31 49
34 36
34 49
34 51
35 37
36 47
39 48
41 44
41 50
42 46
43 52
45 51
45 53
50 53
52 53
