0 1
0 2
0 3
0 4
0 5
0 6
0 7
0 10
0 11
0 12
0 13
0 14
0 16
0 22
0 25
0 28
0 29
0 33
0 38
0 40
1 2
1 3
1 4
1 5
1 6
1 7
1 8
1 9
1 10
1 12
1 13
1 14
1 15
1 17
1 18
1 25
1 26
1 28
1 29
1 30
1 35
1 36
1 39
1 43
2 3
2 4
2 5
2 6
2 7
2 8
2 9
2 11
2 16
2 18
2 22
2 23
2 24
2 25
2 27
2 28
2 29
2 30
2 32
2 35
2 38
2 42
3 4
3 5
3 6
3 7
3 8
3 9
3 10
3 11
3 12
3 15
3 16
3 17
3 20
3 23
3 25
3 27
3 29
3 37
3 38
4 5
4 6
4 7
4 8
4 9
4 10
4 11
4 13
4 14
4 17
4 19
4 21
4 22
4 23
4 24
4 26
4 27
4 30
4 31
4 34
4 37
4 38
4 39
4 43
4 44
5 6
5 7
5 8
5 9
5 10
5 11
5 12
5 14
5 15
5 16
5 19
5 20
5 23
5 27
5 29
5 31
5 32
5 41
6 7
6 8
6 9
6 12
6 13
6 15
6 17
6 18
6 20
6 22
6 24
6 25
6 26
6 27
6 32
6 35
6 42
7 8
7 12
7 13
7 18
7 21
7 25
7 27
7 35
7 36
7 39
7 44
8 9
8 10
8 11
8 13
8 14
8 15
8 16
8 19
8 21
8 22
8 27
8 30
8 31
8 33
8 35
8 36
8 39
8 40
8 44
9 10
9 11
9 15
9 24
9 26
9 36
9 37
9 41
10 12
10 16
10 17
10 18
10 19
10 20
10 21
10 26
10 28
10 35
10 38
10 42
11 14
11 18
11 19
11 21
11 37
11 40
11 43
12 13
12 14
12 16
12 20
12 21
12 22
12 33
12 43
13 15
13 17
13 18
13 19
13 24
13 34
13 37
13 40
14 20
14 22
14 23
14 30
14 32
14 39
14 41
15 17
15 23
15 28
15 39
15 40
15 42
16 19
16 31
16 39
16 42
17 23
17 24
17 29
17 34
17 37
17 44
18 21
18 26
18 34
18 35
19 20
19 24
19 25
19 29
19 33
19 34
19 41
20 31
20 33
20 36
20 42
20 43
21 43
22 30
22 31
22 33
22 40
24 26
24 28
24 37
24 41
25 32
25 42
26 33
26 38
27 28
27 32
27 38
28 31
29 30
30 34
30 36
31 32
32 34
33 40
34 41
35 36
35 44
38 44
40 41
40 44
41 43
