0 1
0 2
0 3
0 4
0 5
0 6
0 7
0 8
0 9
0 10
0 11
0 12
0 13
0 14
0 15
0 16
0 17
0 18
0 24
0 25
0 26
0 27
0 29
0 32
0 35
0 38
0 40
0 42
0 45
0 47
0 49
0 50
0 52
0 53
0 54
0 56
0 57
0 58
0 59
0 60
0 64
0 68
0 70
0 72
0 73
0 75
0 76
0 79
0 80
0 82
0 85
0 86
0 92
0 98
0 99
0 105
0 107
0 113
0 119
0 128
0 131
1 2
1 3
1 4
1 5
1 6
1 7
1 8
1 9
1 10
1 11
1 12
1 13
1 14
1 15
1 16
1 17
1 18
1 20
1 24
1 26
1 30
1 31
1 32
1 33
1 36
1 37
1 38
1 39
1 40
1 41
1 43
1 44
1 59
1 66
1 74
1 81
1 85
1 87
1 99
1 103
1 107
1 108
1 112
1 115
1 116
1 120
1 126
1 128
1 134
1 138
1 141
1 142
1 144
1 148
2 3
2 4
2 5
2 6
2 7
2 8
2 9
2 10
2 11
2 12
2 13
2 15
2 16
2 17
2 18
2 19
2 23
2 24
2 25
2 26
2 27
2 29
2 31
2 33
2 34
2 36
2 37
2 40
2 42
2 45
2 46
2 50
2 51
2 56
2 57
2 60
2 62
2 69
2 71
2 76
2 81
2 82
2 84
2 88
2 90
2 97
2 98
2 101
2 102
2 104
2 113
2 118
2 121
2 126
2 129
2 130
2 133
2 135
2 137
2 141
2 143
2 146
2 147
2 148
3 4
3 5
3 6
3 7
3 8
3 9
3 10
3 11
3 12
3 13
3 14
3 15
3 16
3 17
3 19
3 24
3 25
3 28
3 29
3 31
3 33
3 35
3 38
3 43
3 44
3 49
3 50
3 54
3 56
3 57
3 60
3 64
3 72
3 76
3 77
3 79
3 84
3 85
3 90
3 91
3 93
3 99
3 107
3 113
3 116
3 121
3 126
3 135
3 136
3 137
3 138
4 5
4 6
4 7
4 8
4 9
4 10
4 11
4 12
4 13
4 14
4 15
4 16
4 17
4 18
4 19
4 20
4 21
4 23
4 24
4 25
4 27
4 28
4 29
4 30
4 34
4 36
4 37
4 41
4 42
4 49
4 50
4 51
4 53
4 54
4 55
4 57
4 58
4 64
4 67
4 70
4 72
4 74
4 76
4 78
4 86
4 93
4 99
4 100
4 105
4 106
4 108
4 116
4 118
4 119
4 123
4 124
4 139
4 141
4 143
4 145
4 148
4 149
5 6
5 7
5 8
5 9
5 10
5 11
5 12
5 13
5 14
5 16
5 17
5 18
5 19
5 21
5 22
5 23
5 29
5 30
5 32
5 41
5 55
5 61
5 64
5 74
5 81
5 98
5 129
5 132
5 142
6 7
6 8
6 9
6 10
6 11
6 12
6 13
6 14
6 15
6 16
6 17
6 19
6 20
6 21
6 22
6 24
6 25
6 26
6 29
6 30
6 31
6 33
6 34
6 36
6 40
6 41
6 43
6 44
6 46
6 47
6 48
6 51
6 54
6 55
6 60
6 65
6 66
6 68
6 70
6 71
6 76
6 77
6 79
6 80
6 83
6 93
6 98
6 104
6 105
6 107
6 109
6 111
6 117
6 121
6 124
6 132
6 134
6 139
6 142
7 8
7 9
7 10
7 11
7 12
7 13
7 14
7 15
7 16
7 17
7 18
7 19
7 20
7 21
7 23
7 24
7 26
7 27
7 28
7 29
7 30
7 31
7 32
7 33
7 35
7 36
7 38
7 40
7 41
7 44
7 45
7 46
7 48
7 52
7 53
7 57
7 64
7 68
7 78
7 80
7 84
7 85
7 87
7 88
7 89
7 90
7 96
7 105
7 106
7 111
7 116
7 124
7 129
7 140
7 143
7 144
8 9
8 10
8 11
8 12
8 13
8 14
8 15
8 17
8 18
8 19
8 20
8 21
8 22
8 24
8 25
8 27
8 30
8 33
8 35
8 37
8 38
8 40
8 41
8 42
8 44
8 45
8 46
8 50
8 65
8 69
8 77
8 78
8 80
8 87
8 89
8 90
8 91
8 92
8 110
8 122
8 131
8 136
8 140
8 147
8 148
8 149
9 10
9 11
9 12
9 13
9 14
9 15
9 16
9 17
9 18
9 19
9 20
9 22
9 23
9 24
9 26
9 32
9 34
9 43
9 47
9 54
9 58
9 64
9 65
9 69
9 72
9 74
9 75
9 77
9 78
9 81
9 82
9 83
9 87
9 88
9 89
9 96
9 100
9 102
9 111
9 113
9 115
9 121
9 122
9 132
9 134
9 140
9 142
9 144
10 11
10 12
10 13
10 14
10 15
10 17
10 18
10 19
10 20
10 22
10 25
10 27
10 30
10 31
10 32
10 33
10 35
10 36
10 37
10 39
10 42
10 49
10 54
10 56
10 62
10 63
10 67
10 69
10 73
10 74
10 75
10 76
10 79
10 82
10 83
10 91
10 97
10 98
10 100
10 105
10 107
10 113
10 116
10 117
10 118
10 121
10 122
10 125
10 140
10 141
10 144
11 12
11 13
11 14
11 15
11 16
11 17
11 19
11 20
11 21
11 22
11 23
11 26
11 27
11 28
11 32
11 33
11 36
11 37
11 38
11 43
11 45
11 49
11 50
11 55
11 57
11 58
11 72
11 83
11 91
11 92
11 100
11 108
11 109
11 115
11 118
11 120
11 124
11 133
11 139
11 144
12 13
12 14
12 15
12 16
12 17
12 23
12 25
12 28
12 32
12 33
12 34
12 39
12 43
12 45
12 46
12 48
12 49
12 50
12 51
12 58
12 60
12 67
12 68
12 69
12 75
12 87
12 101
12 108
12 114
12 117
12 119
12 135
12 143
12 147
13 14
13 18
13 22
13 23
13 25
13 28
13 32
13 37
13 41
13 42
13 43
13 44
13 45
13 48
13 50
13 51
13 52
13 53
13 56
13 61
13 64
13 66
13 70
13 71
13 73
13 76
13 78
13 90
13 97
13 104
13 106
13 109
13 110
13 113
13 119
13 120
13 124
13 125
13 128
13 131
13 139
13 146
13 148
13 149
14 15
14 16
14 18
14 19
14 20
14 21
14 22
14 23
14 25
14 26
14 27
14 31
14 32
14 35
14 36
14 38
14 40
14 47
14 48
14 49
14 50
14 51
14 52
14 53
14 54
14 55
14 62
14 69
14 70
14 73
14 75
14 80
14 87
14 89
14 103
14 121
14 122
14 127
14 129
14 136
14 139
15 16
15 20
15 21
15 22
15 24
15 26
15 28
15 30
15 32
15 34
15 37
15 38
15 39
15 43
15 46
15 49
15 51
15 53
15 62
15 64
15 65
15 71
15 73
15 75
15 77
15 78
15 83
15 84
15 86
15 89
15 92
15 102
15 105
15 109
15 111
15 112
15 125
15 128
15 138
15 142
15 143
16 18
16 19
16 20
16 21
16 23
16 28
16 31
16 32
16 35
16 38
16 39
16 41
16 45
16 46
16 48
16 59
16 61
16 67
16 72
16 73
16 75
16 84
16 90
16 92
16 94
16 95
16 97
16 98
16 103
16 124
16 141
17 18
17 19
17 20
17 21
17 22
17 26
17 28
17 30
17 31
17 36
17 37
17 40
17 42
17 45
17 53
17 54
17 55
17 60
17 61
17 62
17 64
17 71
17 75
17 79
17 80
17 84
17 88
17 89
17 93
17 94
17 96
17 97
17 106
17 108
17 109
17 111
17 121
17 122
17 125
17 126
17 130
17 134
17 140
18 20
18 21
18 22
18 23
18 25
18 27
18 37
18 41
18 47
18 53
18 55
18 58
18 64
18 76
18 77
18 78
18 81
18 88
18 89
18 94
18 98
18 105
18 108
18 114
18 127
18 133
18 148
18 149
19 21
19 26
19 28
19 29
19 31
19 33
19 36
19 39
19 48
19 59
19 63
19 73
19 95
19 100
19 109
19 110
19 118
19 149
20 21
20 22
20 27
20 30
20 39
20 41
20 45
20 48
20 50
20 72
20 73
20 74
20 77
20 83
20 93
20 99
20 107
20 122
20 133
20 134
20 145
21 22
21 23
21 24
21 25
21 26
21 28
21 29
21 39
21 41
21 44
21 45
21 47
21 61
21 63
21 70
21 71
21 81
21 88
21 89
21 94
21 95
21 109
21 117
21 123
21 130
21 133
21 145
21 149
22 23
22 24
22 25
22 27
22 33
22 34
22 35
22 43
22 46
22 47
22 49
22 53
22 55
22 56
22 62
22 63
22 69
22 77
22 82
22 84
22 89
22 92
22 95
22 99
22 113
22 120
22 128
22 139
22 145
22 149
23 24
23 26
23 29
23 31
23 34
23 35
23 38
23 47
23 48
23 52
23 53
23 58
23 69
23 72
23 74
23 77
23 79
23 90
23 100
23 102
23 103
23 104
23 112
23 114
23 117
23 119
23 125
23 131
23 132
23 139
23 143
23 144
23 148
24 27
24 29
24 30
24 31
24 34
24 35
24 37
24 39
24 40
24 43
24 48
24 55
24 62
24 65
24 69
24 77
24 84
24 88
24 94
24 105
24 111
24 114
24 131
24 132
24 134
24 139
24 140
24 143
24 146
24 148
25 27
25 29
25 30
25 32
25 34
25 39
25 41
25 56
25 60
25 64
25 74
25 85
25 87
25 92
25 93
25 94
25 95
25 103
25 113
25 114
25 119
25 130
25 131
26 28
26 29
26 30
26 31
26 36
26 40
26 44
26 49
26 56
26 60
26 80
26 98
26 105
26 106
26 109
26 110
26 116
26 142
27 28
27 34
27 37
27 38
27 45
27 46
27 49
27 51
27 54
27 59
27 61
27 63
27 68
27 84
27 85
27 90
27 96
27 102
27 105
27 109
27 113
27 114
27 117
27 120
27 129
27 132
27 135
27 147
28 33
28 34
28 35
28 36
28 42
28 43
28 56
28 61
28 62
28 65
28 68
28 81
28 98
29 33
29 35
29 39
29 40
29 42
29 52
29 59
29 61
29 63
29 68
29 80
29 86
29 91
29 92
29 94
29 101
29 107
29 117
29 120
29 121
29 126
29 128
29 133
29 138
30 37
30 44
30 51
30 52
30 61
30 63
30 66
30 67
30 94
30 100
30 104
30 106
30 110
30 125
30 127
30 128
30 131
30 142
31 35
31 36
31 38
31 42
31 56
31 57
31 58
31 62
31 66
31 69
31 81
31 83
31 86
31 101
31 104
31 112
31 113
31 138
32 34
32 39
32 44
32 46
32 48
32 50
32 57
32 59
32 63
32 67
32 81
32 92
32 99
32 114
32 117
32 129
32 143
32 147
32 149
33 39
33 41
33 43
33 44
33 50
33 62
33 69
33 70
33 71
33 107
33 115
33 117
33 128
33 136
33 137
34 47
34 51
34 57
34 66
34 68
34 74
34 75
34 76
34 78
34 79
34 88
34 96
34 106
34 116
34 117
34 130
34 135
34 140
34 146
35 38
35 40
35 42
35 44
35 46
35 47
35 58
35 71
35 83
35 84
35 96
35 102
35 116
35 126
35 137
35 138
36 40
36 46
36 52
36 54
36 60
36 66
36 67
36 68
36 78
36 80
36 120
36 137
36 140
37 48
37 68
37 73
37 88
37 124
37 134
38 58
38 65
38 71
38 78
38 80
38 89
38 93
38 99
38 104
38 106
38 107
38 126
38 128
38 135
39 42
39 43
39 45
39 52
39 56
39 59
39 65
39 66
39 71
39 72
39 84
39 85
39 91
39 95
39 103
39 106
39 111
39 112
39 120
39 134
39 136
39 142
40 49
40 57
40 62
40 63
40 69
40 73
40 103
40 112
40 114
40 116
40 121
40 125
40 131
40 135
40 141
40 146
41 42
41 44
41 51
41 54
41 55
41 59
41 68
41 70
41 92
41 95
41 98
41 100
41 110
41 118
41 124
41 133
42 47
42 49
42 52
42 60
42 67
42 71
42 73
42 74
42 76
42 86
42 101
42 116
42 132
42 137
42 146
43 46
43 50
43 52
43 53
43 56
43 57
43 58
43 59
43 62
43 65
43 66
43 75
43 85
43 88
43 100
43 101
43 104
43 109
43 115
43 116
43 118
43 126
43 131
43 136
44 48
44 52
44 60
44 67
44 79
44 80
44 82
44 87
44 127
44 134
45 47
45 51
45 56
45 57
45 59
45 60
45 65
45 75
45 86
45 94
45 97
45 112
45 121
45 145
45 148
46 47
46 54
46 55
46 64
46 69
46 83
46 85
46 92
46 93
46 101
46 102
46 109
46 114
46 137
47 53
47 63
47 66
47 77
47 79
47 86
47 98
47 101
47 108
47 112
47 131
47 136
47 138
47 145
48 55
48 60
48 79
48 82
48 83
48 85
48 100
48 107
48 110
48 115
49 51
49 53
49 61
49 63
49 68
49 91
49 99
49 101
49 108
50 52
50 54
50 65
50 67
50 70
50 76
50 79
50 81
50 93
50 101
50 108
50 122
50 134
51 62
51 71
51 72
51 81
51 82
51 87
51 94
51 99
51 114
51 115
51 124
51 136
51 140
52 61
52 66
52 77
52 86
52 99
52 115
52 118
52 125
52 128
52 130
53 55
53 63
53 75
53 86
53 95
53 125
54 57
54 59
54 63
54 74
54 76
54 82
54 84
54 94
54 95
54 101
54 106
54 108
54 117
54 122
54 123
54 125
54 133
54 139
54 147
55 58
55 59
55 61
55 65
55 66
55 67
55 68
55 72
55 74
55 93
55 96
55 97
55 98
55 112
55 122
55 127
55 142
56 58
56 82
56 87
56 96
56 104
56 119
56 123
56 128
57 67
57 70
57 82
57 93
57 105
57 123
57 124
57 125
57 126
57 135
58 85
58 86
58 97
58 100
58 103
58 119
58 128
58 138
59 72
59 83
59 111
59 122
59 135
60 61
60 71
60 72
60 74
60 95
60 100
60 103
60 120
60 132
60 143
61 90
61 103
61 105
61 110
61 114
61 115
61 137
61 141
62 65
62 70
62 82
62 87
62 93
62 97
62 98
62 141
63 64
63 70
63 106
63 114
63 129
64 66
64 67
64 83
64 91
64 92
65 81
66 76
66 78
66 85
66 102
66 104
66 122
66 140
67 102
67 110
67 121
68 70
68 86
68 106
68 127
68 130
68 133
68 142
69 75
69 90
69 94
69 95
69 97
69 103
69 119
70 73
70 78
70 79
70 87
70 95
70 110
70 124
71 80
71 87
71 97
71 102
71 127
71 130
71 134
71 140
72 73
72 77
72 79
72 86
72 105
72 131
72 136
72 138
72 148
73 78
73 90
73 94
73 99
73 101
73 108
73 110
73 111
73 126
73 129
73 130
74 81
74 85
74 88
74 89
74 91
75 88
75 102
75 112
75 115
75 123
75 138
76 84
76 90
76 91
76 96
76 104
76 108
76 123
76 126
77 91
77 102
78 80
78 96
79 82
79 83
79 89
79 96
79 106
79 108
79 109
79 118
79 129
79 137
80 89
80 104
80 112
80 133
80 141
81 91
81 96
81 110
81 115
81 117
81 119
82 92
82 122
82 136
83 103
83 113
83 135
83 137
83 145
84 101
84 115
84 120
84 126
84 133
85 90
85 99
85 107
85 140
86 88
86 131
87 111
87 118
87 125
87 134
88 91
88 93
88 118
88 133
88 138
88 139
88 140
89 100
89 121
89 122
89 144
89 146
89 147
90 102
90 103
90 110
90 126
90 128
90 129
91 119
91 129
91 130
91 137
91 138
91 141
91 143
91 144
91 149
92 123
92 135
92 147
93 112
94 95
94 146
94 147
95 96
95 97
95 139
95 149
96 97
96 109
96 112
96 127
97 107
97 111
97 114
97 123
97 131
97 145
98 104
98 118
98 120
98 129
98 137
98 138
99 107
99 113
99 123
99 145
99 147
100 117
101 116
101 124
101 129
101 144
102 119
102 147
103 111
103 113
103 120
103 141
104 125
104 127
105 111
106 115
107 116
107 124
107 127
108 137
108 146
109 118
109 123
109 144
110 123
111 123
111 132
112 132
112 145
113 143
113 144
113 145
114 121
115 119
115 127
115 139
115 146
116 132
116 141
117 127
117 142
117 147
117 148
117 149
118 132
118 149
119 120
120 130
121 132
121 134
122 127
122 135
122 136
122 143
122 144
122 145
122 147
124 130
124 142
125 135
125 143
125 145
126 139
129 130
131 133
131 136
131 146
131 148
132 141
133 136
135 148
137 142
140 146
140 149
141 144
142 146
