0 1
0 2
0 3
0 4
0 5
0 6
0 9
0 11
0 13
0 14
0 20
0 25
0 26
0 27
0 28
0 29
1 2
1 3
1 4
1 5
1 6
1 7
1 8
1 9
1 10
1 11
1 16
1 17
1 18
1 19
1 20
1 21
1 24
1 30
1 32
2 3
2 4
2 5
2 8
2 9
2 10
2 12
2 17
2 18
2 19
2 22
2 23
2 24
3 4
3 5
3 6
3 7
3 14
3 15
3 16
3 32
4 5
4 6
4 7
4 9
4 12
4 13
4 15
4 16
4 20
4 22
4 27
4 31
5 6
5 7
5 8
5 9
5 13
5 18
5 23
5 27
5 29
6 7
6 8
6 10
6 11
6 14
6 16
6 19
6 21
6 22
6 26
6 30
7 8
7 11
7 12
7 13
7 19
7 29
8 10
8 11
8 15
8 16
8 18
8 23
8 29
8 30
9 10
9 12
9 13
9 14
9 15
9 21
9 22
9 23
9 31
10 12
10 15
10 17
10 20
11 29
12 14
12 17
12 19
12 28
13 18
13 21
13 24
13 32
14 27
15 21
15 24
15 30
16 17
16 22
16 25
16 26
16 28
16 30
16 32
17 25
18 20
18 23
19 24
21 25
22 25
22 26
22 28
22 31
23 26
24 28
26 27
29 31
30 31
31 32
