0 1
0 2
0 3
0 5
0 6
0 8
0 9
0 11
0 12
0 13
0 20
0 24
0 30
0 38
0 40
0 44
0 47
0 52
0 61
0 70
0 75
1 2
1 3
1 4
1 5
1 7
1 8
1 17
1 18
1 27
1 34
1 37
1 49
1 70
1 78
1 81
1 84
2 3
2 4
2 5
2 7
2 13
2 19
2 21
2 23
2 28
2 30
2 40
2 60
3 4
3 6
3 9
3 10
3 11
3 12
3 15
3 16
3 18
3 25
3 69
3 83
3 88
4 6
4 9
4 26
4 33
4 39
4 56
4 79
5 12
5 20
5 38
5 47
5 56
5 60
5 68
5 69
5 71
5 80
5 88
6 7
6 8
6 10
6 11
6 14
6 17
6 19
6 23
6 26
6 29
6 44
6 53
6 57
6 58
6 65
6 72
6 85
6 87
7 10
7 14
7 22
7 26
7 36
7 57
7 75
8 13
8 16
8 21
8 25
8 29
8 31
8 33
8 36
8 45
8 49
8 51
8 54
8 60
8 61
8 62
8 64
8 72
8 76
9 19
9 23
9 27
9 53
10 22
10 28
10 32
10 55
10 58
10 86
11 15
11 16
11 27
11 30
11 41
11 48
11 77
12 14
12 33
12 74
13 17
13 24
13 31
13 34
13 59
13 77
13 78
13 82
14 15
14 22
14 29
14 32
14 34
14 45
14 73
14 76
14 82
15 24
15 35
15 50
15 67
16 18
16 20
16 32
16 64
16 79
16 87
17 42
18 21
18 25
18 28
18 35
18 39
18 40
18 46
18 48
18 66
18 75
18 84
18 85
18 86
19 58
19 62
19 74
20 42
20 68
20 87
22 51
22 62
22 80
23 45
23 46
23 53
23 54
23 64
23 67
23 76
24 31
24 38
24 44
24 82
25 43
26 43
26 63
26 70
27 55
27 59
28 36
28 43
30 41
30 57
31 37
32 37
32 41
33 39
33 52
33 74
34 35
35 50
35 66
35 71
36 86
37 81
38 46
38 47
38 49
38 54
38 61
38 73
39 48
39 52
40 42
42 65
42 68
42 73
45 83
46 50
46 63
47 51
47 59
48 65
48 69
48 83
51 66
51 79
51 80
53 55
53 56
53 63
55 88
56 71
56 77
57 67
63 89
64 72
66 84
67 78
75 81
77 89
81 85
88 89
