0 1
0 2
0 3
0 4
0 5
0 6
0 7
0 8
0 9
0 10
0 11
0 12
0 15
0 16
0 17
0 18
0 20
0 21
0 24
0 28
0 29
0 31
0 33
0 35
0 39
0 40
0 45
0 51
1 2
1 3
1 4
1 5
1 6
1 7
1 8
1 9
1 10
1 14
1 16
1 19
1 26
1 32
1 34
1 39
1 50
1 53
2 3
2 4
2 5
2 6
2 7
2 8
2 9
2 10
2 11
2 12
2 13
2 15
2 16
2 21
2 22
2 23
2 24
2 25
2 26
2 30
2 32
2 35
2 40
2 41
2 53
2 54
3 4
3 5
3 6
3 7
3 8
3 9
3 10
3 11
3 12
3 13
3 14
3 15
3 16
3 18
3 19
3 20
3 21
3 24
3 27
3 31
3 35
3 40
3 42
3 44
3 51
4 5
4 6
4 7
4 8
4 9
4 13
4 14
4 21
4 22
4 52
4 53
5 6
5 7
5 8
5 9
5 10
5 11
5 12
5 13
5 15
5 18
5 21
5 22
5 23
5 25
5 26
5 27
5 29
5 30
5 31
5 35
5 36
5 37
5 38
5 39
5 45
5 48
6 7
6 8
6 9
6 10
6 11
6 12
6 13
6 14
6 16
6 17
6 20
6 25
6 26
6 33
6 34
6 38
6 41
6 44
6 46
7 8
7 9
7 10
7 11
7 12
7 13
7 14
7 15
7 17
7 18
7 19
7 20
7 22
7 23
7 24
7 25
7 28
7 30
7 36
7 37
7 45
7 46
7 47
7 50
7 54
8 9
8 10
8 11
8 12
8 13
8 14
8 15
8 16
8 17
8 21
8 22
8 24
8 26
8 32
8 33
8 34
8 35
8 37
8 39
8 40
8 42
8 43
8 47
9 10
9 11
9 12
9 14
9 15
9 17
9 18
9 21
9 24
9 27
9 28
9 30
9 32
9 38
9 39
9 43
9 47
9 49
9 52
10 11
10 13
10 14
10 15
10 16
10 17
10 18
10 19
10 20
10 22
10 23
10 24
10 33
10 38
10 43
10 47
10 54
11 12
11 13
11 18
11 19
11 22
11 23
11 26
11 27
11 28
11 29
11 36
11 45
11 49
11 52
12 14
12 16
12 17
12 23
12 24
12 25
12 27
12 30
12 31
12 32
12 37
12 43
12 45
12 46
12 47
12 49
12 50
12 51
12 52
13 15
13 17
13 19
13 27
13 28
13 29
13 30
13 36
13 37
13 38
13 44
13 52
13 54
14 16
14 18
14 19
14 20
14 23
14 27
14 29
14 31
14 33
14 35
14 40
14 41
14 42
14 44
14 46
14 51
14 53
15 17
15 18
15 20
15 22
15 30
15 38
16 19
16 20
16 29
16 31
16 37
16 38
16 44
16 47
16 48
17 25
17 29
17 38
17 43
18 19
18 20
18 21
18 23
18 28
18 40
18 51
19 21
19 22
19 25
19 28
19 32
19 37
19 41
19 42
19 49
19 50
20 25
20 28
20 33
20 34
20 39
20 42
20 44
20 45
20 49
20 50
20 51
20 52
21 33
21 35
21 41
21 46
21 49
21 53
22 23
22 24
22 26
22 27
22 34
22 54
23 25
23 26
23 29
23 34
23 36
23 42
23 43
23 44
23 49
23 52
23 54
24 27
24 33
24 34
24 37
24 41
24 50
24 51
25 26
25 30
25 35
25 36
25 39
25 41
25 42
25 43
25 44
26 29
26 33
27 28
27 31
27 32
27 34
27 39
27 43
27 44
27 48
28 32
28 34
28 43
28 45
28 47
28 48
28 49
29 30
29 31
29 39
29 45
29 47
29 48
29 49
29 50
29 53
30 31
30 32
30 40
30 53
30 54
31 36
31 41
31 46
31 51
32 40
33 35
33 36
33 50
34 46
34 54
35 36
35 40
35 42
35 48
36 37
36 38
36 41
36 52
37 42
37 47
37 48
38 46
38 50
39 48
39 52
41 46
41 54
42 53
44 45
44 48
44 53
47 51
