0 1
0 2
0 3
0 4
0 6
0 7
0 8
0 11
0 12
0 13
0 14
0 16
0 19
0 35
0 36
0 38
0 40
1 2
1 3
1 4
1 7
1 14
1 27
1 29
1 34
2 3
2 5
2 6
2 7
2 8
2 9
2 10
2 11
2 14
2 15
2 18
2 19
2 20
2 22
2 24
2 25
2 28
2 29
2 31
2 45
3 4
3 5
3 9
3 13
3 20
3 30
4 5
4 10
4 17
4 18
4 22
4 36
4 37
4 46
4 49
5 6
5 8
5 9
5 15
5 33
5 42
6 12
6 17
6 26
6 27
6 33
6 38
6 48
7 27
7 30
7 31
7 32
7 49
8 10
8 12
8 35
9 11
9 15
9 16
9 19
9 28
9 35
9 39
9 41
9 43
9 49
10 13
10 17
10 41
10 45
11 22
11 32
14 16
14 25
15 20
15 21
15 23
15 24
15 34
15 38
16 18
16 21
17 21
17 25
17 44
18 28
18 36
20 23
20 24
20 26
20 44
21 30
22 23
22 40
22 47
24 37
25 26
25 37
25 39
25 43
25 46
26 31
26 33
26 42
27 29
27 39
28 45
28 48
29 32
30 34
31 44
32 42
33 47
34 43
34 46
34 47
35 41
37 40
39 48
