0 1
0 2
0 3
0 4
0 5
0 6
0 7
0 8
0 9
0 10
0 11
0 14
0 17
0 19
1 2
1 3
1 4
1 5
1 6
1 7
1 8
1 9
1 10
1 17
2 3
2 4
2 5
2 6
2 7
2 8
2 9
2 14
2 15
2 18
2 21
2 24
3 4
3 5
3 6
3 7
3 9
3 11
3 12
3 13
3 18
3 19
4 5
4 6
4 7
4 8
4 11
4 12
4 14
4 15
4 16
4 21
4 22
4 24
5 6
5 7
5 10
5 11
5 12
5 13
5 14
5 16
5 17
5 21
5 24
6 8
6 10
6 13
6 22
7 8
7 9
7 10
7 14
7 15
7 16
7 17
7 19
7 20
7 22
8 9
8 11
8 12
8 13
8 15
8 20
8 22
9 10
9 12
9 14
9 15
9 16
9 20
9 23
9 24
10 11
10 13
10 16
10 17
10 19
10 21
10 23
11 12
11 13
11 17
11 18
11 19
11 22
11 23
12 16
12 18
12 23
13 15
13 20
13 21
14 18
15 19
15 20
15 21
15 23
15 24
16 18
16 23
17 20
21 22
23 24
