0 1
0 2
0 3
0 4
0 5
0 6
0 7
0 9
0 11
0 16
0 22
0 27
0 50
0 51
1 2
1 3
1 4
1 5
1 6
1 8
1 9
1 11
1 12
1 13
1 14
1 16
1 19
1 20
1 21
1 22
1 25
1 27
1 28
1 30
1 31
1 35
1 46
1 48
1 50
1 53
1 55
1 57
2 3
2 4
2 5
2 6
2 7
2 8
2 10
2 13
2 15
2 17
2 18
2 22
2 23
2 24
2 25
2 26
2 28
2 39
2 47
3 4
3 5
3 6
3 7
3 8
3 9
3 10
3 13
3 15
3 19
3 22
3 26
3 32
3 33
3 40
3 43
3 54
3 56
4 5
4 6
4 8
4 10
4 30
4 34
4 37
4 41
4 44
4 47
4 48
5 7
5 9
5 10
5 15
5 22
5 26
5 31
5 32
5 35
5 42
5 52
5 58
6 7
6 12
6 18
6 20
6 31
6 33
6 43
6 58
7 8
7 9
7 10
7 11
7 12
7 14
7 15
7 17
7 21
7 28
7 31
7 35
7 36
7 38
7 48
7 50
8 13
8 14
8 16
8 18
8 20
8 23
8 24
8 27
8 42
9 11
9 12
9 15
9 16
9 21
9 24
9 26
9 30
9 37
9 39
9 49
10 11
10 12
10 17
10 19
10 32
10 33
10 34
10 38
10 39
10 47
10 51
10 53
10 58
11 13
11 14
11 19
11 35
11 38
11 44
12 16
12 18
12 24
12 37
12 41
12 49
13 14
13 18
13 23
13 24
13 42
13 49
13 50
14 23
14 25
14 28
14 32
14 43
14 52
15 17
15 19
15 20
15 21
15 25
15 26
15 31
15 33
15 34
15 35
15 41
16 17
16 44
16 48
16 52
16 53
17 23
17 29
17 45
17 54
17 57
18 20
18 21
18 29
18 34
18 36
18 38
18 39
18 40
18 59
19 36
19 45
19 48
19 51
20 25
20 28
20 29
20 45
20 47
20 55
20 56
20 59
21 27
21 36
21 40
22 30
23 27
23 41
23 53
23 55
24 43
25 30
25 39
25 59
26 29
26 46
26 50
26 52
26 56
26 57
26 58
27 29
27 46
28 38
29 32
29 33
29 44
29 54
31 37
31 40
31 42
31 44
31 45
31 52
31 56
32 34
33 36
33 41
33 56
33 59
34 43
34 46
34 53
34 57
34 58
36 37
37 40
37 46
38 47
38 54
39 42
41 57
43 45
43 55
44 51
46 49
47 49
47 51
49 54
51 55
55 59
