0 1
0 2
0 3
0 4
0 5
0 6
0 7
0 8
0 11
0 12
0 13
0 14
0 19
0 21
0 24
0 25
0 33
0 51
0 60
0 64
0 66
1 2
1 3
1 6
1 8
1 10
1 78
2 3
2 4
2 5
2 7
2 8
2 14
2 20
2 26
2 29
2 35
2 41
2 50
2 55
2 61
2 69
2 71
2 72
2 77
2 80
2 83
3 4
3 5
3 6
3 9
3 11
3 13
3 16
3 20
3 28
3 42
3 45
3 54
3 60
3 70
3 75
4 7
4 16
4 20
4 23
4 24
4 26
4 28
4 47
4 76
5 31
5 32
5 35
5 58
6 10
6 17
6 18
6 21
6 24
6 28
6 31
6 64
7 9
7 12
7 13
7 14
7 15
7 16
7 21
7 25
7 30
7 36
7 39
7 40
7 67
7 74
8 9
8 10
8 12
8 17
8 34
8 35
8 50
8 62
8 73
8 81
8 82
9 27
9 41
9 42
9 48
9 55
9 84
10 11
10 22
10 23
10 32
10 33
10 36
10 47
10 48
10 52
10 56
10 68
11 15
11 19
11 29
11 34
11 42
11 44
11 45
11 49
11 69
12 17
12 25
12 29
12 30
12 43
12 50
12 80
12 82
13 15
13 18
13 22
13 37
13 40
13 41
13 57
13 58
13 78
13 79
13 84
14 19
14 27
14 30
14 39
14 44
14 54
14 57
15 37
16 23
16 45
17 18
17 22
17 27
17 44
18 67
18 73
18 75
19 26
19 34
20 36
20 37
20 52
20 67
21 47
21 65
21 66
22 33
23 46
23 51
23 59
23 62
23 75
24 46
24 57
25 38
25 43
25 63
25 65
26 32
26 63
27 31
27 49
27 56
27 76
27 77
28 48
28 55
28 70
28 71
29 43
29 54
29 81
29 83
30 59
32 38
32 53
32 58
33 56
33 60
36 38
36 39
36 40
36 72
37 73
39 69
40 49
40 53
40 62
41 46
41 64
42 59
43 51
43 68
45 63
45 81
46 72
47 74
48 53
51 52
51 61
51 79
52 71
52 83
54 61
55 70
55 76
56 66
57 82
59 65
60 79
65 68
66 84
68 74
72 78
73 77
73 80
