0 1
0 2
0 3
0 4
0 5
0 6
0 7
0 8
0 9
0 10
0 11
0 12
0 13
0 14
0 15
0 16
0 17
0 18
0 19
0 20
0 21
0 22
0 23
0 24
0 25
0 26
0 27
0 28
0 29
0 30
0 31
0 32
0 33
0 34
0 35
0 36
0 37
0 38
0 39
0 40
0 41
0 42
0 43
0 44
0 45
0 46
0 47
0 48
0 49
0 50
0 51
0 52
0 53
0 54
0 55
0 57
0 58
0 59
0 60
0 61
0 62
0 63
0 64
0 65
0 66
0 67
0 68
0 70
0 71
0 72
0 73
0 76
0 77
0 79
0 81
0 82
0 83
0 85
0 86
0 88
0 89
0 90
0 92
0 93
0 94
0 98
0 99
0 101
0 102
0 103
0 106
0 107
0 108
0 109
0 110
0 111
0 112
0 113
0 118
0 122
0 125
0 126
0 128
0 129
0 132
0 136
0 137
0 138
0 139
0 140
0 141
0 144
0 145
0 148
0 149
0 150
0 151
0 152
0 153
0 154
0 155
0 157
0 158
0 165
0 167
0 168
0 170
0 171
0 173
0 174
0 175
0 176
0 177
0 180
0 185
0 194
0 197
0 200
0 201
0 205
0 208
0 209
0 210
0 213
0 219
0 221
0 226
0 228
0 229
0 231
0 232
0 233
0 240
0 241
0 242
0 243
0 246
0 247
0 253
0 256
0 259
0 261
0 264
0 265
0 266
0 267
0 268
0 270
0 271
0 272
0 279
0 282
0 284
0 291
1 2
1 3
1 4
1 5
1 6
1 7
1 8
1 9
1 10
1 11
1 12
1 13
1 14
1 15
1 16
1 17
1 18
1 19
1 20
1 21
1 22
1 23
1 24
1 25
1 26
1 27
1 28
1 29
1 30
1 31
1 32
1 33
1 34
1 35
1 36
1 37
1 38
1 39
1 40
1 41
1 42
1 43
1 44
1 45
1 46
1 47
1 48
1 49
1 50
1 51
1 52
1 53
1 54
1 55
1 56
1 57
1 58
1 60
1 61
1 62
1 64
1 67
1 68
1 69
1 70
1 71
1 73
1 74
1 76
1 77
1 78
1 79
1 80
1 82
1 83
1 84
1 87
1 91
1 93
1 94
1 97
1 98
1 99
1 100
1 101
1 103
1 104
1 105
1 108
1 110
1 111
1 114
1 116
1 117
1 118
1 119
1 127
1 140
1 141
1 142
1 144
1 146
1 147
1 153
1 156
1 159
1 160
1 161
1 162
1 168
1 169
1 170
1 180
1 182
1 183
1 188
1 191
1 192
1 194
1 196
1 200
1 201
1 204
1 205
1 207
1 209
1 218
1 226
1 227
1 228
1 231
1 238
1 244
1 250
1 253
1 256
1 270
1 273
1 275
1 276
1 277
1 278
1 282
1 285
1 293
1 296
1 297
1 299
2 3
2 4
2 5
2 6
2 7
2 8
2 9
2 10
2 11
2 12
2 13
2 14
2 15
2 16
2 17
2 18
2 19
2 20
2 21
2 22
2 23
2 24
2 25
2 26
2 27
2 28
2 29
2 30
2 31
2 32
2 33
2 34
2 35
2 36
2 37
2 38
2 39
2 40
2 41
2 42
2 43
2 44
2 45
2 46
2 47
2 48
2 49
2 50
2 52
2 54
2 55
2 56
2 57
2 58
2 59
2 60
2 61
2 62
2 63
2 64
2 65
2 66
2 68
2 71
2 72
2 73
2 74
2 77
2 78
2 79
2 80
2 81
2 82
2 83
2 84
2 87
2 89
2 91
2 94
2 97
2 98
2 99
2 101
2 102
2 104
2 105
2 106
2 107
2 109
2 112
2 113
2 114
2 117
2 119
2 120
2 121
2 124
2 125
2 127
2 128
2 131
2 132
2 137
2 139
2 142
2 143
2 148
2 150
2 153
2 164
2 165
2 166
2 167
2 169
2 171
2 172
2 174
2 179
2 182
2 185
2 188
2 189
2 191
2 192
2 193
2 194
2 195
2 196
2 197
2 199
2 201
2 204
2 205
2 206
2 210
2 211
2 214
2 217
2 220
2 223
2 225
2 227
2 234
2 237
2 239
2 240
2 244
2 246
2 247
2 255
2 256
2 257
2 261
2 265
2 267
2 269
2 270
2 276
2 278
2 279
2 280
2 286
2 287
2 288
2 292
2 294
2 296
2 299
3 4
3 5
3 6
3 7
3 8
3 9
3 10
3 11
3 12
3 13
3 14
3 15
3 16
3 17
3 18
3 19
3 20
3 21
3 22
3 23
3 24
3 25
3 26
3 27
3 28
3 29
3 30
3 31
3 32
3 33
3 34
3 35
3 36
3 37
3 38
3 39
3 40
3 41
3 42
3 43
3 44
3 45
3 46
3 47
3 48
3 49
3 50
3 51
3 52
3 53
3 54
3 55
3 56
3 57
3 58
3 59
3 61
3 62
3 64
3 65
3 66
3 68
3 69
3 71
3 72
3 74
3 75
3 76
3 77
3 78
3 79
3 80
3 82
3 83
3 85
3 87
3 88
3 89
3 90
3 91
3 93
3 94
3 95
3 96
3 98
3 100
3 101
3 102
3 104
3 105
3 106
3 109
3 110
3 112
3 115
3 116
3 117
3 119
3 120
3 121
3 122
3 123
3 127
3 128
3 130
3 132
3 133
3 134
3 135
3 137
3 140
3 143
3 145
3 146
3 147
3 151
3 153
3 156
3 159
3 162
3 163
3 165
3 168
3 170
3 171
3 174
3 176
3 186
3 187
3 192
3 194
3 196
3 199
3 200
3 201
3 210
3 213
3 214
3 219
3 223
3 227
3 228
3 229
3 236
3 239
3 242
3 247
3 249
3 256
3 258
3 262
3 267
3 272
3 277
3 279
3 282
3 285
3 288
3 292
3 298
3 299
4 5
4 6
4 7
4 8
4 9
4 10
4 11
4 12
4 13
4 14
4 15
4 16
4 17
4 18
4 19
4 20
4 21
4 22
4 23
4 24
4 25
4 26
4 27
4 28
4 29
4 30
4 31
4 32
4 33
4 34
4 35
4 36
4 37
4 38
4 39
4 40
4 41
4 42
4 43
4 44
4 45
4 46
4 47
4 48
4 49
4 50
4 51
4 52
4 53
4 54
4 55
4 56
4 57
4 58
4 59
4 60
4 61
4 62
4 63
4 64
4 65
4 66
4 67
4 68
4 69
4 70
4 72
4 74
4 75
4 76
4 77
4 78
4 79
4 80
4 83
4 84
4 85
4 87
4 89
4 90
4 92
4 94
4 97
4 98
4 99
4 104
4 105
4 107
4 108
4 109
4 110
4 112
4 115
4 117
4 124
4 126
4 128
4 129
4 130
4 131
4 134
4 137
4 140
4 141
4 143
4 144
4 145
4 148
4 149
4 153
4 155
4 157
4 159
4 160
4 163
4 164
4 165
4 167
4 170
4 173
4 175
4 176
4 178
4 180
4 181
4 183
4 185
4 186
4 189
4 190
4 192
4 194
4 198
4 200
4 202
4 204
4 211
4 214
4 215
4 216
4 218
4 231
4 236
4 246
4 252
4 255
4 256
4 257
4 265
4 266
4 267
4 269
4 277
4 280
4 287
4 288
4 292
4 293
4 294
4 299
5 6
5 7
5 8
5 9
5 10
5 11
5 12
5 13
5 14
5 15
5 16
5 17
5 18
5 19
5 20
5 21
5 22
5 23
5 24
5 25
5 26
5 27
5 28
5 29
5 30
5 31
5 32
5 33
5 34
5 35
5 36
5 37
5 38
5 39
5 40
5 41
5 42
5 43
5 44
5 45
5 46
5 47
5 48
5 49
5 50
5 51
5 52
5 53
5 54
5 56
5 57
5 58
5 59
5 60
5 61
5 62
5 63
5 64
5 65
5 67
5 68
5 69
5 70
5 71
5 72
5 73
5 74
5 76
5 77
5 78
5 79
5 80
5 81
5 82
5 83
5 85
5 87
5 88
5 90
5 91
5 96
5 99
5 100
5 101
5 102
5 103
5 104
5 108
5 109
5 112
5 113
5 115
5 118
5 119
5 120
5 122
5 123
5 124
5 125
5 126
5 131
5 132
5 138
5 141
5 142
5 143
5 146
5 151
5 152
5 153
5 154
5 157
5 159
5 161
5 164
5 165
5 169
5 170
5 171
5 174
5 180
5 185
5 187
5 189
5 190
5 192
5 193
5 194
5 195
5 196
5 197
5 199
5 201
5 203
5 204
5 205
5 206
5 207
5 209
5 212
5 223
5 227
5 228
5 229
5 233
5 234
5 247
5 249
5 260
5 264
5 266
5 268
5 270
5 272
5 273
5 277
5 279
5 283
5 286
5 288
5 291
5 292
5 293
5 294
5 297
6 7
6 8
6 9
6 10
6 11
6 12
6 13
6 14
6 15
6 16
6 17
6 18
6 19
6 20
6 21
6 22
6 23
6 24
6 25
6 26
6 27
6 28
6 29
6 30
6 31
6 32
6 33
6 34
6 35
6 36
6 37
6 38
6 39
6 40
6 41
6 42
6 43
6 44
6 45
6 46
6 47
6 48
6 49
6 50
6 51
6 53
6 54
6 55
6 56
6 57
6 59
6 60
6 61
6 62
6 63
6 65
6 66
6 67
6 68
6 69
6 70
6 74
6 76
6 77
6 78
6 79
6 81
6 83
6 86
6 88
6 89
6 91
6 94
6 95
6 102
6 105
6 106
6 109
6 112
6 113
6 114
6 115
6 118
6 119
6 121
6 122
6 125
6 126
6 133
6 136
6 137
6 141
6 145
6 146
6 149
6 151
6 154
6 156
6 157
6 162
6 163
6 166
6 168
6 170
6 172
6 173
6 174
6 176
6 181
6 189
6 192
6 194
6 195
6 197
6 199
6 200
6 201
6 203
6 207
6 212
6 214
6 215
6 216
6 218
6 229
6 232
6 237
6 238
6 240
6 242
6 255
6 257
6 261
6 264
6 265
6 267
6 274
6 275
6 284
6 289
6 290
6 292
6 294
6 295
6 297
6 298
7 8
7 9
7 10
7 11
7 12
7 13
7 14
7 15
7 16
7 17
7 18
7 19
7 20
7 21
7 22
7 23
7 24
7 25
7 26
7 27
7 28
7 29
7 30
7 31
7 32
7 33
7 34
7 35
7 36
7 37
7 38
7 39
7 40
7 41
7 42
7 43
7 44
7 45
7 46
7 47
7 48
7 49
7 50
7 51
7 52
7 53
7 55
7 57
7 58
7 59
7 61
7 62
7 64
7 66
7 68
7 73
7 74
7 76
7 77
7 78
7 79
7 80
7 81
7 82
7 83
7 84
7 85
7 87
7 88
7 90
7 91
7 93
7 95
7 96
7 97
7 99
7 103
7 106
7 108
7 109
7 110
7 113
7 117
7 120
7 121
7 122
7 127
7 133
7 136
7 139
7 141
7 142
7 144
7 145
7 146
7 147
7 148
7 149
7 150
7 152
7 157
7 166
7 167
7 169
7 171
7 173
7 174
7 175
7 177
7 178
7 179
7 180
7 183
7 185
7 187
7 189
7 190
7 195
7 197
7 198
7 200
7 201
7 207
7 213
7 214
7 215
7 216
7 218
7 219
7 220
7 227
7 230
7 233
7 238
7 240
7 243
7 244
7 245
7 248
7 250
7 256
7 259
7 261
7 263
7 264
7 269
7 271
7 274
7 276
7 281
7 282
7 297
7 298
8 9
8 10
8 11
8 12
8 13
8 14
8 15
8 16
8 17
8 18
8 19
8 20
8 21
8 22
8 23
8 24
8 25
8 26
8 27
8 28
8 29
8 30
8 31
8 32
8 33
8 34
8 35
8 36
8 37
8 38
8 39
8 40
8 41
8 42
8 43
8 44
8 45
8 46
8 47
8 48
8 49
8 50
8 51
8 52
8 53
8 54
8 55
8 56
8 57
8 58
8 59
8 60
8 61
8 62
8 63
8 64
8 65
8 66
8 67
8 68
8 69
8 70
8 71
8 72
8 73
8 74
8 77
8 78
8 79
8 80
8 81
8 82
8 84
8 85
8 87
8 88
8 91
8 92
8 93
8 94
8 95
8 96
8 98
8 101
8 102
8 103
8 107
8 113
8 114
8 117
8 118
8 121
8 122
8 124
8 126
8 127
8 128
8 129
8 130
8 132
8 135
8 138
8 139
8 140
8 142
8 144
8 147
8 148
8 151
8 153
8 155
8 156
8 157
8 159
8 160
8 161
8 165
8 167
8 174
8 176
8 180
8 185
8 186
8 194
8 195
8 197
8 198
8 199
8 200
8 203
8 204
8 205
8 211
8 214
8 220
8 224
8 225
8 226
8 230
8 234
8 235
8 240
8 242
8 243
8 244
8 246
8 248
8 251
8 252
8 254
8 257
8 261
8 266
8 267
8 269
8 275
8 283
8 287
8 298
9 10
9 11
9 12
9 13
9 14
9 15
9 16
9 17
9 18
9 19
9 20
9 21
9 22
9 23
9 24
9 25
9 26
9 27
9 28
9 29
9 30
9 31
9 32
9 33
9 34
9 35
9 36
9 37
9 38
9 39
9 40
9 41
9 42
9 43
9 44
9 45
9 46
9 47
9 48
9 49
9 50
9 51
9 52
9 53
9 54
9 55
9 58
9 60
9 61
9 62
9 63
9 64
9 65
9 66
9 68
9 70
9 71
9 72
9 73
9 74
9 75
9 76
9 77
9 78
9 82
9 85
9 87
9 88
9 93
9 94
9 95
9 96
9 99
9 100
9 101
9 102
9 103
9 104
9 105
9 108
9 110
9 111
9 113
9 114
9 117
9 120
9 121
9 122
9 123
9 127
9 130
9 132
9 134
9 138
9 141
9 142
9 145
9 148
9 150
9 153
9 154
9 156
9 157
9 158
9 162
9 163
9 168
9 169
9 174
9 179
9 185
9 186
9 188
9 189
9 191
9 192
9 194
9 198
9 201
9 202
9 203
9 208
9 210
9 220
9 223
9 224
9 228
9 237
9 241
9 250
9 251
9 254
9 257
9 259
9 260
9 275
9 276
9 282
9 286
9 287
9 288
9 290
9 295
9 296
10 11
10 12
10 13
10 14
10 15
10 16
10 17
10 18
10 19
10 20
10 21
10 22
10 23
10 24
10 25
10 26
10 27
10 28
10 29
10 30
10 31
10 32
10 33
10 34
10 35
10 36
10 37
10 38
10 39
10 40
10 41
10 42
10 43
10 44
10 45
10 46
10 47
10 48
10 49
10 50
10 51
10 52
10 53
10 54
10 55
10 56
10 58
10 59
10 60
10 61
10 62
10 63
10 66
10 67
10 70
10 72
10 73
10 75
10 76
10 77
10 78
10 79
10 80
10 81
10 82
10 84
10 85
10 86
10 88
10 89
10 91
10 92
10 93
10 95
10 97
10 98
10 99
10 100
10 102
10 105
10 110
10 113
10 116
10 117
10 119
10 121
10 122
10 123
10 125
10 126
10 127
10 129
10 130
10 131
10 136
10 137
10 139
10 142
10 144
10 145
10 146
10 147
10 148
10 149
10 151
10 154
10 156
10 157
10 161
10 162
10 171
10 173
10 174
10 175
10 176
10 178
10 180
10 182
10 186
10 188
10 191
10 193
10 194
10 195
10 198
10 203
10 204
10 208
10 213
10 215
10 216
10 217
10 218
10 221
10 225
10 227
10 228
10 230
10 234
10 241
10 244
10 247
10 249
10 250
10 251
10 259
10 260
10 262
10 268
10 271
10 274
10 275
10 279
10 285
10 286
10 287
10 288
10 293
10 296
10 298
11 12
11 13
11 14
11 15
11 16
11 17
11 18
11 19
11 20
11 21
11 22
11 23
11 24
11 25
11 26
11 27
11 28
11 29
11 30
11 31
11 32
11 33
11 34
11 35
11 36
11 37
11 38
11 39
11 40
11 41
11 42
11 43
11 44
11 45
11 46
11 47
11 48
11 49
11 50
11 51
11 52
11 53
11 54
11 56
11 57
11 58
11 59
11 60
11 61
11 63
11 65
11 66
11 67
11 68
11 69
11 71
11 72
11 73
11 77
11 79
11 82
11 84
11 85
11 86
11 87
11 89
11 90
11 92
11 94
11 96
11 98
11 100
11 103
11 104
11 105
11 108
11 109
11 110
11 112
11 113
11 114
11 116
11 117
11 119
11 124
11 125
11 126
11 129
11 130
11 131
11 133
11 135
11 136
11 138
11 142
11 145
11 146
11 147
11 148
11 150
11 151
11 154
11 158
11 159
11 160
11 162
11 165
11 167
11 169
11 170
11 176
11 179
11 180
11 183
11 187
11 189
11 200
11 201
11 203
11 212
11 216
11 218
11 219
11 220
11 225
11 233
11 238
11 245
11 247
11 253
11 254
11 257
11 260
11 261
11 266
11 273
11 274
11 275
11 276
11 277
11 279
11 280
11 281
11 282
11 283
11 286
11 287
11 295
12 13
12 14
12 15
12 16
12 17
12 18
12 19
12 20
12 21
12 22
12 23
12 24
12 25
12 26
12 27
12 28
12 29
12 30
12 31
12 32
12 33
12 34
12 35
12 36
12 37
12 38
12 39
12 40
12 41
12 42
12 43
12 44
12 45
12 46
12 47
12 48
12 49
12 50
12 51
12 52
12 53
12 54
12 55
12 56
12 57
12 58
12 59
12 60
12 61
12 62
12 64
12 65
12 67
12 68
12 70
12 71
12 72
12 73
12 74
12 75
12 76
12 79
12 80
12 82
12 83
12 84
12 85
12 86
12 88
12 89
12 90
12 92
12 97
12 100
12 101
12 103
12 104
12 114
12 115
12 118
12 124
12 133
12 135
12 138
12 139
12 142
12 145
12 149
12 150
12 152
12 153
12 155
12 157
12 161
12 162
12 164
12 166
12 171
12 175
12 182
12 183
12 186
12 187
12 189
12 191
12 206
12 207
12 208
12 211
12 213
12 214
12 215
12 216
12 218
12 221
12 227
12 234
12 235
12 238
12 239
12 248
12 250
12 254
12 255
12 256
12 257
12 258
12 259
12 279
12 283
12 285
12 287
12 288
12 291
12 294
13 14
13 15
13 16
13 17
13 18
13 19
13 20
13 21
13 22
13 23
13 24
13 25
13 26
13 27
13 28
13 29
13 30
13 31
13 32
13 33
13 34
13 35
13 36
13 37
13 38
13 39
13 40
13 41
13 42
13 43
13 44
13 45
13 46
13 47
13 48
13 49
13 50
13 51
13 52
13 53
13 54
13 56
13 57
13 58
13 59
13 60
13 61
13 62
13 63
13 65
13 67
13 70
13 71
13 73
13 74
13 75
13 77
13 78
13 80
13 81
13 83
13 84
13 86
13 87
13 89
13 92
13 94
13 96
13 97
13 99
13 100
13 101
13 103
13 104
13 106
13 107
13 108
13 110
13 111
13 112
13 116
13 118
13 120
13 121
13 122
13 123
13 127
13 129
13 130
13 131
13 132
13 133
13 134
13 135
13 143
13 146
13 149
13 150
13 154
13 155
13 156
13 157
13 162
13 163
13 166
13 167
13 170
13 171
13 173
13 174
13 175
13 176
13 177
13 178
13 179
13 184
13 187
13 188
13 191
13 197
13 199
13 200
13 201
13 204
13 206
13 207
13 208
13 212
13 214
13 215
13 216
13 217
13 220
13 230
13 232
13 234
13 235
13 237
13 240
13 241
13 243
13 247
13 256
13 260
13 265
13 266
13 270
13 279
13 283
13 285
13 288
13 289
13 290
13 298
14 15
14 16
14 17
14 18
14 19
14 20
14 21
14 22
14 23
14 24
14 25
14 26
14 27
14 28
14 29
14 30
14 31
14 32
14 33
14 34
14 35
14 36
14 37
14 38
14 39
14 40
14 41
14 42
14 43
14 44
14 45
14 46
14 47
14 48
14 49
14 50
14 51
14 52
14 53
14 54
14 56
14 57
14 58
14 59
14 60
14 61
14 62
14 63
14 64
14 65
14 66
14 67
14 70
14 71
14 72
14 73
14 74
14 76
14 77
14 78
14 81
14 82
14 83
14 84
14 85
14 86
14 87
14 88
14 90
14 91
14 93
14 95
14 97
14 99
14 103
14 105
14 106
14 107
14 108
14 110
14 111
14 112
14 114
14 116
14 124
14 126
14 128
14 130
14 132
14 133
14 134
14 135
14 139
14 143
14 149
14 150
14 154
14 156
14 160
14 166
14 167
14 172
14 177
14 180
14 183
14 184
14 185
14 190
14 193
14 198
14 206
14 207
14 208
14 211
14 212
14 215
14 217
14 223
14 225
14 228
14 231
14 236
14 242
14 243
14 245
14 250
14 251
14 260
14 263
14 269
14 271
14 274
14 282
14 284
14 296
15 16
15 17
15 18
15 19
15 20
15 21
15 22
15 23
15 24
15 25
15 26
15 27
15 28
15 29
15 30
15 31
15 32
15 33
15 34
15 35
15 36
15 37
15 38
15 39
15 40
15 41
15 42
15 43
15 44
15 45
15 46
15 47
15 48
15 49
15 50
15 51
15 52
15 54
15 55
15 56
15 57
15 59
15 60
15 61
15 62
15 64
15 65
15 66
15 68
15 69
15 70
15 72
15 73
15 78
15 79
15 80
15 81
15 82
15 83
15 84
15 85
15 88
15 89
15 90
15 92
15 93
15 94
15 96
15 98
15 100
15 101
15 104
15 105
15 106
15 108
15 114
15 122
15 123
15 125
15 133
15 139
15 141
15 143
15 145
15 146
15 147
15 150
15 154
15 164
15 167
15 169
15 174
15 176
15 179
15 183
15 184
15 188
15 190
15 191
15 192
15 193
15 195
15 196
15 198
15 200
15 204
15 210
15 212
15 214
15 228
15 229
15 230
15 232
15 235
15 237
15 253
15 255
15 261
15 263
15 276
15 277
15 278
15 286
15 287
15 292
15 295
16 17
16 18
16 19
16 20
16 21
16 22
16 23
16 24
16 25
16 26
16 27
16 28
16 29
16 30
16 31
16 32
16 33
16 34
16 35
16 36
16 37
16 38
16 39
16 40
16 41
16 42
16 43
16 44
16 45
16 46
16 47
16 48
16 49
16 50
16 51
16 52
16 53
16 54
16 55
16 56
16 57
16 58
16 59
16 60
16 64
16 65
16 66
16 68
16 69
16 70
16 72
16 73
16 75
16 76
16 78
16 79
16 81
16 82
16 84
16 86
16 88
16 91
16 95
16 96
16 97
16 98
16 99
16 100
16 101
16 102
16 104
16 109
16 110
16 112
16 117
16 118
16 121
16 124
16 125
16 127
16 129
16 131
16 136
16 137
16 138
16 140
16 145
16 150
16 153
16 156
16 158
16 161
16 167
16 171
16 173
16 175
16 177
16 179
16 180
16 186
16 187
16 188
16 194
16 195
16 199
16 200
16 204
16 211
16 212
16 217
16 218
16 220
16 221
16 222
16 225
16 227
16 230
16 231
16 232
16 237
16 240
16 243
16 250
16 251
16 252
16 255
16 259
16 263
16 266
16 270
16 279
16 287
16 295
16 296
16 297
17 18
17 19
17 20
17 21
17 22
17 23
17 24
17 25
17 26
17 27
17 28
17 29
17 30
17 31
17 32
17 33
17 34
17 35
17 36
17 37
17 38
17 39
17 40
17 41
17 42
17 43
17 44
17 45
17 46
17 47
17 48
17 49
17 50
17 51
17 52
17 54
17 55
17 56
17 57
17 58
17 59
17 62
17 63
17 64
17 65
17 67
17 68
17 69
17 70
17 71
17 72
17 73
17 75
17 76
17 77
17 78
17 79
17 80
17 81
17 84
17 87
17 88
17 89
17 91
17 92
17 93
17 94
17 95
17 98
17 100
17 101
17 103
17 104
17 105
17 106
17 107
17 112
17 118
17 120
17 121
17 122
17 124
17 125
17 126
17 128
17 130
17 132
17 133
17 134
17 136
17 139
17 143
17 144
17 145
17 146
17 147
17 149
17 152
17 156
17 157
17 158
17 159
17 161
17 164
17 168
17 169
17 173
17 174
17 177
17 178
17 181
17 185
17 196
17 197
17 198
17 203
17 205
17 206
17 208
17 209
17 211
17 212
17 217
17 221
17 222
17 223
17 230
17 233
17 240
17 241
17 247
17 251
17 254
17 255
17 259
17 264
17 267
17 268
17 271
17 272
17 276
17 277
17 283
17 284
17 294
17 297
18 19
18 20
18 21
18 22
18 23
18 24
18 25
18 26
18 27
18 28
18 29
18 30
18 31
18 32
18 33
18 34
18 35
18 36
18 37
18 38
18 39
18 40
18 41
18 42
18 43
18 44
18 45
18 46
18 47
18 48
18 49
18 50
18 51
18 52
18 53
18 54
18 55
18 56
18 59
18 60
18 61
18 62
18 63
18 64
18 65
18 66
18 67
18 68
18 70
18 71
18 72
18 73
18 74
18 75
18 77
18 79
18 80
18 83
18 85
18 86
18 87
18 88
18 89
18 91
18 93
18 95
18 96
18 97
18 101
18 103
18 104
18 105
18 110
18 115
18 121
18 123
18 124
18 128
18 129
18 130
18 131
18 134
18 138
18 140
18 141
18 143
18 145
18 148
18 155
18 157
18 159
18 162
18 163
18 164
18 166
18 167
18 168
18 172
18 173
18 174
18 177
18 182
18 183
18 186
18 190
18 194
18 196
18 202
18 209
18 210
18 212
18 213
18 216
18 222
18 227
18 228
18 245
18 247
18 248
18 254
18 262
18 265
18 283
18 290
18 295
18 298
19 20
19 21
19 22
19 23
19 24
19 25
19 26
19 27
19 28
19 29
19 30
19 31
19 32
19 33
19 34
19 35
19 36
19 37
19 38
19 39
19 40
19 41
19 42
19 43
19 44
19 45
19 46
19 47
19 48
19 49
19 50
19 51
19 52
19 53
19 54
19 55
19 56
19 57
19 58
19 59
19 60
19 61
19 62
19 63
19 65
19 66
19 68
19 69
19 70
19 71
19 72
19 74
19 75
19 76
19 77
19 78
19 79
19 81
19 86
19 88
19 89
19 92
19 94
19 97
19 98
19 103
19 104
19 105
19 106
19 107
19 109
19 110
19 112
19 113
19 114
19 115
19 116
19 118
19 120
19 121
19 122
19 127
19 131
19 137
19 141
19 142
19 144
19 146
19 153
19 158
19 160
19 163
19 167
19 168
19 169
19 170
19 173
19 178
19 186
19 187
19 192
19 194
19 195
19 197
19 199
19 201
19 205
19 206
19 209
19 213
19 214
19 215
19 216
19 217
19 218
19 223
19 224
19 225
19 233
19 235
19 236
19 243
19 246
19 247
19 251
19 259
19 260
19 261
19 262
19 267
19 269
19 273
19 275
19 278
19 282
19 291
19 295
19 296
19 297
20 21
20 22
20 23
20 24
20 25
20 26
20 27
20 28
20 29
20 30
20 31
20 32
20 33
20 34
20 35
20 36
20 37
20 38
20 39
20 40
20 41
20 42
20 43
20 44
20 45
20 46
20 47
20 48
20 49
20 50
20 51
20 52
20 53
20 54
20 55
20 56
20 57
20 58
20 59
20 60
20 61
20 64
20 66
20 67
20 68
20 69
20 70
20 71
20 72
20 73
20 74
20 75
20 76
20 77
20 78
20 79
20 80
20 81
20 84
20 85
20 87
20 89
20 93
20 94
20 100
20 102
20 104
20 105
20 106
20 108
20 109
20 113
20 114
20 115
20 117
20 119
20 123
20 124
20 128
20 132
20 137
20 138
20 139
20 145
20 148
20 150
20 154
20 156
20 159
20 163
20 164
20 166
20 168
20 171
20 176
20 178
20 179
20 181
20 184
20 186
20 189
20 193
20 200
20 202
20 206
20 213
20 226
20 232
20 234
20 238
20 240
20 244
20 259
20 262
20 269
20 278
20 279
20 288
20 290
20 296
21 22
21 23
21 24
21 25
21 26
21 27
21 28
21 29
21 30
21 31
21 32
21 33
21 34
21 35
21 36
21 37
21 38
21 39
21 40
21 41
21 42
21 43
21 44
21 45
21 46
21 47
21 48
21 49
21 50
21 51
21 52
21 53
21 54
21 55
21 56
21 58
21 59
21 60
21 62
21 63
21 64
21 65
21 66
21 67
21 70
21 71
21 72
21 74
21 75
21 76
21 78
21 79
21 80
21 84
21 85
21 86
21 87
21 88
21 90
21 91
21 92
21 93
21 95
21 96
21 98
21 101
21 105
21 106
21 107
21 109
21 110
21 111
21 113
21 114
21 115
21 118
21 120
21 123
21 125
21 126
21 128
21 137
21 140
21 144
21 145
21 146
21 151
21 152
21 154
21 155
21 157
21 158
21 164
21 165
21 169
21 170
21 172
21 173
21 177
21 182
21 184
21 185
21 187
21 189
21 191
21 200
21 204
21 210
21 213
21 214
21 217
21 222
21 224
21 225
21 226
21 227
21 232
21 233
21 234
21 236
21 237
21 239
21 240
21 241
21 243
21 245
21 246
21 250
21 251
21 252
21 256
21 260
21 272
21 274
21 277
21 280
21 282
21 286
21 294
21 297
22 23
22 24
22 25
22 26
22 27
22 28
22 29
22 30
22 31
22 32
22 33
22 34
22 35
22 36
22 37
22 38
22 39
22 40
22 41
22 42
22 43
22 44
22 45
22 46
22 47
22 48
22 49
22 50
22 51
22 52
22 53
22 54
22 55
22 56
22 57
22 58
22 59
22 60
22 61
22 62
22 63
22 64
22 65
22 66
22 67
22 68
22 69
22 71
22 74
22 76
22 80
22 81
22 84
22 85
22 86
22 89
22 90
22 91
22 92
22 93
22 100
22 101
22 103
22 104
22 107
22 113
22 114
22 115
22 116
22 120
22 121
22 123
22 125
22 126
22 127
22 130
22 131
22 132
22 133
22 136
22 137
22 140
22 145
22 150
22 151
22 153
22 157
22 160
22 164
22 168
22 173
22 175
22 176
22 177
22 178
22 179
22 183
22 184
22 188
22 190
22 193
22 197
22 198
22 200
22 201
22 215
22 221
22 225
22 226
22 227
22 228
22 231
22 233
22 234
22 236
22 237
22 245
22 247
22 250
22 254
22 256
22 259
22 274
22 275
22 279
22 282
22 287
22 288
22 291
22 292
22 293
22 297
23 24
23 25
23 26
23 27
23 28
23 29
23 30
23 31
23 32
23 33
23 34
23 35
23 36
23 37
23 38
23 39
23 40
23 41
23 42
23 43
23 44
23 45
23 46
23 47
23 48
23 49
23 50
23 51
23 52
23 53
23 54
23 55
23 56
23 57
23 61
23 62
23 63
23 64
23 65
23 67
23 68
23 69
23 71
23 72
23 73
23 74
23 76
23 77
23 80
23 81
23 82
23 84
23 86
23 88
23 91
23 92
23 93
23 94
23 96
23 97
23 98
23 99
23 100
23 102
23 103
23 104
23 107
23 111
23 112
23 115
23 116
23 117
23 120
23 121
23 122
23 123
23 125
23 126
23 129
23 131
23 132
23 133
23 134
23 135
23 138
23 140
23 142
23 144
23 147
23 148
23 152
23 153
23 154
23 158
23 160
23 161
23 162
23 163
23 164
23 165
23 175
23 179
23 181
23 188
23 192
23 193
23 194
23 197
23 201
23 204
23 205
23 211
23 213
23 218
23 219
23 220
23 221
23 223
23 226
23 233
23 234
23 236
23 242
23 243
23 246
23 247
23 248
23 253
23 257
23 258
23 262
23 264
23 267
23 268
23 269
23 273
23 274
23 277
23 281
23 284
23 285
23 287
23 288
23 290
23 295
23 298
23 299
24 25
24 26
24 27
24 28
24 29
24 30
24 31
24 32
24 33
24 34
24 35
24 36
24 37
24 38
24 39
24 40
24 41
24 42
24 43
24 44
24 45
24 46
24 47
24 48
24 49
24 50
24 51
24 52
24 53
24 54
24 55
24 56
24 57
24 58
24 59
24 60
24 61
24 62
24 64
24 65
24 66
24 67
24 69
24 70
24 71
24 74
24 75
24 76
24 77
24 78
24 80
24 81
24 82
24 83
24 86
24 87
24 89
24 90
24 91
24 92
24 95
24 96
24 97
24 99
24 101
24 103
24 106
24 108
24 115
24 116
24 119
24 120
24 121
24 122
24 123
24 124
24 126
24 128
24 130
24 131
24 133
24 135
24 136
24 137
24 141
24 142
24 144
24 145
24 147
24 150
24 151
24 152
24 153
24 157
24 167
24 172
24 173
24 175
24 183
24 184
24 187
24 189
24 190
24 191
24 193
24 196
24 198
24 199
24 203
24 215
24 216
24 219
24 224
24 225
24 229
24 230
24 233
24 236
24 238
24 240
24 246
24 247
24 250
24 256
24 257
24 258
24 261
24 266
24 267
24 268
24 269
24 271
24 274
24 276
24 277
24 279
24 281
24 283
24 284
24 292
24 294
24 297
24 298
24 299
25 26
25 27
25 28
25 29
25 30
25 31
25 32
25 33
25 34
25 35
25 36
25 37
25 38
25 39
25 40
25 41
25 42
25 43
25 44
25 45
25 46
25 47
25 48
25 49
25 50
25 51
25 52
25 53
25 54
25 55
25 57
25 58
25 59
25 60
25 61
25 62
25 63
25 64
25 66
25 69
25 70
25 71
25 73
25 75
25 76
25 77
25 78
25 81
25 83
25 84
25 85
25 86
25 87
25 88
25 89
25 90
25 91
25 92
25 95
25 98
25 99
25 101
25 104
25 105
25 111
25 113
25 114
25 115
25 116
25 117
25 122
25 123
25 127
25 131
25 132
25 135
25 137
25 138
25 140
25 143
25 146
25 149
25 152
25 153
25 158
25 163
25 164
25 165
25 166
25 169
25 171
25 172
25 175
25 176
25 178
25 183
25 184
25 186
25 189
25 191
25 195
25 196
25 198
25 202
25 203
25 205
25 213
25 215
25 218
25 219
25 220
25 221
25 224
25 227
25 229
25 231
25 232
25 237
25 238
25 239
25 244
25 245
25 246
25 254
25 256
25 262
25 263
25 266
25 271
25 274
25 276
25 279
25 280
25 282
25 284
25 288
25 297
25 299
26 27
26 28
26 29
26 30
26 31
26 32
26 33
26 34
26 35
26 36
26 37
26 38
26 39
26 40
26 41
26 42
26 43
26 44
26 45
26 46
26 47
26 48
26 49
26 50
26 51
26 52
26 53
26 54
26 55
26 56
26 57
26 58
26 59
26 60
26 61
26 62
26 63
26 64
26 65
26 66
26 68
26 69
26 70
26 71
26 74
26 75
26 76
26 77
26 81
26 82
26 84
26 85
26 86
26 87
26 89
26 90
26 92
26 94
26 95
26 96
26 97
26 98
26 102
26 103
26 105
26 106
26 109
26 111
26 112
26 113
26 116
26 118
26 119
26 121
26 126
26 127
26 128
26 129
26 134
26 135
26 137
26 138
26 143
26 146
26 152
26 153
26 154
26 155
26 156
26 160
26 161
26 163
26 164
26 166
26 168
26 170
26 171
26 175
26 176
26 179
26 180
26 182
26 183
26 187
26 188
26 193
26 194
26 195
26 197
26 199
26 201
26 208
26 209
26 212
26 213
26 216
26 217
26 219
26 220
26 223
26 226
26 229
26 231
26 233
26 235
26 237
26 238
26 246
26 248
26 250
26 254
26 255
26 258
26 261
26 265
26 267
26 269
26 275
26 276
26 279
26 280
26 285
26 286
26 287
26 288
26 289
26 290
26 291
26 298
27 28
27 29
27 30
27 31
27 32
27 33
27 34
27 35
27 36
27 37
27 38
27 39
27 40
27 41
27 42
27 43
27 44
27 45
27 46
27 47
27 48
27 49
27 50
27 51
27 52
27 53
27 54
27 55
27 56
27 57
27 58
27 59
27 60
27 61
27 62
27 63
27 64
27 65
27 66
27 68
27 70
27 71
27 72
27 74
27 75
27 76
27 77
27 79
27 80
27 82
27 84
27 86
27 87
27 88
27 91
27 92
27 93
27 97
27 99
27 102
27 103
27 108
27 111
27 112
27 114
27 115
27 118
27 119
27 120
27 122
27 124
27 126
27 127
27 128
27 133
27 136
27 138
27 145
27 148
27 150
27 152
27 155
27 158
27 159
27 161
27 162
27 166
27 174
27 175
27 176
27 177
27 181
27 182
27 183
27 190
27 191
27 196
27 200
27 202
27 203
27 205
27 209
27 213
27 218
27 220
27 222
27 223
27 226
27 237
27 246
27 247
27 248
27 251
27 256
27 259
27 263
27 264
27 265
27 272
27 273
27 274
27 285
27 288
27 290
27 292
27 298
27 299
28 29
28 30
28 31
28 32
28 33
28 34
28 35
28 36
28 37
28 38
28 39
28 40
28 41
28 42
28 43
28 44
28 45
28 46
28 47
28 48
28 49
28 50
28 51
28 52
28 53
28 55
28 56
28 57
28 59
28 60
28 61
28 62
28 63
28 66
28 67
28 71
28 72
28 75
28 76
28 77
28 78
28 79
28 83
28 85
28 86
28 88
28 89
28 91
28 93
28 94
28 95
28 100
28 101
28 103
28 104
28 106
28 108
28 109
28 113
28 114
28 116
28 118
28 124
28 125
28 126
28 127
28 128
28 129
28 132
28 134
28 138
28 140
28 145
28 148
28 149
28 150
28 151
28 152
28 153
28 156
28 158
28 162
28 166
28 169
28 172
28 175
28 178
28 184
28 186
28 188
28 189
28 199
28 202
28 205
28 210
28 213
28 219
28 220
28 225
28 231
28 235
28 243
28 251
28 252
28 256
28 258
28 261
28 264
28 267
28 268
28 269
28 273
28 277
28 279
28 280
28 285
28 287
28 293
28 297
29 30
29 31
29 32
29 33
29 34
29 35
29 36
29 37
29 38
29 39
29 40
29 41
29 42
29 43
29 44
29 45
29 46
29 47
29 48
29 49
29 50
29 51
29 52
29 53
29 54
29 55
29 56
29 57
29 58
29 59
29 62
29 64
29 65
29 66
29 67
29 69
29 72
29 75
29 76
29 81
29 82
29 84
29 85
29 86
29 87
29 91
29 92
29 93
29 95
29 97
29 98
29 99
29 100
29 103
29 106
29 107
29 108
29 109
29 110
29 112
29 113
29 114
29 115
29 116
29 117
29 121
29 124
29 127
29 129
29 130
29 134
29 135
29 136
29 137
29 138
29 139
29 141
29 145
29 147
29 148
29 149
29 151
29 152
29 153
29 155
29 156
29 157
29 158
29 160
29 161
29 163
29 165
29 167
29 171
29 173
29 174
29 180
29 183
29 184
29 185
29 187
29 188
29 193
29 199
29 204
29 209
29 211
29 212
29 214
29 217
29 224
29 228
29 229
29 230
29 234
29 236
29 237
29 238
29 246
29 248
29 250
29 251
29 252
29 253
29 256
29 257
29 259
29 260
29 264
29 272
29 273
29 275
29 280
29 285
29 291
29 295
29 296
29 298
30 31
30 32
30 33
30 34
30 35
30 36
30 37
30 38
30 39
30 40
30 41
30 42
30 43
30 44
30 45
30 46
30 47
30 48
30 49
30 50
30 51
30 52
30 53
30 54
30 55
30 56
30 58
30 59
30 60
30 62
30 63
30 64
30 65
30 66
30 67
30 70
30 71
30 72
30 73
30 75
30 76
30 77
30 82
30 84
30 85
30 86
30 87
30 88
30 89
30 92
30 94
30 97
30 98
30 99
30 100
30 101
30 103
30 105
30 106
30 112
30 113
30 114
30 117
30 118
30 124
30 125
30 126
30 131
30 132
30 134
30 135
30 137
30 140
30 141
30 146
30 147
30 149
30 152
30 153
30 156
30 157
30 161
30 164
30 165
30 172
30 173
30 177
30 181
30 189
30 193
30 196
30 197
30 198
30 199
30 200
30 201
30 202
30 206
30 209
30 216
30 217
30 219
30 221
30 223
30 224
30 225
30 227
30 228
30 232
30 235
30 236
30 237
30 239
30 241
30 242
30 247
30 252
30 253
30 255
30 258
30 259
30 262
30 267
30 269
30 270
30 272
30 273
30 274
30 289
30 290
30 293
30 295
30 297
30 299
31 32
31 33
31 34
31 35
31 36
31 37
31 38
31 39
31 40
31 41
31 42
31 43
31 44
31 45
31 46
31 47
31 48
31 49
31 50
31 51
31 52
31 53
31 54
31 55
31 56
31 57
31 58
31 59
31 60
31 61
31 62
31 63
31 65
31 66
31 67
31 68
31 69
31 70
31 71
31 72
31 74
31 75
31 76
31 77
31 78
31 80
31 81
31 82
31 83
31 84
31 85
31 89
31 91
31 92
31 94
31 96
31 97
31 100
31 101
31 102
31 103
31 104
31 105
31 106
31 107
31 108
31 109
31 111
31 115
31 119
31 123
31 124
31 125
31 127
31 130
31 131
31 133
31 135
31 138
31 141
31 144
31 145
31 147
31 148
31 152
31 153
31 155
31 156
31 159
31 162
31 168
31 170
31 171
31 172
31 176
31 178
31 180
31 181
31 184
31 190
31 192
31 193
31 194
31 197
31 199
31 202
31 204
31 205
31 209
31 210
31 211
31 212
31 216
31 217
31 220
31 228
31 229
31 230
31 235
31 238
31 239
31 247
31 253
31 255
31 256
31 257
31 261
31 264
31 268
31 275
31 277
31 281
31 283
31 289
31 290
31 293
31 295
32 33
32 34
32 35
32 36
32 37
32 38
32 39
32 40
32 41
32 42
32 43
32 44
32 45
32 46
32 47
32 48
32 49
32 50
32 51
32 52
32 53
32 54
32 57
32 58
32 59
32 60
32 61
32 62
32 63
32 65
32 66
32 67
32 69
32 72
32 73
32 74
32 75
32 77
32 78
32 79
32 80
32 81
32 82
32 83
32 84
32 85
32 87
32 88
32 89
32 90
32 91
32 93
32 94
32 96
32 100
32 101
32 103
32 105
32 106
32 109
32 112
32 115
32 117
32 120
32 121
32 122
32 124
32 125
32 127
32 131
32 132
32 134
32 138
32 139
32 142
32 144
32 145
32 148
32 153
32 158
32 160
32 162
32 164
32 166
32 175
32 180
32 185
32 194
32 195
32 202
32 206
32 207
32 212
32 213
32 218
32 219
32 226
32 246
32 248
32 252
32 253
32 254
32 257
32 263
32 266
32 267
32 269
32 272
32 278
32 280
32 281
32 283
32 285
32 288
32 293
32 295
32 299
33 34
33 35
33 36
33 37
33 38
33 39
33 40
33 41
33 42
33 43
33 44
33 45
33 46
33 47
33 48
33 49
33 50
33 51
33 53
33 54
33 55
33 56
33 57
33 58
33 59
33 60
33 61
33 62
33 63
33 64
33 67
33 68
33 69
33 70
33 72
33 73
33 74
33 76
33 79
33 80
33 82
33 83
33 84
33 85
33 88
33 89
33 90
33 91
33 92
33 93
33 95
33 96
33 98
33 100
33 101
33 102
33 104
33 105
33 109
33 110
33 111
33 112
33 113
33 114
33 119
33 120
33 121
33 122
33 123
33 124
33 125
33 126
33 128
33 129
33 131
33 132
33 134
33 136
33 138
33 139
33 141
33 145
33 146
33 149
33 150
33 151
33 153
33 158
33 161
33 162
33 165
33 166
33 168
33 172
33 173
33 178
33 182
33 186
33 187
33 194
33 195
33 196
33 201
33 209
33 210
33 216
33 217
33 221
33 222
33 224
33 225
33 228
33 233
33 238
33 241
33 243
33 250
33 253
33 254
33 256
33 257
33 258
33 262
33 263
33 265
33 266
33 270
33 272
33 275
33 277
33 286
33 288
33 290
33 291
34 35
34 36
34 37
34 38
34 39
34 40
34 41
34 42
34 43
34 44
34 45
34 46
34 47
34 48
34 49
34 50
34 51
34 52
34 53
34 54
34 55
34 56
34 57
34 58
34 60
34 62
34 64
34 67
34 68
34 69
34 70
34 71
34 72
34 73
34 74
34 75
34 77
34 78
34 79
34 80
34 83
34 84
34 86
34 87
34 88
34 89
34 90
34 94
34 95
34 96
34 97
34 99
34 101
34 102
34 103
34 105
34 107
34 108
34 110
34 116
34 120
34 123
34 124
34 131
34 133
34 135
34 136
34 137
34 138
34 139
34 141
34 142
34 143
34 144
34 147
34 150
34 151
34 152
34 153
34 154
34 156
34 159
34 161
34 162
34 170
34 171
34 177
34 179
34 181
34 183
34 185
34 189
34 190
34 191
34 193
34 196
34 198
34 202
34 221
34 222
34 223
34 224
34 226
34 228
34 229
34 230
34 231
34 232
34 237
34 243
34 246
34 249
34 254
34 260
34 263
34 265
34 266
34 268
34 271
34 276
34 277
34 278
34 283
34 285
34 292
34 293
34 294
34 295
34 296
35 36
35 37
35 38
35 39
35 40
35 41
35 42
35 43
35 44
35 45
35 46
35 47
35 48
35 49
35 50
35 51
35 52
35 53
35 54
35 55
35 56
35 57
35 58
35 59
35 60
35 61
35 62
35 63
35 64
35 65
35 66
35 67
35 68
35 69
35 71
35 72
35 74
35 76
35 78
35 79
35 80
35 81
35 82
35 83
35 84
35 86
35 87
35 88
35 89
35 90
35 91
35 92
35 93
35 94
35 95
35 96
35 97
35 98
35 99
35 103
35 105
35 107
35 108
35 109
35 112
35 114
35 115
35 116
35 120
35 121
35 122
35 125
35 127
35 130
35 132
35 134
35 136
35 141
35 142
35 144
35 145
35 146
35 147
35 149
35 150
35 151
35 153
35 154
35 156
35 157
35 162
35 172
35 173
35 179
35 180
35 181
35 182
35 184
35 188
35 191
35 195
35 198
35 204
35 205
35 211
35 212
35 224
35 227
35 228
35 229
35 232
35 234
35 238
35 240
35 242
35 247
35 248
35 252
35 257
35 263
35 267
35 270
35 272
35 273
35 274
35 283
35 286
35 287
35 296
35 297
36 37
36 38
36 39
36 40
36 41
36 42
36 43
36 44
36 45
36 46
36 47
36 48
36 49
36 50
36 51
36 52
36 53
36 54
36 55
36 56
36 57
36 58
36 59
36 61
36 62
36 63
36 64
36 65
36 66
36 67
36 68
36 69
36 72
36 73
36 74
36 75
36 76
36 77
36 78
36 79
36 80
36 81
36 82
36 85
36 86
36 87
36 89
36 92
36 93
36 95
36 96
36 97
36 99
36 101
36 105
36 106
36 107
36 111
36 112
36 117
36 118
36 120
36 128
36 129
36 136
36 138
36 142
36 143
36 145
36 147
36 149
36 150
36 154
36 155
36 158
36 159
36 161
36 162
36 163
36 165
36 168
36 175
36 177
36 179
36 180
36 181
36 187
36 191
36 192
36 193
36 201
36 202
36 206
36 209
36 211
36 214
36 216
36 224
36 225
36 226
36 227
36 231
36 235
36 246
36 250
36 252
36 257
36 258
36 260
36 264
36 281
36 294
37 38
37 39
37 40
37 41
37 42
37 43
37 44
37 45
37 46
37 47
37 48
37 49
37 50
37 51
37 52
37 53
37 55
37 56
37 57
37 58
37 59
37 60
37 61
37 62
37 63
37 64
37 66
37 68
37 69
37 70
37 72
37 73
37 74
37 75
37 76
37 78
37 79
37 80
37 81
37 82
37 85
37 86
37 87
37 89
37 90
37 92
37 93
37 94
37 98
37 99
37 100
37 101
37 102
37 104
37 107
37 113
37 114
37 115
37 116
37 117
37 123
37 124
37 125
37 126
37 127
37 130
37 131
37 134
37 135
37 136
37 139
37 140
37 143
37 144
37 150
37 152
37 154
37 157
37 159
37 162
37 163
37 164
37 167
37 168
37 169
37 170
37 171
37 173
37 176
37 177
37 179
37 192
37 194
37 197
37 199
37 202
37 204
37 207
37 208
37 221
37 224
37 225
37 226
37 227
37 228
37 237
37 238
37 239
37 240
37 245
37 246
37 249
37 251
37 255
37 259
37 264
37 267
37 268
37 269
37 273
37 274
37 276
37 278
37 287
37 288
37 290
37 293
37 297
37 298
37 299
38 39
38 40
38 41
38 42
38 43
38 44
38 45
38 46
38 47
38 48
38 49
38 50
38 51
38 52
38 53
38 54
38 55
38 56
38 57
38 58
38 59
38 60
38 62
38 63
38 64
38 65
38 66
38 67
38 68
38 69
38 70
38 72
38 73
38 75
38 77
38 78
38 79
38 81
38 83
38 84
38 85
38 86
38 89
38 90
38 91
38 95
38 98
38 99
38 102
38 105
38 106
38 107
38 109
38 110
38 111
38 112
38 115
38 117
38 118
38 120
38 121
38 123
38 124
38 126
38 127
38 128
38 129
38 130
38 131
38 132
38 137
38 138
38 139
38 140
38 141
38 142
38 147
38 149
38 152
38 154
38 156
38 161
38 164
38 166
38 169
38 170
38 171
38 172
38 175
38 182
38 183
38 186
38 187
38 188
38 189
38 192
38 196
38 197
38 198
38 203
38 207
38 210
38 213
38 218
38 219
38 224
38 226
38 228
38 235
38 238
38 240
38 242
38 250
38 260
38 261
38 262
38 270
38 272
38 276
38 277
38 284
38 285
38 286
38 288
38 289
38 291
38 295
38 297
38 299
39 40
39 41
39 42
39 43
39 44
39 45
39 46
39 47
39 48
39 49
39 50
39 51
39 52
39 53
39 54
39 55
39 56
39 57
39 58
39 59
39 60
39 61
39 62
39 63
39 64
39 68
39 69
39 70
39 71
39 72
39 73
39 74
39 76
39 78
39 79
39 80
39 82
39 83
39 85
39 86
39 87
39 88
39 89
39 90
39 91
39 92
39 93
39 95
39 96
39 97
39 98
39 100
39 101
39 102
39 104
39 105
39 106
39 107
39 110
39 111
39 113
39 114
39 119
39 120
39 121
39 123
39 124
39 126
39 128
39 129
39 130
39 131
39 132
39 136
39 138
39 140
39 141
39 142
39 144
39 148
39 149
39 154
39 155
39 156
39 160
39 164
39 166
39 167
39 170
39 171
39 175
39 176
39 177
39 178
39 181
39 182
39 190
39 195
39 198
39 202
39 208
39 212
39 217
39 218
39 220
39 222
39 228
39 229
39 231
39 236
39 237
39 241
39 243
39 244
39 245
39 246
39 247
39 253
39 256
39 257
39 259
39 264
39 266
39 268
39 269
39 275
39 283
39 287
39 288
40 41
40 42
40 43
40 44
40 45
40 46
40 47
40 48
40 49
40 50
40 51
40 52
40 53
40 54
40 55
40 56
40 57
40 58
40 59
40 61
40 63
40 65
40 66
40 67
40 68
40 69
40 70
40 71
40 73
40 74
40 76
40 79
40 80
40 85
40 86
40 88
40 93
40 95
40 96
40 97
40 98
40 107
40 108
40 109
40 111
40 112
40 116
40 118
40 124
40 130
40 131
40 132
40 133
40 137
40 139
40 143
40 145
40 147
40 150
40 151
40 157
40 159
40 165
40 168
40 171
40 175
40 179
40 181
40 195
40 198
40 201
40 202
40 203
40 217
40 220
40 221
40 222
40 237
40 241
40 242
40 244
40 247
40 249
40 250
40 251
40 252
40 256
40 264
40 273
40 274
40 281
40 282
40 286
40 288
40 290
40 295
40 296
40 299
41 42
41 43
41 44
41 45
41 46
41 47
41 48
41 49
41 50
41 51
41 52
41 53
41 54
41 55
41 56
41 57
41 58
41 59
41 60
41 61
41 62
41 63
41 65
41 67
41 71
41 72
41 73
41 74
41 76
41 77
41 80
41 82
41 84
41 85
41 86
41 88
41 90
41 91
41 92
41 93
41 95
41 97
41 98
41 99
41 102
41 103
41 106
41 107
41 108
41 109
41 112
41 113
41 114
41 115
41 117
41 120
41 121
41 122
41 125
41 131
41 133
41 134
41 135
41 136
41 140
41 141
41 155
41 159
41 164
41 166
41 167
41 177
41 179
41 181
41 183
41 185
41 186
41 187
41 188
41 189
41 190
41 193
41 195
41 196
41 201
41 208
41 209
41 211
41 213
41 217
41 220
41 228
41 235
41 239
41 240
41 241
41 245
41 246
41 254
41 255
41 259
41 270
41 277
41 284
41 289
41 293
41 294
42 43
42 44
42 45
42 46
42 47
42 48
42 49
42 50
42 51
42 52
42 53
42 54
42 55
42 56
42 57
42 58
42 60
42 61
42 63
42 64
42 65
42 66
42 67
42 68
42 70
42 72
42 73
42 74
42 75
42 78
42 79
42 80
42 81
42 82
42 83
42 86
42 87
42 88
42 89
42 90
42 93
42 94
42 95
42 98
42 99
42 102
42 104
42 105
42 109
42 110
42 112
42 114
42 116
42 117
42 118
42 119
42 121
42 123
42 128
42 130
42 131
42 134
42 137
42 143
42 144
42 147
42 153
42 154
42 159
42 160
42 161
42 162
42 166
42 168
42 173
42 175
42 177
42 179
42 190
42 192
42 198
42 199
42 203
42 204
42 210
42 211
42 214
42 216
42 222
42 224
42 226
42 227
42 228
42 234
42 241
42 243
42 244
42 248
42 249
42 250
42 251
42 257
42 264
42 268
42 269
42 270
42 274
42 276
42 277
42 279
42 281
42 288
42 290
42 291
42 293
42 294
42 296
42 297
43 44
43 45
43 46
43 47
43 48
43 49
43 50
43 51
43 52
43 53
43 54
43 55
43 56
43 58
43 59
43 60
43 61
43 64
43 65
43 66
43 67
43 68
43 69
43 70
43 72
43 74
43 75
43 77
43 78
43 79
43 81
43 83
43 91
43 92
43 100
43 102
43 106
43 108
43 109
43 112
43 113
43 114
43 115
43 117
43 119
43 124
43 126
43 127
43 130
43 131
43 133
43 135
43 137
43 140
43 145
43 146
43 149
43 154
43 161
43 165
43 166
43 168
43 169
43 171
43 173
43 175
43 182
43 183
43 184
43 185
43 188
43 190
43 191
43 192
43 195
43 198
43 199
43 200
43 203
43 207
43 209
43 214
43 215
43 216
43 223
43 224
43 225
43 230
43 233
43 235
43 236
43 237
43 241
43 243
43 245
43 247
43 250
43 253
43 254
43 256
43 259
43 260
43 264
43 265
43 266
43 271
43 272
43 275
43 284
43 287
43 293
43 294
44 45
44 46
44 47
44 48
44 49
44 50
44 51
44 52
44 53
44 54
44 55
44 56
44 57
44 60
44 61
44 63
44 64
44 65
44 66
44 68
44 69
44 71
44 75
44 76
44 77
44 78
44 79
44 81
44 82
44 83
44 84
44 85
44 87
44 88
44 90
44 91
44 92
44 94
44 95
44 96
44 98
44 101
44 103
44 104
44 105
44 106
44 107
44 108
44 110
44 113
44 114
44 116
44 117
44 118
44 126
44 127
44 131
44 134
44 143
44 145
44 146
44 149
44 151
44 154
44 155
44 156
44 157
44 161
44 162
44 165
44 166
44 169
44 172
44 173
44 176
44 179
44 183
44 184
44 187
44 190
44 195
44 198
44 200
44 203
44 206
44 208
44 211
44 212
44 218
44 226
44 228
44 230
44 233
44 234
44 235
44 236
44 237
44 242
44 244
44 245
44 246
44 248
44 251
44 253
44 255
44 263
44 268
44 269
44 271
44 273
44 274
44 275
44 283
44 292
44 296
45 46
45 47
45 48
45 49
45 50
45 51
45 52
45 53
45 54
45 55
45 56
45 57
45 58
45 59
45 60
45 61
45 62
45 63
45 64
45 65
45 67
45 69
45 72
45 73
45 75
45 76
45 77
45 78
45 79
45 81
45 83
45 86
45 87
45 90
45 92
45 93
45 96
45 97
45 98
45 99
45 103
45 105
45 106
45 109
45 110
45 113
45 114
45 118
45 119
45 122
45 123
45 127
45 128
45 136
45 137
45 139
45 142
45 143
45 144
45 145
45 147
45 149
45 150
45 152
45 153
45 154
45 155
45 156
45 158
45 165
45 166
45 167
45 169
45 172
45 173
45 175
45 176
45 180
45 182
45 197
45 199
45 200
45 201
45 203
45 208
45 210
45 216
45 217
45 218
45 223
45 232
45 236
45 237
45 243
45 247
45 249
45 252
45 254
45 258
45 261
45 268
45 270
45 275
45 284
45 289
45 291
45 292
45 293
45 299
46 47
46 48
46 49
46 50
46 51
46 52
46 53
46 54
46 55
46 56
46 58
46 60
46 61
46 62
46 64
46 65
46 66
46 67
46 68
46 69
46 70
46 71
46 72
46 73
46 74
46 75
46 76
46 81
46 83
46 84
46 85
46 86
46 89
46 90
46 91
46 92
46 94
46 96
46 100
46 103
46 104
46 106
46 108
46 109
46 110
46 112
46 113
46 117
46 121
46 125
46 130
46 131
46 132
46 135
46 136
46 137
46 139
46 142
46 146
46 147
46 157
46 158
46 161
46 170
46 174
46 178
46 183
46 186
46 190
46 191
46 192
46 193
46 194
46 195
46 204
46 208
46 212
46 213
46 214
46 216
46 222
46 224
46 225
46 230
46 236
46 237
46 239
46 242
46 243
46 244
46 260
46 265
46 266
46 284
46 290
46 298
47 48
47 49
47 50
47 51
47 52
47 53
47 54
47 55
47 56
47 57
47 59
47 60
47 61
47 62
47 63
47 64
47 65
47 66
47 67
47 68
47 69
47 70
47 72
47 75
47 76
47 77
47 78
47 79
47 83
47 88
47 90
47 91
47 92
47 93
47 94
47 97
47 99
47 101
47 102
47 104
47 105
47 107
47 108
47 111
47 112
47 113
47 115
47 116
47 117
47 119
47 120
47 121
47 122
47 125
47 126
47 128
47 129
47 132
47 135
47 137
47 139
47 141
47 142
47 146
47 150
47 153
47 154
47 155
47 164
47 172
47 174
47 175
47 176
47 177
47 178
47 179
47 180
47 181
47 183
47 184
47 188
47 190
47 192
47 194
47 195
47 197
47 198
47 203
47 209
47 217
47 219
47 221
47 226
47 229
47 236
47 240
47 242
47 246
47 247
47 259
47 260
47 264
47 265
47 267
47 270
47 280
47 281
47 284
47 285
47 291
47 299
48 49
48 50
48 51
48 52
48 53
48 54
48 55
48 56
48 57
48 58
48 59
48 60
48 62
48 63
48 64
48 65
48 66
48 67
48 69
48 70
48 71
48 77
48 80
48 81
48 82
48 83
48 84
48 85
48 86
48 87
48 89
48 90
48 92
48 93
48 94
48 95
48 96
48 97
48 98
48 99
48 100
48 101
48 102
48 103
48 106
48 107
48 109
48 110
48 112
48 113
48 114
48 115
48 116
48 117
48 118
48 119
48 120
48 122
48 123
48 125
48 127
48 129
48 130
48 131
48 132
48 133
48 135
48 137
48 138
48 139
48 142
48 143
48 144
48 145
48 154
48 157
48 160
48 168
48 169
48 170
48 171
48 172
48 176
48 177
48 179
48 180
48 181
48 183
48 184
48 185
48 187
48 191
48 197
48 205
48 207
48 211
48 215
48 219
48 221
48 225
48 231
48 234
48 239
48 240
48 241
48 247
48 248
48 249
48 250
48 251
48 253
48 257
48 258
48 260
48 263
48 265
48 272
48 279
48 281
48 282
48 283
48 284
48 290
48 293
48 295
48 297
49 50
49 51
49 52
49 53
49 54
49 55
49 56
49 57
49 59
49 60
49 61
49 62
49 63
49 64
49 65
49 66
49 67
49 68
49 69
49 71
49 73
49 74
49 77
49 78
49 79
49 80
49 86
49 92
49 95
49 97
49 98
49 99
49 100
49 101
49 102
49 106
49 108
49 111
49 112
49 113
49 114
49 117
49 118
49 119
49 120
49 121
49 122
49 124
49 125
49 126
49 128
49 129
49 134
49 136
49 137
49 142
49 143
49 144
49 146
49 148
49 149
49 152
49 155
49 156
49 158
49 162
49 164
49 165
49 166
49 169
49 173
49 174
49 175
49 178
49 180
49 181
49 182
49 183
49 186
49 190
49 193
49 195
49 197
49 205
49 207
49 210
49 212
49 213
49 221
49 223
49 225
49 230
49 233
49 235
49 238
49 241
49 243
49 247
49 251
49 253
49 254
49 257
49 259
49 262
49 263
49 264
49 265
49 274
49 275
49 279
49 281
49 283
49 288
49 289
49 291
49 293
49 295
49 298
49 299
50 51
50 52
50 53
50 54
50 55
50 56
50 57
50 58
50 59
50 60
50 62
50 63
50 66
50 67
50 68
50 69
50 71
50 72
50 74
50 75
50 76
50 77
50 78
50 80
50 81
50 82
50 83
50 84
50 85
50 88
50 90
50 95
50 96
50 97
50 98
50 99
50 100
50 101
50 102
50 104
50 106
50 109
50 110
50 111
50 112
50 114
50 115
50 116
50 117
50 121
50 124
50 125
50 126
50 130
50 135
50 137
50 142
50 143
50 145
50 147
50 149
50 150
50 151
50 153
50 157
50 162
50 164
50 165
50 169
50 170
50 173
50 177
50 181
50 184
50 185
50 187
50 190
50 191
50 195
50 197
50 207
50 209
50 210
50 213
50 221
50 222
50 223
50 225
50 226
50 229
50 233
50 234
50 236
50 239
50 241
50 246
50 248
50 251
50 252
50 258
50 261
50 263
50 265
50 268
50 270
50 271
50 272
50 273
50 278
50 279
50 281
50 284
50 286
50 287
50 288
50 290
50 291
50 292
50 294
50 295
51 52
51 53
51 54
51 55
51 56
51 57
51 58
51 59
51 60
51 61
51 62
51 63
51 64
51 65
51 66
51 67
51 68
51 69
51 70
51 71
51 75
51 76
51 79
51 80
51 81
51 82
51 85
51 91
51 92
51 94
51 95
51 96
51 98
51 99
51 101
51 102
51 110
51 114
51 116
51 118
51 119
51 120
51 123
51 125
51 128
51 129
51 130
51 134
51 135
51 136
51 138
51 140
51 148
51 153
51 154
51 155
51 157
51 159
51 160
51 162
51 167
51 168
51 169
51 170
51 171
51 173
51 176
51 177
51 179
51 180
51 182
51 185
51 186
51 188
51 189
51 191
51 192
51 193
51 195
51 196
51 197
51 201
51 203
51 207
51 208
51 210
51 217
51 218
51 220
51 226
51 227
51 230
51 231
51 236
51 237
51 238
51 251
51 259
51 264
51 266
51 270
51 272
51 274
51 275
51 284
51 285
51 286
51 289
51 295
52 53
52 54
52 55
52 56
52 57
52 58
52 59
52 61
52 62
52 63
52 64
52 65
52 67
52 68
52 69
52 70
52 71
52 73
52 75
52 77
52 78
52 79
52 80
52 81
52 84
52 85
52 86
52 88
52 90
52 92
52 94
52 96
52 98
52 100
52 101
52 102
52 103
52 104
52 105
52 111
52 112
52 113
52 115
52 118
52 120
52 121
52 123
52 125
52 126
52 127
52 128
52 129
52 131
52 133
52 134
52 135
52 136
52 137
52 139
52 142
52 144
52 148
52 149
52 150
52 151
52 153
52 161
52 162
52 164
52 165
52 168
52 170
52 178
52 182
52 183
52 186
52 190
52 195
52 196
52 198
52 202
52 203
52 210
52 211
52 212
52 213
52 214
52 217
52 218
52 220
52 221
52 223
52 224
52 225
52 228
52 230
52 231
52 234
52 238
52 242
52 243
52 244
52 246
52 247
52 254
52 255
52 256
52 263
52 265
52 266
52 273
52 274
52 277
52 280
52 282
52 283
52 284
52 288
52 289
52 290
52 291
52 292
52 295
52 299
53 55
53 56
53 57
53 58
53 59
53 60
53 61
53 63
53 64
53 65
53 66
53 67
53 68
53 69
53 70
53 71
53 72
53 73
53 74
53 75
53 78
53 79
53 80
53 82
53 83
53 84
53 85
53 86
53 87
53 90
53 92
53 94
53 95
53 97
53 98
53 100
53 101
53 102
53 103
53 105
53 106
53 108
53 109
53 110
53 111
53 112
53 113
53 114
53 115
53 116
53 118
53 119
53 123
53 126
53 128
53 130
53 131
53 132
53 135
53 138
53 141
53 142
53 143
53 144
53 145
53 146
53 147
53 148
53 149
53 158
53 163
53 164
53 166
53 171
53 172
53 174
53 178
53 181
53 183
53 186
53 187
53 189
53 191
53 194
53 199
53 202
53 208
53 212
53 221
53 222
53 223
53 230
53 231
53 233
53 234
53 241
53 242
53 243
53 244
53 245
53 247
53 248
53 249
53 257
53 260
53 263
53 265
53 269
53 270
53 271
53 279
53 285
53 291
53 293
53 294
53 297
54 55
54 57
54 58
54 59
54 60
54 63
54 64
54 65
54 67
54 68
54 69
54 70
54 72
54 75
54 76
54 79
54 80
54 81
54 82
54 88
54 89
54 91
54 95
54 96
54 97
54 100
54 101
54 105
54 106
54 108
54 109
54 110
54 112
54 113
54 115
54 118
54 123
54 126
54 128
54 133
54 134
54 136
54 137
54 138
54 144
54 147
54 148
54 149
54 150
54 151
54 155
54 158
54 161
54 163
54 169
54 176
54 177
54 178
54 179
54 182
54 184
54 188
54 197
54 208
54 210
54 215
54 216
54 217
54 218
54 228
54 230
54 236
54 238
54 240
54 242
54 245
54 248
54 249
54 256
54 263
54 264
54 268
54 277
54 279
54 282
54 283
54 284
54 287
54 289
54 292
55 56
55 57
55 58
55 59
55 60
55 61
55 62
55 63
55 64
55 65
55 66
55 68
55 70
55 71
55 72
55 73
55 74
55 75
55 80
55 83
55 84
55 87
55 88
55 91
55 92
55 93
55 94
55 95
55 96
55 98
55 100
55 101
55 104
55 105
55 106
55 107
55 109
55 110
55 111
55 118
55 119
55 120
55 125
55 126
55 130
55 131
55 132
55 133
55 135
55 136
55 137
55 140
55 143
55 147
55 149
55 151
55 152
55 156
55 158
55 161
55 168
55 174
55 175
55 178
55 179
55 180
55 184
55 185
55 187
55 193
55 197
55 198
55 200
55 204
55 208
55 212
55 214
55 215
55 217
55 220
55 221
55 224
55 226
55 236
55 239
55 241
55 245
55 251
55 258
55 261
55 265
55 268
55 279
56 57
56 58
56 61
56 62
56 63
56 65
56 66
56 69
56 70
56 72
56 73
56 76
56 77
56 78
56 79
56 85
56 88
56 89
56 90
56 91
56 92
56 94
56 95
56 100
56 101
56 103
56 104
56 107
56 110
56 113
56 114
56 116
56 123
56 128
56 129
56 130
56 136
56 137
56 139
56 146
56 148
56 151
56 152
56 153
56 154
56 155
56 163
56 166
56 170
56 175
56 178
56 182
56 185
56 186
56 189
56 195
56 198
56 201
56 202
56 204
56 208
56 213
56 226
56 229
56 230
56 235
56 251
56 252
56 255
56 256
56 257
56 260
56 262
56 270
56 273
56 277
56 292
56 297
57 58
57 61
57 62
57 63
57 64
57 66
57 67
57 68
57 69
57 71
57 73
57 77
57 79
57 83
57 84
57 85
57 87
57 89
57 90
57 94
57 95
57 100
57 101
57 102
57 105
57 106
57 111
57 114
57 118
57 119
57 121
57 122
57 126
57 130
57 131
57 133
57 140
57 143
57 149
57 150
57 154
57 162
57 170
57 171
57 174
57 180
57 188
57 190
57 192
57 193
57 200
57 203
57 204
57 212
57 215
57 216
57 218
57 219
57 224
57 232
57 237
57 239
57 249
57 252
57 254
57 257
57 267
57 269
57 271
57 278
57 283
57 288
57 292
57 297
58 59
58 60
58 63
58 64
58 65
58 67
58 68
58 69
58 70
58 71
58 72
58 73
58 74
58 75
58 76
58 78
58 79
58 80
58 81
58 82
58 83
58 87
58 88
58 89
58 90
58 92
58 94
58 96
58 98
58 99
58 100
58 101
58 109
58 110
58 111
58 114
58 115
58 117
58 118
58 119
58 121
58 126
58 130
58 132
58 133
58 135
58 137
58 138
58 139
58 143
58 145
58 147
58 148
58 149
58 150
58 151
58 153
58 155
58 158
58 159
58 161
58 163
58 165
58 166
58 167
58 171
58 172
58 173
58 174
58 178
58 180
58 182
58 192
58 194
58 196
58 201
58 202
58 204
58 205
58 211
58 213
58 215
58 221
58 222
58 226
58 230
58 235
58 237
58 242
58 244
58 247
58 250
58 253
58 256
58 257
58 259
58 262
58 265
58 269
58 270
58 274
58 278
58 282
58 286
58 295
58 298
59 60
59 61
59 63
59 65
59 66
59 67
59 68
59 69
59 71
59 73
59 74
59 77
59 80
59 82
59 86
59 87
59 89
59 90
59 94
59 95
59 101
59 102
59 103
59 104
59 106
59 107
59 108
59 110
59 111
59 112
59 114
59 118
59 119
59 120
59 123
59 124
59 129
59 133
59 142
59 143
59 144
59 146
59 148
59 150
59 152
59 154
59 155
59 156
59 159
59 160
59 161
59 166
59 180
59 181
59 182
59 183
59 190
59 194
59 196
59 201
59 202
59 203
59 206
59 208
59 209
59 211
59 213
59 215
59 231
59 242
59 248
59 252
59 254
59 261
59 262
59 266
59 268
59 270
59 271
59 278
59 289
60 61
60 62
60 67
60 69
60 70
60 71
60 73
60 75
60 81
60 82
60 83
60 84
60 85
60 89
60 90
60 91
60 92
60 93
60 95
60 97
60 98
60 100
60 102
60 104
60 106
60 107
60 108
60 111
60 112
60 116
60 118
60 121
60 123
60 125
60 129
60 130
60 133
60 134
60 136
60 137
60 138
60 142
60 143
60 145
60 146
60 147
60 148
60 154
60 156
60 157
60 159
60 161
60 163
60 166
60 169
60 171
60 177
60 178
60 180
60 181
60 182
60 193
60 195
60 199
60 200
60 202
60 204
60 208
60 225
60 227
60 233
60 234
60 237
60 238
60 239
60 240
60 246
60 250
60 254
60 266
60 274
60 276
60 284
60 285
60 287
60 289
60 298
60 299
61 63
61 64
61 66
61 67
61 68
61 70
61 71
61 72
61 73
61 76
61 77
61 80
61 81
61 83
61 86
61 88
61 89
61 90
61 93
61 95
61 96
61 97
61 99
61 111
61 113
61 114
61 115
61 116
61 117
61 118
61 124
61 126
61 127
61 129
61 133
61 134
61 139
61 140
61 141
61 142
61 144
61 150
61 151
61 152
61 153
61 154
61 161
61 162
61 163
61 165
61 169
61 170
61 172
61 180
61 184
61 188
61 192
61 202
61 203
61 209
61 210
61 214
61 232
61 238
61 241
61 245
61 251
61 252
61 254
61 264
61 267
61 271
61 272
61 274
61 276
61 286
61 292
61 295
61 298
62 63
62 64
62 65
62 66
62 68
62 69
62 70
62 71
62 73
62 74
62 75
62 76
62 78
62 83
62 86
62 87
62 89
62 91
62 93
62 94
62 97
62 100
62 102
62 103
62 105
62 107
62 109
62 111
62 116
62 117
62 119
62 122
62 123
62 124
62 127
62 129
62 132
62 135
62 137
62 138
62 141
62 144
62 154
62 159
62 160
62 164
62 166
62 167
62 168
62 173
62 174
62 179
62 183
62 185
62 186
62 188
62 193
62 196
62 197
62 200
62 206
62 211
62 218
62 221
62 226
62 227
62 228
62 233
62 236
62 237
62 238
62 239
62 244
62 248
62 249
62 251
62 255
62 257
62 266
62 272
62 273
62 279
62 282
62 287
62 290
62 293
63 64
63 67
63 69
63 70
63 75
63 81
63 84
63 86
63 87
63 88
63 89
63 90
63 92
63 96
63 97
63 102
63 103
63 105
63 107
63 108
63 110
63 112
63 117
63 119
63 120
63 121
63 123
63 125
63 127
63 129
63 130
63 131
63 132
63 133
63 135
63 136
63 138
63 141
63 144
63 147
63 152
63 162
63 166
63 169
63 170
63 171
63 172
63 174
63 177
63 179
63 181
63 183
63 189
63 190
63 201
63 203
63 208
63 209
63 210
63 215
63 216
63 222
63 225
63 226
63 229
63 232
63 234
63 237
63 240
63 241
63 242
63 245
63 247
63 251
63 253
63 261
63 264
63 268
63 283
63 285
63 289
63 290
63 296
64 65
64 66
64 67
64 69
64 70
64 71
64 74
64 75
64 77
64 78
64 80
64 82
64 84
64 85
64 86
64 88
64 93
64 95
64 96
64 97
64 102
64 105
64 108
64 109
64 110
64 111
64 113
64 115
64 117
64 118
64 119
64 120
64 123
64 124
64 125
64 128
64 130
64 132
64 133
64 134
64 138
64 142
64 146
64 148
64 150
64 152
64 157
64 159
64 164
64 165
64 179
64 180
64 185
64 188
64 190
64 191
64 193
64 196
64 197
64 203
64 204
64 205
64 210
64 215
64 220
64 221
64 228
64 229
64 230
64 232
64 240
64 241
64 247
64 248
64 250
64 252
64 262
64 263
64 271
64 272
64 273
64 277
64 279
64 284
64 285
64 299
65 66
65 70
65 71
65 72
65 73
65 74
65 75
65 76
65 77
65 78
65 80
65 81
65 82
65 83
65 84
65 87
65 91
65 93
65 95
65 96
65 97
65 99
65 100
65 102
65 104
65 107
65 109
65 116
65 119
65 120
65 122
65 124
65 127
65 132
65 134
65 135
65 139
65 140
65 145
65 148
65 150
65 153
65 157
65 158
65 160
65 162
65 164
65 166
65 167
65 169
65 173
65 176
65 181
65 186
65 192
65 196
65 197
65 198
65 203
65 205
65 214
65 215
65 218
65 219
65 227
65 230
65 232
65 235
65 236
65 245
65 248
65 249
65 250
65 256
65 259
65 260
65 261
65 262
65 264
65 266
65 268
65 273
65 277
65 279
65 281
65 282
65 287
65 291
65 295
65 297
66 67
66 68
66 69
66 71
66 72
66 73
66 74
66 75
66 77
66 78
66 79
66 81
66 82
66 83
66 84
66 86
66 89
66 95
66 99
66 100
66 103
66 107
66 108
66 109
66 110
66 112
66 113
66 114
66 115
66 116
66 117
66 118
66 119
66 120
66 121
66 122
66 124
66 125
66 128
66 129
66 130
66 133
66 134
66 136
66 139
66 141
66 142
66 144
66 146
66 147
66 148
66 149
66 152
66 153
66 154
66 167
66 171
66 172
66 175
66 180
66 181
66 184
66 186
66 187
66 196
66 199
66 201
66 202
66 204
66 207
66 213
66 214
66 217
66 219
66 223
66 227
66 228
66 229
66 234
66 238
66 241
66 248
66 249
66 251
66 255
66 256
66 257
66 262
66 266
66 273
66 283
66 284
66 287
66 292
66 294
66 296
67 68
67 70
67 72
67 73
67 75
67 76
67 78
67 79
67 80
67 81
67 82
67 83
67 84
67 86
67 88
67 94
67 96
67 100
67 106
67 108
67 111
67 113
67 117
67 118
67 126
67 132
67 136
67 146
67 147
67 149
67 150
67 152
67 154
67 155
67 157
67 164
67 165
67 168
67 173
67 176
67 183
67 185
67 187
67 189
67 193
67 194
67 195
67 197
67 198
67 200
67 205
67 207
67 209
67 216
67 218
67 219
67 220
67 223
67 227
67 235
67 242
67 255
67 259
67 264
67 267
67 272
67 275
67 277
67 281
67 282
67 285
67 295
67 297
67 298
68 69
68 74
68 76
68 78
68 79
68 83
68 89
68 90
68 96
68 97
68 100
68 103
68 105
68 107
68 111
68 115
68 116
68 123
68 124
68 125
68 127
68 129
68 132
68 134
68 136
68 137
68 139
68 140
68 141
68 147
68 151
68 158
68 168
68 170
68 173
68 178
68 182
68 186
68 189
68 214
68 215
68 225
68 231
68 232
68 235
68 237
68 238
68 245
68 246
68 252
68 256
68 266
68 269
68 275
68 280
68 288
68 299
69 70
69 71
69 72
69 73
69 74
69 75
69 76
69 78
69 79
69 83
69 85
69 86
69 87
69 90
69 91
69 93
69 94
69 97
69 98
69 101
69 102
69 104
69 105
69 109
69 111
69 116
69 118
69 119
69 122
69 125
69 126
69 127
69 129
69 131
69 132
69 134
69 135
69 136
69 138
69 140
69 142
69 144
69 147
69 152
69 153
69 156
69 158
69 159
69 160
69 163
69 167
69 172
69 173
69 176
69 177
69 181
69 182
69 184
69 186
69 189
69 194
69 197
69 198
69 200
69 202
69 206
69 209
69 210
69 211
69 214
69 215
69 217
69 218
69 219
69 220
69 222
69 225
69 229
69 231
69 233
69 240
69 241
69 242
69 250
69 252
69 257
69 259
69 261
69 262
69 268
69 282
69 290
70 71
70 72
70 73
70 74
70 79
70 81
70 82
70 84
70 85
70 86
70 87
70 88
70 90
70 91
70 92
70 94
70 96
70 99
70 103
70 104
70 110
70 111
70 115
70 116
70 117
70 119
70 126
70 128
70 133
70 137
70 143
70 144
70 146
70 147
70 148
70 152
70 153
70 159
70 162
70 163
70 168
70 170
70 177
70 178
70 180
70 182
70 184
70 188
70 192
70 196
70 197
70 201
70 204
70 206
70 209
70 220
70 226
70 242
70 244
70 250
70 251
70 252
70 253
70 255
70 257
70 260
70 265
70 266
70 270
70 275
70 281
70 290
70 296
71 73
71 74
71 75
71 76
71 77
71 80
71 87
71 89
71 93
71 94
71 97
71 100
71 101
71 103
71 105
71 107
71 108
71 109
71 113
71 122
71 126
71 127
71 134
71 135
71 136
71 137
71 138
71 139
71 140
71 141
71 142
71 144
71 146
71 154
71 160
71 167
71 171
71 172
71 179
71 180
71 184
71 187
71 188
71 189
71 191
71 193
71 198
71 200
71 202
71 204
71 206
71 207
71 209
71 216
71 218
71 219
71 221
71 226
71 231
71 232
71 236
71 237
71 238
71 240
71 241
71 242
71 248
71 257
71 262
71 267
71 274
71 277
71 283
71 287
71 289
71 294
71 299
72 73
72 74
72 75
72 78
72 82
72 84
72 87
72 88
72 90
72 91
72 92
72 93
72 94
72 95
72 97
72 98
72 99
72 100
72 103
72 104
72 107
72 111
72 117
72 119
72 122
72 130
72 131
72 132
72 134
72 136
72 138
72 142
72 147
72 149
72 152
72 155
72 157
72 159
72 163
72 164
72 176
72 180
72 181
72 182
72 183
72 184
72 187
72 189
72 191
72 193
72 207
72 211
72 217
72 222
72 224
72 225
72 235
72 236
72 243
72 248
72 265
72 268
72 271
72 274
72 275
72 276
72 278
72 279
72 280
72 281
72 294
73 74
73 75
73 78
73 83
73 88
73 91
73 92
73 93
73 95
73 96
73 98
73 100
73 103
73 104
73 105
73 107
73 108
73 111
73 115
73 116
73 120
73 124
73 125
73 129
73 130
73 133
73 134
73 135
73 138
73 141
73 143
73 144
73 148
73 150
73 151
73 153
73 156
73 157
73 158
73 160
73 161
73 163
73 164
73 168
73 170
73 171
73 175
73 178
73 183
73 188
73 191
73 192
73 201
73 202
73 214
73 215
73 228
73 231
73 233
73 235
73 236
73 238
73 239
73 241
73 258
73 267
73 270
73 271
73 275
73 278
73 280
73 285
73 286
73 294
73 296
74 75
74 77
74 78
74 80
74 81
74 82
74 83
74 86
74 87
74 88
74 91
74 94
74 95
74 96
74 97
74 99
74 107
74 108
74 110
74 111
74 118
74 125
74 127
74 130
74 133
74 134
74 135
74 137
74 138
74 139
74 141
74 143
74 148
74 150
74 153
74 157
74 160
74 163
74 170
74 173
74 180
74 181
74 184
74 185
74 186
74 191
74 196
74 197
74 198
74 212
74 214
74 219
74 224
74 226
74 230
74 231
74 246
74 248
74 250
74 251
74 254
74 256
74 259
74 260
74 261
74 272
74 274
74 281
74 282
74 283
74 285
74 297
74 299
75 76
75 77
75 80
75 81
75 82
75 84
75 85
75 86
75 90
75 97
75 98
75 99
75 103
75 107
75 108
75 113
75 114
75 117
75 119
75 120
75 121
75 122
75 123
75 125
75 130
75 131
75 132
75 133
75 136
75 138
75 140
75 141
75 143
75 144
75 147
75 151
75 159
75 162
75 163
75 164
75 165
75 174
75 178
75 183
75 187
75 190
75 192
75 193
75 194
75 195
75 196
75 207
75 213
75 219
75 220
75 226
75 227
75 230
75 233
75 234
75 237
75 243
75 246
75 252
75 253
75 254
75 255
75 258
75 265
75 266
75 271
75 273
75 276
75 278
75 282
75 285
75 287
75 292
75 293
76 77
76 79
76 80
76 82
76 83
76 84
76 85
76 87
76 90
76 91
76 92
76 96
76 97
76 98
76 104
76 108
76 110
76 111
76 112
76 113
76 114
76 117
76 118
76 123
76 125
76 126
76 128
76 129
76 131
76 133
76 135
76 138
76 141
76 143
76 145
76 159
76 167
76 169
76 171
76 172
76 174
76 180
76 181
76 186
76 187
76 189
76 190
76 192
76 195
76 199
76 200
76 204
76 208
76 210
76 211
76 212
76 214
76 217
76 218
76 225
76 226
76 241
76 259
76 263
76 268
76 271
76 287
76 297
77 80
77 81
77 83
77 84
77 85
77 86
77 87
77 88
77 89
77 91
77 93
77 95
77 98
77 100
77 102
77 103
77 104
77 108
77 109
77 113
77 114
77 115
77 116
77 119
77 120
77 121
77 122
77 123
77 125
77 131
77 133
77 135
77 138
77 143
77 151
77 153
77 155
77 156
77 157
77 161
77 162
77 164
77 167
77 172
77 175
77 179
77 181
77 183
77 187
77 192
77 194
77 196
77 199
77 202
77 206
77 207
77 209
77 211
77 218
77 224
77 228
77 229
77 231
77 234
77 236
77 239
77 243
77 249
77 250
77 252
77 253
77 258
77 260
77 262
77 270
77 277
77 278
77 289
77 290
77 291
77 299
78 79
78 81
78 82
78 84
78 89
78 94
78 96
78 97
78 98
78 99
78 101
78 102
78 104
78 106
78 112
78 113
78 114
78 116
78 117
78 126
78 127
78 136
78 141
78 142
78 143
78 144
78 147
78 151
78 157
78 158
78 160
78 162
78 169
78 170
78 171
78 174
78 178
78 184
78 185
78 187
78 193
78 197
78 198
78 200
78 202
78 203
78 207
78 210
78 215
78 216
78 233
78 234
78 236
78 238
78 247
78 248
78 251
78 252
78 259
78 265
78 267
78 278
78 284
78 288
79 80
79 81
79 83
79 85
79 86
79 87
79 90
79 94
79 95
79 96
79 99
79 101
79 104
79 105
79 107
79 111
79 113
79 115
79 116
79 118
79 119
79 127
79 129
79 132
79 140
79 143
79 145
79 152
79 154
79 156
79 157
79 159
79 160
79 163
79 165
79 167
79 168
79 171
79 173
79 174
79 175
79 177
79 178
79 179
79 180
79 181
79 185
79 190
79 192
79 194
79 206
79 208
79 209
79 217
79 223
79 225
79 228
79 231
79 232
79 244
79 247
79 250
79 261
79 263
79 266
79 270
79 271
79 279
79 280
79 283
79 284
79 294
80 81
80 82
80 83
80 86
80 87
80 88
80 89
80 91
80 93
80 94
80 95
80 96
80 98
80 99
80 104
80 106
80 108
80 111
80 119
80 122
80 123
80 126
80 130
80 132
80 134
80 135
80 136
80 137
80 138
80 141
80 147
80 151
80 159
80 160
80 162
80 163
80 166
80 167
80 171
80 176
80 184
80 193
80 200
80 206
80 208
80 209
80 210
80 211
80 212
80 213
80 215
80 216
80 217
80 222
80 223
80 228
80 229
80 230
80 231
80 236
80 239
80 245
80 247
80 248
80 249
80 252
80 254
80 260
80 264
80 271
80 276
80 277
80 278
80 284
80 286
80 289
80 296
80 297
81 82
81 83
81 90
81 91
81 93
81 97
81 98
81 103
81 104
81 106
81 108
81 110
81 116
81 117
81 123
81 124
81 126
81 131
81 134
81 135
81 141
81 144
81 147
81 150
81 152
81 153
81 155
81 163
81 166
81 181
81 186
81 188
81 189
81 202
81 207
81 208
81 209
81 215
81 218
81 220
81 230
81 238
81 247
81 249
81 250
81 251
81 254
81 266
81 278
81 281
81 282
81 283
81 286
81 287
81 293
82 84
82 85
82 86
82 88
82 93
82 94
82 95
82 100
82 102
82 106
82 108
82 111
82 112
82 115
82 119
82 124
82 131
82 132
82 138
82 140
82 144
82 146
82 147
82 150
82 155
82 158
82 161
82 162
82 163
82 166
82 167
82 172
82 177
82 178
82 182
82 186
82 190
82 191
82 192
82 196
82 199
82 202
82 203
82 205
82 207
82 210
82 212
82 213
82 214
82 221
82 223
82 231
82 240
82 244
82 251
82 257
82 258
82 276
82 277
82 283
82 285
82 293
83 85
83 88
83 89
83 92
83 93
83 96
83 99
83 100
83 101
83 102
83 103
83 104
83 107
83 108
83 110
83 114
83 120
83 124
83 126
83 134
83 146
83 147
83 152
83 156
83 160
83 161
83 164
83 173
83 175
83 179
83 181
83 184
83 186
83 188
83 191
83 193
83 199
83 202
83 206
83 210
83 213
83 219
83 220
83 222
83 224
83 225
83 229
83 233
83 234
83 237
83 239
83 241
83 244
83 260
83 261
83 269
83 272
83 276
83 277
83 282
83 287
83 290
83 292
83 293
83 295
84 85
84 87
84 88
84 89
84 90
84 93
84 102
84 103
84 109
84 110
84 113
84 116
84 117
84 119
84 121
84 124
84 125
84 130
84 133
84 134
84 136
84 137
84 139
84 140
84 142
84 148
84 149
84 151
84 153
84 156
84 159
84 160
84 162
84 163
84 166
84 167
84 172
84 174
84 175
84 181
84 185
84 193
84 197
84 201
84 204
84 207
84 211
84 212
84 214
84 216
84 217
84 218
84 220
84 221
84 222
84 226
84 230
84 232
84 233
84 245
84 257
84 259
84 262
84 263
84 266
84 267
84 270
84 280
84 284
84 285
84 290
84 292
84 295
84 296
84 299
85 90
85 91
85 92
85 93
85 97
85 100
85 102
85 106
85 118
85 120
85 123
85 125
85 126
85 127
85 128
85 129
85 130
85 131
85 134
85 136
85 137
85 143
85 149
85 151
85 156
85 158
85 160
85 162
85 165
85 170
85 171
85 172
85 175
85 177
85 179
85 181
85 184
85 186
85 188
85 189
85 193
85 194
85 195
85 200
85 205
85 206
85 209
85 213
85 215
85 225
85 227
85 229
85 230
85 239
85 240
85 247
85 255
85 256
85 257
85 259
85 262
85 263
85 264
85 274
85 275
85 279
85 297
86 87
86 90
86 91
86 95
86 96
86 98
86 99
86 102
86 108
86 110
86 121
86 125
86 132
86 135
86 137
86 138
86 140
86 144
86 148
86 149
86 154
86 157
86 160
86 161
86 164
86 171
86 172
86 173
86 177
86 182
86 185
86 187
86 191
86 195
86 196
86 197
86 199
86 200
86 201
86 202
86 207
86 208
86 210
86 214
86 218
86 222
86 224
86 226
86 228
86 229
86 238
86 242
86 249
86 265
86 270
86 271
86 283
86 292
86 293
87 89
87 92
87 97
87 99
87 105
87 108
87 109
87 111
87 113
87 115
87 116
87 117
87 119
87 123
87 125
87 128
87 130
87 132
87 140
87 141
87 145
87 156
87 159
87 160
87 168
87 169
87 174
87 181
87 183
87 185
87 199
87 201
87 204
87 205
87 207
87 214
87 217
87 219
87 220
87 227
87 234
87 238
87 243
87 249
87 250
87 255
87 262
87 263
87 282
87 290
87 295
87 296
87 299
88 90
88 93
88 99
88 101
88 102
88 107
88 109
88 110
88 112
88 113
88 114
88 117
88 120
88 122
88 124
88 129
88 135
88 136
88 145
88 146
88 148
88 150
88 152
88 157
88 163
88 171
88 174
88 177
88 179
88 189
88 192
88 193
88 194
88 197
88 199
88 204
88 213
88 217
88 224
88 236
88 240
88 244
88 248
88 249
88 257
88 260
88 264
88 265
88 269
88 276
88 279
88 280
88 284
88 287
88 289
88 294
88 295
89 91
89 92
89 97
89 103
89 104
89 112
89 124
89 126
89 127
89 130
89 131
89 134
89 139
89 140
89 143
89 146
89 147
89 152
89 155
89 161
89 166
89 172
89 179
89 180
89 182
89 186
89 190
89 195
89 196
89 199
89 202
89 207
89 208
89 210
89 219
89 222
89 232
89 239
89 245
89 254
89 261
89 262
89 273
89 274
89 288
89 292
89 298
90 92
90 93
90 95
90 99
90 106
90 108
90 111
90 118
90 119
90 127
90 129
90 132
90 135
90 137
90 141
90 143
90 144
90 160
90 163
90 166
90 167
90 170
90 172
90 174
90 183
90 184
90 186
90 193
90 197
90 201
90 210
90 212
90 223
90 224
90 226
90 232
90 233
90 260
90 284
90 286
90 293
90 296
91 94
91 96
91 99
91 100
91 102
91 103
91 107
91 132
91 135
91 139
91 140
91 142
91 144
91 146
91 150
91 155
91 156
91 160
91 164
91 168
91 169
91 175
91 177
91 180
91 188
91 199
91 201
91 205
91 206
91 207
91 208
91 211
91 219
91 222
91 224
91 228
91 240
91 242
91 247
91 248
91 253
91 262
91 267
91 268
91 270
91 281
91 289
91 293
91 299
92 93
92 94
92 96
92 99
92 100
92 104
92 106
92 107
92 119
92 121
92 123
92 128
92 129
92 131
92 132
92 138
92 141
92 143
92 146
92 147
92 155
92 157
92 158
92 160
92 165
92 167
92 168
92 170
92 172
92 173
92 175
92 187
92 188
92 193
92 200
92 204
92 206
92 208
92 210
92 212
92 216
92 218
92 222
92 223
92 224
92 225
92 229
92 230
92 231
92 233
92 234
92 239
92 242
92 248
92 258
92 261
92 265
92 266
92 272
92 275
92 280
92 282
92 289
92 294
93 94
93 98
93 101
93 104
93 108
93 110
93 114
93 116
93 117
93 118
93 120
93 122
93 123
93 124
93 127
93 131
93 145
93 148
93 151
93 162
93 164
93 176
93 179
93 182
93 186
93 192
93 203
93 207
93 210
93 214
93 215
93 220
93 223
93 225
93 235
93 237
93 240
93 244
93 245
93 246
93 248
93 253
93 257
93 259
93 266
93 267
93 268
93 275
93 277
93 284
93 288
93 294
93 295
93 298
94 98
94 101
94 104
94 105
94 106
94 107
94 108
94 112
94 115
94 116
94 119
94 120
94 122
94 131
94 137
94 138
94 139
94 141
94 144
94 151
94 153
94 160
94 162
94 165
94 168
94 169
94 170
94 175
94 176
94 183
94 189
94 193
94 194
94 201
94 203
94 205
94 217
94 218
94 236
94 240
94 249
94 269
94 274
94 276
94 278
94 289
94 298
95 96
95 97
95 98
95 102
95 107
95 111
95 114
95 115
95 119
95 120
95 122
95 125
95 128
95 129
95 133
95 140
95 141
95 143
95 146
95 147
95 148
95 149
95 152
95 163
95 165
95 167
95 172
95 174
95 175
95 178
95 185
95 194
95 197
95 198
95 209
95 215
95 217
95 221
95 226
95 227
95 243
95 244
95 245
95 249
95 251
95 252
95 253
95 259
95 261
95 267
95 268
95 271
95 272
95 275
95 276
95 278
95 281
95 287
96 99
96 100
96 105
96 106
96 108
96 109
96 110
96 111
96 112
96 114
96 115
96 122
96 124
96 128
96 129
96 130
96 133
96 136
96 140
96 141
96 142
96 152
96 154
96 155
96 164
96 165
96 173
96 177
96 178
96 189
96 199
96 211
96 212
96 217
96 219
96 221
96 222
96 226
96 231
96 232
96 235
96 239
96 242
96 245
96 254
96 266
96 268
96 273
96 277
96 279
96 280
96 281
97 101
97 103
97 104
97 105
97 106
97 114
97 115
97 116
97 117
97 120
97 124
97 127
97 144
97 149
97 150
97 155
97 156
97 158
97 159
97 160
97 167
97 169
97 171
97 190
97 195
97 199
97 217
97 223
97 225
97 226
97 233
97 237
97 256
97 260
97 267
97 275
97 276
97 288
97 290
97 292
98 99
98 101
98 102
98 107
98 109
98 110
98 113
98 114
98 115
98 116
98 119
98 121
98 122
98 123
98 124
98 129
98 131
98 133
98 135
98 139
98 144
98 151
98 152
98 153
98 155
98 159
98 161
98 162
98 172
98 177
98 191
98 192
98 193
98 195
98 196
98 206
98 207
98 209
98 213
98 216
98 217
98 218
98 232
98 241
98 249
98 253
98 257
98 258
98 262
98 266
98 268
98 271
98 276
98 277
98 280
98 285
98 287
98 292
98 299
99 102
99 106
99 107
99 108
99 109
99 110
99 111
99 112
99 115
99 119
99 121
99 122
99 132
99 134
99 136
99 138
99 141
99 142
99 146
99 155
99 167
99 169
99 170
99 174
99 176
99 182
99 187
99 189
99 191
99 195
99 200
99 209
99 210
99 217
99 222
99 228
99 230
99 231
99 234
99 245
99 253
99 261
99 263
99 265
99 271
99 274
99 276
99 281
99 284
99 291
99 293
99 299
100 102
100 105
100 106
100 109
100 110
100 115
100 120
100 128
100 131
100 134
100 143
100 146
100 157
100 160
100 176
100 183
100 185
100 187
100 188
100 189
100 191
100 199
100 207
100 211
100 212
100 215
100 216
100 225
100 229
100 235
100 239
100 256
100 259
100 261
100 270
100 279
100 282
100 284
100 288
100 290
100 291
100 297
100 299
101 106
101 107
101 117
101 118
101 121
101 127
101 128
101 133
101 139
101 140
101 142
101 145
101 150
101 152
101 155
101 157
101 165
101 168
101 169
101 173
101 176
101 182
101 185
101 187
101 189
101 201
101 203
101 209
101 220
101 221
101 224
101 229
101 236
101 252
101 262
101 264
101 265
101 276
101 277
101 284
101 286
101 291
101 294
101 296
102 109
102 112
102 118
102 124
102 125
102 129
102 135
102 137
102 140
102 141
102 145
102 146
102 147
102 150
102 151
102 154
102 157
102 162
102 166
102 172
102 175
102 176
102 177
102 182
102 190
102 198
102 206
102 207
102 210
102 215
102 216
102 218
102 226
102 229
102 236
102 247
102 253
102 255
102 268
102 276
102 285
102 291
102 295
103 105
103 113
103 117
103 119
103 120
103 121
103 123
103 131
103 132
103 148
103 155
103 158
103 161
103 165
103 167
103 179
103 182
103 187
103 192
103 204
103 225
103 233
103 236
103 245
103 253
103 265
103 278
103 282
103 286
103 289
103 290
103 292
103 297
104 105
104 107
104 109
104 110
104 111
104 118
104 122
104 125
104 126
104 129
104 130
104 135
104 138
104 139
104 140
104 144
104 148
104 151
104 161
104 171
104 173
104 176
104 181
104 185
104 187
104 188
104 200
104 201
104 203
104 208
104 214
104 215
104 217
104 218
104 219
104 226
104 228
104 233
104 237
104 243
104 254
104 255
104 261
104 270
104 273
104 281
104 286
104 288
104 292
104 296
104 298
105 107
105 111
105 112
105 120
105 127
105 128
105 129
105 134
105 137
105 139
105 140
105 142
105 148
105 149
105 157
105 158
105 160
105 163
105 168
105 177
105 180
105 183
105 184
105 189
105 194
105 200
105 201
105 203
105 205
105 207
105 208
105 211
105 215
105 222
105 226
105 238
105 260
105 263
105 270
105 280
105 281
106 109
106 112
106 113
106 120
106 126
106 128
106 136
106 142
106 143
106 151
106 155
106 156
106 160
106 165
106 168
106 177
106 185
106 186
106 187
106 190
106 191
106 192
106 198
106 209
106 210
106 218
106 225
106 237
106 238
106 240
106 248
106 251
106 253
106 259
106 261
106 276
106 296
107 109
107 110
107 111
107 116
107 119
107 122
107 123
107 127
107 134
107 146
107 154
107 155
107 158
107 161
107 164
107 165
107 167
107 179
107 184
107 186
107 188
107 191
107 197
107 198
107 204
107 206
107 211
107 215
107 218
107 222
107 229
107 234
107 235
107 236
107 246
107 248
107 249
107 251
107 252
107 260
107 262
107 263
107 265
107 266
107 272
107 275
107 277
107 279
107 280
107 283
107 285
107 295
107 296
108 111
108 113
108 115
108 123
108 126
108 129
108 134
108 136
108 142
108 148
108 151
108 157
108 158
108 159
108 161
108 164
108 172
108 176
108 181
108 184
108 187
108 196
108 203
108 205
108 208
108 210
108 213
108 219
108 221
108 227
108 233
108 240
108 253
108 254
108 255
108 256
108 261
108 263
108 264
108 269
108 271
108 272
108 273
108 285
109 114
109 116
109 119
109 120
109 121
109 122
109 123
109 124
109 130
109 133
109 136
109 137
109 139
109 140
109 143
109 151
109 155
109 159
109 166
109 169
109 170
109 174
109 178
109 184
109 185
109 186
109 195
109 198
109 201
109 202
109 209
109 214
109 242
109 252
109 267
109 283
109 287
110 111
110 112
110 115
110 116
110 118
110 121
110 122
110 125
110 126
110 128
110 131
110 139
110 150
110 153
110 156
110 158
110 163
110 164
110 165
110 166
110 167
110 191
110 195
110 198
110 199
110 201
110 204
110 206
110 209
110 212
110 218
110 224
110 229
110 230
110 235
110 236
110 242
110 245
110 247
110 252
110 254
110 261
110 262
110 266
110 270
110 280
110 283
110 291
110 292
110 294
111 116
111 117
111 118
111 121
111 123
111 125
111 128
111 130
111 135
111 142
111 149
111 152
111 154
111 159
111 161
111 162
111 168
111 172
111 176
111 179
111 182
111 185
111 193
111 194
111 195
111 196
111 198
111 201
111 208
111 218
111 225
111 226
111 229
111 230
111 231
111 232
111 233
111 241
111 245
111 254
111 269
111 289
111 292
112 115
112 120
112 124
112 125
112 126
112 128
112 129
112 134
112 138
112 152
112 158
112 159
112 161
112 165
112 170
112 171
112 172
112 174
112 179
112 181
112 192
112 198
112 199
112 204
112 208
112 211
112 212
112 222
112 227
112 230
112 233
112 239
112 242
112 244
112 258
112 261
112 264
112 266
112 271
112 272
112 281
112 291
112 294
112 297
113 116
113 117
113 120
113 121
113 122
113 130
113 133
113 135
113 136
113 139
113 150
113 152
113 154
113 156
113 158
113 166
113 174
113 178
113 179
113 184
113 185
113 190
113 191
113 192
113 193
113 194
113 196
113 201
113 202
113 204
113 222
113 234
113 241
113 244
113 249
113 258
113 262
113 264
113 267
113 274
113 276
113 298
114 115
114 118
114 121
114 122
114 123
114 127
114 128
114 134
114 135
114 136
114 138
114 140
114 142
114 146
114 151
114 154
114 156
114 157
114 159
114 165
114 177
114 178
114 186
114 189
114 190
114 191
114 196
114 202
114 206
114 210
114 215
114 217
114 224
114 229
114 230
114 252
114 261
114 262
114 273
114 276
114 277
114 278
114 281
114 293
114 297
115 118
115 122
115 125
115 130
115 134
115 139
115 141
115 151
115 157
115 158
115 163
115 167
115 169
115 173
115 175
115 188
115 191
115 195
115 200
115 201
115 222
115 230
115 231
115 232
115 236
115 238
115 248
115 250
115 258
115 260
115 264
115 268
115 269
115 272
115 280
115 285
115 291
115 294
115 296
115 297
116 127
116 129
116 136
116 155
116 165
116 167
116 170
116 171
116 175
116 184
116 185
116 187
116 193
116 197
116 200
116 201
116 211
116 220
116 224
116 233
116 236
116 242
116 243
116 265
116 274
116 283
116 290
116 294
117 121
117 124
117 129
117 130
117 136
117 141
117 156
117 158
117 165
117 176
117 182
117 189
117 196
117 198
117 200
117 208
117 212
117 214
117 223
117 226
117 227
117 231
117 232
117 240
117 243
117 257
117 269
117 272
117 274
117 276
117 282
117 299
118 120
118 121
118 126
118 144
118 145
118 148
118 155
118 156
118 158
118 161
118 164
118 177
118 178
118 179
118 180
118 188
118 196
118 200
118 201
118 203
118 206
118 215
118 216
118 226
118 228
118 234
118 240
118 249
118 250
118 255
118 263
118 265
118 279
118 285
118 286
118 288
119 123
119 127
119 128
119 133
119 139
119 140
119 150
119 152
119 155
119 161
119 170
119 176
119 184
119 185
119 189
119 191
119 202
119 204
119 207
119 212
119 216
119 235
119 239
119 256
119 270
119 287
119 289
119 295
119 297
120 122
120 127
120 128
120 129
120 132
120 133
120 139
120 142
120 145
120 149
120 155
120 163
120 166
120 176
120 189
120 191
120 192
120 198
120 200
120 202
120 203
120 204
120 208
120 209
120 210
120 213
120 215
120 221
120 222
120 232
120 235
120 238
120 241
120 250
120 260
120 269
120 276
120 278
120 279
120 282
120 288
120 291
120 293
121 122
121 129
121 132
121 137
121 150
121 151
121 152
121 158
121 162
121 163
121 168
121 174
121 182
121 192
121 195
121 205
121 206
121 212
121 219
121 221
121 231
121 236
121 250
121 268
121 274
121 276
121 281
121 288
122 124
122 128
122 132
122 133
122 138
122 140
122 141
122 142
122 146
122 147
122 149
122 150
122 157
122 159
122 160
122 161
122 163
122 172
122 174
122 181
122 183
122 192
122 194
122 195
122 196
122 197
122 201
122 203
122 204
122 207
122 211
122 216
122 218
122 219
122 221
122 222
122 223
122 229
122 233
122 239
122 245
122 252
122 255
122 258
122 264
122 267
122 270
122 272
122 276
122 289
123 128
123 137
123 139
123 144
123 153
123 158
123 163
123 176
123 182
123 194
123 204
123 206
123 208
123 211
123 220
123 223
123 224
123 227
123 229
123 230
123 232
123 234
123 238
123 242
123 246
123 269
123 270
123 274
123 283
123 290
124 127
124 128
124 135
124 140
124 143
124 144
124 146
124 147
124 153
124 162
124 163
124 164
124 166
124 168
124 172
124 175
124 178
124 185
124 186
124 204
124 212
124 220
124 227
124 231
124 233
124 239
124 241
124 258
124 267
124 268
124 270
124 272
124 289
125 131
125 133
125 135
125 139
125 143
125 146
125 156
125 157
125 163
125 165
125 169
125 170
125 171
125 177
125 178
125 180
125 191
125 209
125 210
125 216
125 219
125 220
125 222
125 223
125 230
125 238
125 240
125 241
125 255
125 258
125 262
125 267
125 269
125 277
125 286
125 291
125 297
126 127
126 128
126 129
126 133
126 134
126 139
126 141
126 143
126 149
126 158
126 167
126 171
126 175
126 178
126 179
126 185
126 187
126 192
126 193
126 199
126 206
126 207
126 211
126 217
126 219
126 220
126 221
126 236
126 246
126 258
126 265
126 266
126 271
126 272
126 281
126 283
126 287
126 297
126 298
127 133
127 136
127 137
127 142
127 143
127 146
127 148
127 162
127 165
127 170
127 171
127 173
127 177
127 186
127 188
127 190
127 193
127 194
127 198
127 201
127 202
127 220
127 221
127 223
127 227
127 234
127 239
127 243
127 250
127 263
127 264
127 278
127 281
127 285
127 299
128 132
128 133
128 134
128 138
128 140
128 141
128 149
128 156
128 160
128 161
128 164
128 168
128 169
128 174
128 175
128 176
128 183
128 186
128 194
128 199
128 205
128 209
128 210
128 211
128 225
128 228
128 232
128 234
128 256
128 258
128 259
128 263
128 269
128 272
128 278
128 281
128 291
129 140
129 146
129 153
129 155
129 158
129 173
129 176
129 181
129 188
129 191
129 193
129 202
129 203
129 211
129 214
129 219
129 232
129 238
129 241
129 244
129 247
129 248
129 265
129 286
129 288
130 140
130 145
130 149
130 150
130 153
130 156
130 167
130 174
130 177
130 184
130 185
130 201
130 202
130 221
130 229
130 231
130 232
130 254
130 263
130 268
130 282
130 298
130 299
131 140
131 141
131 143
131 145
131 148
131 149
131 157
131 163
131 169
131 173
131 179
131 180
131 182
131 198
131 203
131 211
131 213
131 219
131 225
131 226
131 230
131 234
131 235
131 244
131 250
131 256
131 276
131 290
132 143
132 147
132 148
132 156
132 158
132 166
132 169
132 177
132 180
132 183
132 184
132 186
132 189
132 194
132 196
132 199
132 207
132 208
132 212
132 222
132 224
132 237
132 243
132 249
132 258
132 261
132 265
132 290
132 295
133 135
133 142
133 149
133 152
133 154
133 155
133 156
133 159
133 160
133 165
133 168
133 171
133 183
133 184
133 190
133 192
133 207
133 211
133 215
133 221
133 232
133 238
133 241
133 242
133 251
133 258
133 259
133 263
133 273
133 278
133 279
133 281
133 287
133 289
133 291
133 292
133 299
134 142
134 145
134 151
134 154
134 159
134 160
134 166
134 167
134 174
134 175
134 179
134 180
134 181
134 183
134 184
134 186
134 194
134 196
134 206
134 216
134 218
134 221
134 228
134 229
134 230
134 232
134 233
134 239
134 246
134 253
134 257
134 262
134 264
134 272
134 274
134 276
134 278
134 289
134 296
135 139
135 140
135 146
135 147
135 148
135 152
135 155
135 158
135 160
135 161
135 177
135 181
135 183
135 197
135 205
135 213
135 216
135 217
135 221
135 222
135 227
135 228
135 229
135 232
135 238
135 241
135 244
135 251
135 253
135 258
136 139
136 145
136 151
136 155
136 159
136 160
136 168
136 182
136 186
136 187
136 192
136 196
136 197
136 206
136 209
136 210
136 217
136 221
136 231
136 232
136 235
136 243
136 246
136 258
136 261
136 262
136 267
136 268
136 273
136 277
136 283
136 284
136 288
136 289
136 291
136 297
136 298
137 139
137 144
137 145
137 147
137 153
137 154
137 156
137 162
137 163
137 165
137 167
137 168
137 169
137 182
137 184
137 188
137 189
137 190
137 216
137 219
137 224
137 239
137 244
137 250
137 253
137 255
137 265
137 267
137 270
137 272
137 273
137 283
137 285
137 289
138 150
138 151
138 152
138 154
138 159
138 162
138 167
138 172
138 173
138 174
138 176
138 179
138 195
138 197
138 204
138 206
138 212
138 216
138 223
138 227
138 229
138 235
138 245
138 255
138 263
138 265
138 275
138 278
138 280
138 284
138 289
139 146
139 154
139 161
139 163
139 164
139 166
139 172
139 174
139 189
139 196
139 197
139 207
139 213
139 216
139 218
139 219
139 222
139 223
139 241
139 243
139 252
139 253
139 256
139 259
139 272
139 277
139 286
139 291
140 141
140 143
140 154
140 160
140 165
140 166
140 167
140 172
140 176
140 186
140 187
140 190
140 192
140 199
140 202
140 212
140 220
140 221
140 226
140 234
140 239
140 241
140 248
140 249
140 252
140 253
140 254
140 258
140 259
140 262
140 267
140 271
140 279
140 280
140 281
140 283
140 298
141 148
141 149
141 156
141 163
141 169
141 172
141 178
141 180
141 187
141 201
141 208
141 214
141 228
141 239
141 240
141 245
141 252
141 272
141 273
141 275
141 289
141 293
142 144
142 148
142 151
142 156
142 158
142 161
142 162
142 168
142 174
142 177
142 178
142 182
142 185
142 188
142 203
142 205
142 209
142 219
142 221
142 242
142 246
142 256
142 257
142 259
142 263
142 268
142 281
142 285
142 288
142 292
143 144
143 145
143 148
143 151
143 158
143 181
143 182
143 185
143 188
143 191
143 196
143 198
143 202
143 206
143 222
143 235
143 242
143 246
143 253
143 262
143 263
143 267
143 274
143 277
143 284
143 288
143 296
144 148
144 149
144 151
144 159
144 164
144 169
144 172
144 178
144 183
144 184
144 191
144 193
144 195
144 205
144 214
144 218
144 233
144 240
144 246
144 248
144 249
144 251
144 275
144 278
144 285
144 286
144 288
144 293
145 157
145 159
145 163
145 165
145 167
145 170
145 174
145 175
145 179
145 185
145 187
145 188
145 190
145 191
145 192
145 210
145 213
145 214
145 215
145 227
145 230
145 233
145 240
145 246
145 253
145 254
145 256
145 258
145 259
145 263
145 280
145 290
145 295
146 147
146 149
146 151
146 154
146 160
146 164
146 168
146 169
146 173
146 204
146 206
146 210
146 214
146 239
146 242
146 244
146 260
146 266
146 268
146 275
146 278
146 279
146 281
146 292
147 150
147 152
147 155
147 158
147 166
147 168
147 172
147 186
147 191
147 193
147 203
147 213
147 214
147 215
147 222
147 232
147 242
147 244
147 245
147 253
147 260
147 267
147 274
147 282
147 287
147 295
147 296
148 149
148 159
148 160
148 161
148 166
148 173
148 174
148 182
148 188
148 190
148 191
148 202
148 203
148 207
148 215
148 220
148 221
148 222
148 227
148 233
148 238
148 239
148 244
148 262
148 277
149 165
149 169
149 173
149 185
149 195
149 199
149 202
149 205
149 212
149 213
149 214
149 219
149 223
149 224
149 226
149 251
149 254
149 258
149 261
149 297
150 152
150 162
150 167
150 169
150 171
150 176
150 181
150 190
150 195
150 197
150 200
150 205
150 210
150 213
150 214
150 240
150 256
150 261
150 265
150 278
150 283
150 286
151 170
151 171
151 178
151 188
151 189
151 200
151 204
151 209
151 222
151 228
151 235
151 238
151 239
151 240
151 247
151 254
151 259
151 263
151 290
152 159
152 168
152 169
152 178
152 179
152 212
152 216
152 225
152 227
152 239
152 243
152 245
152 249
152 250
152 253
152 260
152 261
152 265
152 273
152 280
152 286
152 290
153 155
153 159
153 160
153 162
153 180
153 181
153 185
153 194
153 196
153 197
153 198
153 199
153 206
153 209
153 213
153 214
153 222
153 223
153 230
153 233
153 235
153 250
153 251
153 255
153 259
153 264
153 267
153 268
153 269
153 271
153 273
153 275
153 279
153 281
153 288
153 291
154 160
154 174
154 175
154 186
154 196
154 199
154 203
154 205
154 208
154 210
154 223
154 244
154 255
154 264
154 274
154 280
154 284
154 286
154 290
155 157
155 164
155 169
155 175
155 178
155 181
155 182
155 184
155 188
155 213
155 218
155 219
155 225
155 235
155 243
155 245
155 255
155 257
155 260
155 265
155 277
155 280
155 291
155 293
156 161
156 166
156 175
156 179
156 183
156 187
156 192
156 198
156 203
156 205
156 209
156 216
156 219
156 223
156 224
156 225
156 232
156 236
156 237
156 249
156 263
156 264
156 278
156 284
157 159
157 164
157 168
157 171
157 172
157 177
157 193
157 199
157 200
157 205
157 208
157 234
157 235
157 236
157 239
157 244
157 246
157 253
157 257
157 260
157 272
157 289
157 293
157 296
158 164
158 169
158 170
158 173
158 178
158 191
158 200
158 203
158 205
158 207
158 215
158 219
158 231
158 240
158 267
158 269
158 280
158 286
158 288
158 296
159 160
159 161
159 163
159 170
159 176
159 177
159 183
159 188
159 190
159 191
159 210
159 222
159 223
159 225
159 230
159 235
159 249
159 250
159 262
159 268
159 269
159 270
159 276
159 278
159 285
159 290
159 291
159 298
160 163
160 164
160 168
160 170
160 175
160 180
160 182
160 185
160 197
160 199
160 202
160 208
160 217
160 219
160 222
160 223
160 224
160 225
160 228
160 245
160 252
160 254
160 257
160 269
160 273
160 279
160 281
160 284
160 287
160 298
161 173
161 174
161 176
161 181
161 182
161 183
161 187
161 189
161 190
161 191
161 194
161 204
161 210
161 211
161 217
161 218
161 224
161 229
161 231
161 237
161 239
161 252
161 264
161 271
161 272
161 273
161 274
161 280
161 281
161 292
161 294
162 165
162 170
162 176
162 184
162 192
162 211
162 238
162 243
162 261
162 280
162 286
162 287
162 293
163 165
163 190
163 205
163 211
163 213
163 219
163 220
163 223
163 224
163 239
163 242
163 245
163 246
163 255
163 257
163 261
163 263
163 264
163 286
164 166
164 167
164 170
164 177
164 181
164 182
164 184
164 190
164 199
164 205
164 208
164 212
164 216
164 220
164 229
164 231
164 232
164 241
164 243
164 245
164 247
164 255
164 260
164 267
164 269
164 270
164 273
164 282
164 286
164 290
164 296
164 298
165 168
165 170
165 172
165 178
165 179
165 181
165 192
165 205
165 207
165 208
165 216
165 223
165 225
165 234
165 236
165 239
165 243
165 245
165 249
165 255
165 270
165 275
165 279
165 280
165 292
165 295
165 298
166 168
166 170
166 178
166 180
166 210
166 211
166 249
166 264
166 281
166 283
166 296
167 171
167 174
167 175
167 189
167 190
167 194
167 206
167 227
167 252
167 266
167 269
167 275
167 277
167 278
167 294
167 295
167 298
168 169
168 172
168 177
168 178
168 183
168 187
168 196
168 229
168 231
168 233
168 234
168 235
168 236
168 246
168 252
168 270
168 272
168 276
168 282
168 287
168 293
168 299
169 176
169 180
169 185
169 197
169 202
169 207
169 216
169 226
169 233
169 238
169 245
169 246
169 253
169 258
169 260
169 295
170 171
170 173
170 181
170 184
170 187
170 190
170 199
170 203
170 211
170 219
170 244
170 248
170 261
170 267
170 271
170 283
170 284
170 299
171 177
171 188
171 194
171 197
171 199
171 206
171 207
171 211
171 228
171 231
171 242
171 254
171 255
171 266
171 274
171 283
172 189
172 195
172 196
172 198
172 203
172 206
172 222
172 231
172 242
172 249
172 252
172 256
172 258
172 260
172 266
172 282
172 285
172 295
172 298
173 195
173 208
173 234
173 246
173 257
173 258
173 266
173 274
173 280
173 292
173 295
173 298
174 182
174 184
174 187
174 189
174 190
174 205
174 210
174 225
174 234
174 236
174 244
174 256
174 269
174 290
174 292
175 206
175 216
175 219
175 222
175 239
175 244
175 254
175 255
175 258
175 271
175 282
175 286
175 293
176 183
176 191
176 203
176 212
176 215
176 220
176 225
176 227
176 231
176 235
176 236
176 239
176 243
176 245
176 247
176 248
176 262
176 264
176 270
176 278
176 287
176 291
176 294
177 178
177 180
177 186
177 193
177 200
177 208
177 212
177 233
177 252
177 254
177 267
177 275
177 280
177 281
177 282
177 289
177 290
177 297
178 179
178 180
178 188
178 193
178 200
178 206
178 210
178 211
178 214
178 215
178 220
178 223
178 227
178 240
178 242
178 244
178 247
178 286
178 289
178 295
178 296
179 182
179 190
179 199
179 201
179 202
179 203
179 205
179 207
179 212
179 214
179 215
179 226
179 229
179 236
179 245
179 246
179 248
179 249
179 254
179 260
179 264
179 292
179 296
180 196
180 206
180 207
180 230
180 248
180 258
180 262
180 264
180 265
180 282
180 286
181 194
181 196
181 200
181 208
181 216
181 220
181 223
181 227
181 229
181 234
181 239
181 241
181 242
181 248
181 252
181 255
181 260
181 263
181 271
181 278
181 281
181 287
182 187
182 206
182 211
182 215
182 217
182 235
182 242
182 245
182 250
182 253
182 262
183 184
183 186
183 188
183 189
183 201
183 205
183 206
183 209
183 231
183 233
183 238
183 247
183 251
183 252
183 271
183 275
183 285
183 287
184 185
184 189
184 194
184 199
184 205
184 211
184 212
184 213
184 219
184 221
184 247
184 249
184 251
184 253
184 261
184 262
184 277
184 279
184 280
184 298
185 198
185 214
185 218
185 226
185 241
185 250
185 261
185 283
185 287
185 291
186 188
186 198
186 220
186 232
186 240
186 255
186 267
186 271
186 274
186 278
186 283
186 297
187 193
187 199
187 200
187 204
187 209
187 218
187 224
187 227
187 235
187 244
187 246
187 247
187 252
187 272
187 273
187 282
187 285
187 293
187 294
188 195
188 196
188 198
188 200
188 204
188 205
188 218
188 220
188 243
188 247
188 259
188 270
188 272
189 194
189 195
189 198
189 204
189 216
189 227
189 234
189 235
189 241
189 247
189 249
189 259
189 265
189 266
189 277
189 284
189 289
189 290
189 298
189 299
190 192
190 200
190 215
190 221
190 222
190 237
190 242
190 249
190 262
190 264
190 271
190 276
190 291
191 192
191 202
191 205
191 212
191 235
191 240
191 241
191 243
191 246
191 248
191 251
191 253
191 258
191 263
191 280
191 295
191 296
191 298
191 299
192 194
192 225
192 227
192 230
192 233
192 238
192 251
192 255
192 256
192 260
192 266
192 279
192 284
193 197
193 205
193 209
193 221
193 222
193 227
193 238
193 257
193 262
193 263
193 278
193 292
193 296
194 206
194 213
194 214
194 217
194 233
194 234
194 241
194 254
194 257
194 269
194 272
194 280
194 282
194 284
194 285
195 205
195 206
195 211
195 214
195 231
195 239
195 249
195 251
195 253
195 258
195 294
196 204
196 205
196 206
196 207
196 213
196 216
196 220
196 228
196 233
196 234
196 251
196 252
196 253
196 258
196 263
196 264
196 266
196 272
196 273
196 286
196 287
196 293
196 297
197 202
197 207
197 219
197 224
197 225
197 228
197 230
197 235
197 243
197 248
197 252
197 261
197 262
197 271
197 274
197 286
197 289
197 290
197 296
198 205
198 220
198 221
198 231
198 244
198 250
198 254
198 258
198 271
198 272
198 277
198 288
198 294
199 208
199 213
199 220
199 231
199 232
199 233
199 246
199 253
199 255
199 268
199 270
199 273
199 276
199 290
200 204
200 228
200 229
200 232
200 233
200 235
200 239
200 244
200 260
200 269
200 291
201 203
201 209
201 220
201 226
201 243
201 249
201 251
201 259
201 270
201 271
202 203
202 215
202 234
202 235
202 236
202 244
202 245
202 251
202 268
202 273
202 278
202 286
202 289
203 209
203 212
203 213
203 223
203 229
203 230
203 234
203 237
203 241
203 242
203 244
203 245
203 251
203 253
203 255
203 263
203 264
203 274
204 207
204 208
204 209
204 223
204 227
204 232
204 245
204 250
204 254
204 261
204 283
204 295
204 297
205 214
205 217
205 221
205 238
205 246
205 254
205 262
205 273
205 278
205 285
205 290
205 292
205 293
206 222
206 231
206 232
206 235
206 254
206 265
206 296
207 247
207 249
207 250
207 257
207 260
207 269
207 272
207 275
207 289
207 299
208 215
208 218
208 237
208 243
208 244
208 248
208 257
208 258
208 262
208 264
208 282
208 286
208 293
209 223
209 227
209 230
209 237
209 248
209 249
209 260
209 267
209 268
209 283
209 287
209 289
210 213
210 217
210 220
210 224
210 226
210 237
210 268
210 277
210 284
210 285
210 296
211 212
211 216
211 224
211 244
211 250
211 256
211 291
211 294
211 295
211 299
212 214
212 219
212 221
212 223
212 237
212 249
212 278
212 296
213 217
213 224
213 240
213 253
213 262
213 271
213 274
213 276
213 278
213 285
213 287
213 291
213 294
214 219
214 228
214 231
214 240
214 242
214 243
214 248
214 289
214 298
215 224
215 230
215 236
215 241
215 248
215 256
215 267
215 291
216 217
216 223
216 227
216 229
216 234
216 240
216 245
216 250
216 255
216 267
216 268
216 276
217 224
217 227
217 228
217 229
217 232
217 241
217 244
217 249
217 256
217 260
217 261
217 269
217 281
217 285
217 291
217 298
218 221
218 222
218 223
218 224
218 239
218 251
218 252
218 259
218 276
218 279
218 280
218 295
219 224
219 229
219 234
219 237
219 243
219 246
219 256
219 269
219 273
219 280
219 294
219 298
220 228
220 236
220 237
220 240
220 252
220 258
220 259
220 269
220 275
221 232
221 237
221 249
221 256
221 273
221 291
222 231
222 250
222 259
222 265
222 268
222 271
222 292
222 294
222 298
223 225
223 226
223 232
223 239
223 247
223 260
223 289
223 293
223 295
223 297
224 228
224 230
224 237
224 238
224 240
224 243
224 244
224 255
224 258
224 273
224 274
224 278
224 281
224 294
225 232
225 238
225 246
225 252
225 265
225 269
225 270
225 275
225 284
225 296
226 229
226 238
226 241
226 242
226 249
226 260
226 265
226 282
226 288
226 289
227 243
227 253
227 255
227 264
227 268
227 271
227 273
227 281
227 293
227 297
228 235
228 244
228 257
228 278
228 287
228 293
228 294
229 235
229 243
229 276
229 281
229 282
229 290
229 299
230 237
230 241
230 260
230 267
230 272
230 274
230 277
230 283
230 297
231 232
231 242
231 243
231 244
231 254
231 257
231 261
231 271
231 280
231 293
231 294
231 295
231 299
232 234
232 239
232 242
232 245
232 258
232 269
232 271
232 280
232 290
233 236
233 243
233 250
233 255
233 292
233 298
234 241
234 248
234 252
234 259
234 263
234 269
234 271
234 278
234 286
235 237
235 245
235 254
235 255
235 262
235 271
235 278
235 288
235 292
236 240
236 246
236 263
236 274
236 283
236 286
236 289
237 240
237 246
237 249
237 264
237 275
237 279
237 284
238 251
238 254
238 258
238 261
238 265
238 270
238 279
238 280
238 284
238 285
238 286
238 287
238 288
238 289
239 242
239 256
239 273
239 282
239 286
239 292
240 245
240 259
240 275
240 276
240 279
241 244
241 251
241 256
241 276
241 280
241 285
241 298
241 299
242 258
242 261
242 279
242 282
242 283
242 289
243 248
243 254
243 275
243 295
243 298
244 250
244 253
244 275
244 280
244 288
244 290
244 292
244 299
245 247
245 257
245 265
245 291
245 296
246 263
246 277
246 282
246 297
247 248
247 256
247 258
247 273
247 276
247 277
247 280
247 281
247 299
248 249
248 263
248 275
248 276
248 294
249 260
249 290
249 295
250 257
250 270
250 274
250 282
250 294
251 259
251 266
251 268
252 255
252 262
252 263
252 270
252 275
252 283
252 291
252 299
253 255
253 268
253 284
254 266
254 269
254 278
254 279
254 284
254 289
254 292
254 298
255 267
255 268
255 271
255 278
255 292
255 293
256 263
256 268
256 269
256 272
256 278
256 289
256 298
257 268
257 298
258 275
258 286
258 287
258 293
259 266
259 270
259 275
259 283
259 284
259 289
259 290
259 294
259 296
259 299
260 266
260 272
260 273
260 296
261 281
261 299
262 271
262 275
262 291
263 266
263 297
264 265
264 272
264 284
264 288
264 291
264 292
265 266
265 267
265 277
266 270
266 273
266 279
266 293
266 297
267 282
267 286
267 294
267 296
268 277
268 291
269 285
271 273
271 284
272 273
272 281
272 296
273 279
273 285
273 294
274 281
274 293
274 294
274 298
274 299
275 282
275 285
275 286
275 294
276 280
276 288
276 291
277 280
277 285
277 295
277 296
277 299
278 281
278 282
278 286
278 288
279 280
280 292
282 283
282 292
283 291
284 287
284 293
284 296
284 298
286 293
286 297
287 294
288 297
288 299
292 294
295 297
