0 1
0 2
0 3
0 4
0 5
0 6
0 7
0 8
0 9
0 10
0 11
0 12
0 13
0 16
0 17
0 18
0 20
0 21
0 22
0 29
0 30
0 32
0 37
0 38
0 41
0 44
0 47
0 48
0 52
0 60
0 69
0 73
0 74
1 2
1 3
1 4
1 5
1 6
1 7
1 8
1 9
1 10
1 11
1 14
1 15
1 19
1 21
1 23
1 26
1 33
1 35
1 36
1 40
1 47
1 58
1 65
1 66
1 69
2 3
2 4
2 5
2 6
2 7
2 8
2 9
2 10
2 11
2 13
2 14
2 16
2 18
2 19
2 21
2 23
2 28
2 29
2 30
2 35
2 36
2 40
2 41
2 43
2 44
2 46
2 48
2 50
2 51
2 52
2 54
2 60
2 68
2 69
2 71
3 4
3 5
3 6
3 7
3 8
3 9
3 10
3 11
3 12
3 13
3 15
3 16
3 17
3 18
3 24
3 25
3 26
3 28
3 29
3 30
3 31
3 38
3 45
3 51
3 52
3 56
3 60
3 65
3 66
3 67
3 75
4 5
4 6
4 7
4 8
4 9
4 10
4 11
4 12
4 13
4 14
4 15
4 16
4 17
4 20
4 27
4 28
4 29
4 30
4 33
4 35
4 37
4 40
4 45
4 48
4 53
4 55
4 64
4 65
4 72
4 75
5 6
5 7
5 8
5 9
5 10
5 11
5 12
5 13
5 15
5 21
5 24
5 25
5 32
5 37
5 38
5 39
5 44
5 47
5 49
5 54
5 57
5 58
5 59
5 62
5 70
5 72
5 79
6 7
6 8
6 9
6 10
6 11
6 12
6 13
6 14
6 15
6 16
6 17
6 18
6 19
6 20
6 21
6 23
6 28
6 29
6 31
6 34
6 36
6 37
6 39
6 40
6 42
6 43
6 45
6 46
6 47
6 51
6 53
6 58
6 59
6 62
6 64
6 72
6 79
7 8
7 9
7 10
7 11
7 12
7 13
7 17
7 18
7 19
7 20
7 21
7 24
7 26
7 27
7 30
7 33
7 34
7 38
7 41
7 42
7 45
7 46
7 47
7 48
7 60
7 61
7 62
7 64
7 68
7 76
8 9
8 10
8 12
8 13
8 14
8 16
8 19
8 21
8 22
8 23
8 24
8 25
8 26
8 28
8 31
8 33
8 34
8 38
8 40
8 41
8 42
8 46
8 49
8 54
8 56
8 57
8 58
8 63
8 67
8 68
8 69
8 73
8 75
8 77
8 79
9 10
9 11
9 12
9 14
9 17
9 18
9 20
9 21
9 23
9 25
9 26
9 27
9 28
9 30
9 34
9 35
9 38
9 40
9 41
9 42
9 43
9 44
9 45
9 53
9 57
9 61
9 63
9 66
9 70
9 75
9 78
10 11
10 12
10 14
10 15
10 16
10 18
10 19
10 21
10 22
10 23
10 25
10 27
10 28
10 32
10 34
10 35
10 41
10 42
10 44
10 46
10 48
10 49
10 50
10 52
10 55
10 61
10 62
10 67
10 68
10 71
11 12
11 13
11 14
11 15
11 16
11 17
11 19
11 20
11 22
11 23
11 25
11 26
11 29
11 31
11 32
11 34
11 38
11 43
11 44
11 49
11 54
11 55
11 59
11 61
11 63
11 65
11 66
11 70
11 71
11 73
11 75
11 76
12 13
12 14
12 15
12 17
12 19
12 22
12 23
12 24
12 34
12 36
12 38
12 43
12 46
12 48
12 51
12 63
12 66
12 74
13 14
13 15
13 16
13 20
13 25
13 33
13 35
13 37
13 40
13 44
13 48
13 56
13 59
13 62
13 66
13 74
13 79
14 15
14 18
14 20
14 22
14 23
14 24
14 25
14 26
14 27
14 28
14 30
14 34
14 36
14 37
14 41
14 43
14 55
14 64
14 67
14 71
14 73
14 74
15 16
15 17
15 21
15 26
15 32
15 33
15 39
15 71
15 78
16 17
16 18
16 19
16 22
16 24
16 27
16 31
16 35
16 42
16 44
16 45
16 46
16 47
16 50
16 53
16 56
16 58
16 60
16 67
16 69
16 71
16 75
16 76
17 18
17 19
17 20
17 27
17 31
17 36
17 37
17 39
17 41
17 45
17 46
17 56
17 58
17 59
17 60
17 70
17 72
17 77
18 20
18 22
18 23
18 24
18 27
18 29
18 31
18 33
18 35
18 36
18 43
18 44
18 54
18 57
18 60
18 62
18 63
19 22
19 30
19 31
19 32
19 41
19 50
19 53
19 55
19 58
19 66
19 77
19 78
20 25
20 28
20 38
20 39
20 56
20 61
20 63
20 66
20 68
20 71
20 75
20 79
21 22
21 24
21 25
21 26
21 33
21 40
21 42
21 43
21 49
21 51
21 57
21 61
21 76
21 79
22 27
22 29
22 30
22 32
22 40
22 44
22 48
22 50
22 51
22 54
22 55
22 65
22 68
23 24
23 26
23 32
23 33
23 47
23 49
23 51
23 53
23 68
23 74
24 29
24 31
24 32
24 36
24 39
24 52
24 56
24 62
24 67
24 71
24 77
25 27
25 28
25 35
25 47
25 49
25 50
25 72
25 78
26 31
26 37
26 42
26 57
26 65
26 76
27 29
27 33
27 38
27 41
27 42
27 49
27 51
27 60
27 67
27 69
27 70
27 77
28 30
28 34
28 36
28 39
28 43
28 46
28 47
28 48
28 50
28 52
28 72
28 73
29 50
29 51
29 54
29 64
29 78
29 79
30 39
30 54
30 64
30 65
30 66
30 74
30 76
30 77
31 32
31 36
31 40
31 59
31 67
32 34
32 37
32 45
32 52
32 53
32 69
32 70
32 71
32 72
32 73
32 76
33 35
33 60
33 64
34 39
34 47
34 74
35 43
35 46
35 59
35 75
35 79
36 37
36 45
36 48
36 57
36 59
36 73
37 55
38 39
38 42
38 49
38 59
38 62
38 67
38 69
38 72
39 53
39 58
39 61
40 54
40 61
40 65
41 49
41 50
41 60
42 68
43 45
43 55
43 56
43 65
43 70
43 78
44 55
44 61
44 62
45 59
45 70
46 52
46 57
46 61
46 72
46 75
47 54
47 62
47 64
47 69
47 70
47 71
47 78
48 52
48 53
48 63
48 73
49 50
49 55
49 63
49 69
50 51
50 52
50 58
50 63
50 68
50 78
51 53
51 72
51 74
51 77
52 58
52 68
53 57
53 73
53 74
54 56
54 64
54 65
54 78
55 56
55 57
55 77
55 79
56 74
57 63
58 67
58 77
60 77
61 76
62 66
63 64
63 75
63 76
64 79
66 70
67 73
67 76
73 78
