0 1
0 2
0 3
0 4
0 5
0 6
0 8
0 9
0 11
0 13
0 20
0 25
0 27
1 2
1 3
1 4
1 5
1 6
1 7
1 8
1 9
1 10
1 11
1 12
1 13
1 14
1 17
1 18
1 19
1 21
1 22
1 23
1 24
1 26
1 31
1 34
2 3
2 4
2 5
2 6
2 7
2 8
2 9
2 10
2 11
2 14
2 15
2 18
2 19
2 21
2 23
2 28
2 30
2 34
3 4
3 5
3 7
3 8
3 9
3 13
3 14
3 16
3 18
3 19
3 25
3 27
3 28
3 33
4 5
4 6
4 7
4 10
4 16
4 19
4 20
4 22
4 23
4 26
4 27
4 32
5 6
5 7
5 9
5 10
5 22
5 26
5 27
5 31
5 34
6 8
6 12
6 14
6 16
6 17
6 18
6 31
6 32
7 12
7 15
7 29
7 33
8 10
8 11
8 15
8 17
8 22
8 31
9 13
9 15
9 26
9 34
10 11
10 12
10 14
10 17
10 19
10 23
10 25
10 27
10 29
10 30
10 32
11 12
11 16
11 24
12 13
12 15
12 30
13 18
13 25
14 21
14 32
15 16
15 20
15 22
15 25
15 28
15 32
16 17
16 24
17 20
17 21
17 33
18 20
18 21
18 24
18 28
18 29
19 31
20 30
22 23
23 24
23 29
25 26
25 28
25 33
27 29
28 30
28 33
30 34
