0 1
0 2
0 3
0 4
0 5
0 6
0 7
0 8
0 9
0 10
0 11
0 13
0 15
0 16
0 17
0 18
0 20
0 21
0 22
0 24
0 25
0 26
0 27
0 29
0 30
0 33
0 35
0 36
0 39
0 43
0 45
1 2
1 3
1 4
1 5
1 6
1 7
1 8
1 9
1 10
1 11
1 12
1 13
1 14
1 15
1 16
1 17
1 22
1 25
1 26
1 27
1 28
1 34
1 37
1 38
1 40
1 42
1 45
1 46
2 3
2 4
2 5
2 6
2 7
2 8
2 9
2 13
2 14
2 19
2 27
2 30
2 31
2 35
2 42
2 43
2 47
2 49
3 4
3 5
3 6
3 7
3 8
3 10
3 11
3 12
3 14
3 16
3 17
3 20
3 21
3 23
3 31
3 37
3 39
3 43
3 44
3 47
4 5
4 6
4 7
4 8
4 9
4 10
4 12
4 14
4 16
4 17
4 18
4 20
4 23
4 24
4 25
4 26
4 28
4 40
4 46
5 6
5 7
5 8
5 10
5 12
5 13
5 15
5 17
5 18
5 19
5 22
5 23
5 25
5 27
5 29
5 36
5 48
6 7
6 8
6 9
6 10
6 12
6 14
6 15
6 16
6 18
6 19
6 20
6 25
6 26
6 41
6 42
6 44
6 48
7 9
7 10
7 11
7 15
7 18
7 19
7 21
7 24
7 27
7 28
7 39
7 44
7 48
8 9
8 11
8 12
8 17
8 19
8 22
8 23
8 29
8 31
8 34
8 36
8 37
8 38
8 49
9 11
9 13
9 16
9 24
9 31
9 33
9 36
9 38
9 43
10 11
10 12
10 13
10 14
10 15
10 18
10 19
10 20
10 21
10 22
10 31
10 33
10 34
10 36
10 43
10 48
11 13
11 14
11 20
11 21
11 25
11 26
11 28
11 29
11 32
11 40
11 42
11 46
12 15
12 24
12 26
12 28
12 34
12 38
12 43
12 49
13 16
13 26
13 27
13 33
14 19
14 20
14 24
14 29
14 30
14 33
14 47
14 49
15 27
15 31
15 46
16 17
16 18
16 21
16 28
16 32
16 39
16 45
17 28
17 30
17 42
18 33
18 34
18 37
18 38
18 40
18 41
18 46
19 35
19 38
19 40
19 45
20 21
20 22
20 23
20 24
20 34
20 35
20 45
21 22
21 23
21 25
21 32
21 46
21 47
22 23
22 32
22 39
22 48
24 32
24 33
25 30
25 34
25 36
25 43
25 48
25 49
26 29
26 30
26 35
27 40
27 44
28 29
28 32
28 37
28 41
28 42
28 45
29 30
29 31
29 41
29 47
30 35
30 37
30 39
30 41
30 44
30 49
31 32
32 35
32 36
32 40
32 41
32 44
32 48
32 49
33 38
33 46
35 44
36 37
36 41
37 39
40 42
40 45
45 47
46 47
