0 1
0 2
0 3
0 4
0 5
0 6
0 7
0 8
0 9
0 10
0 11
0 13
0 14
0 16
0 18
0 21
0 23
0 25
0 29
0 30
1 2
1 3
1 4
1 5
1 6
1 7
1 9
1 13
1 14
1 17
1 19
1 21
1 22
1 23
1 24
1 27
1 28
1 29
1 30
1 31
2 3
2 4
2 5
2 6
2 7
2 8
2 9
2 11
2 12
2 16
2 18
2 20
2 24
2 27
2 29
2 31
3 4
3 5
3 6
3 7
3 8
3 10
3 12
3 24
4 5
4 6
4 7
4 8
4 9
4 10
4 13
4 15
4 18
4 19
4 29
5 6
5 7
5 8
5 9
5 10
5 11
5 12
5 13
5 14
5 15
5 16
5 17
5 18
5 19
5 23
5 25
5 28
5 29
6 7
6 8
6 12
6 14
6 15
6 20
6 25
6 26
6 27
6 28
7 8
7 9
7 10
7 11
7 12
7 13
7 14
7 15
7 17
7 18
7 19
7 20
7 22
7 25
7 26
7 28
7 31
8 9
8 10
8 11
8 12
8 13
8 14
8 16
8 17
8 18
8 20
8 21
8 22
8 26
8 30
9 10
9 11
9 15
9 16
9 17
9 20
9 23
9 26
9 27
9 30
9 31
10 11
10 14
10 22
10 27
10 28
11 12
11 15
11 17
11 24
11 25
12 13
12 19
12 20
12 25
13 15
13 16
13 26
13 28
14 16
14 18
14 21
15 17
15 19
15 20
15 27
16 19
16 21
16 23
17 21
17 29
18 21
18 22
18 24
18 30
18 31
19 23
19 24
19 26
19 29
19 30
20 22
20 23
21 22
23 24
23 26
24 25
24 27
24 30
26 28
28 31
29 31
