0 1
0 2
0 3
0 4
0 5
0 10
0 16
0 19
0 20
0 28
0 34
0 39
0 41
0 42
0 43
0 49
0 59
0 70
0 78
0 80
1 2
1 3
1 4
1 5
1 7
1 8
1 9
1 14
1 15
1 17
1 19
1 20
1 26
1 27
1 28
1 31
1 32
1 43
1 44
1 45
1 46
1 54
1 59
1 65
1 72
1 74
1 82
1 89
1 94
2 3
2 4
2 5
2 6
2 7
2 8
2 10
2 11
2 12
2 13
2 14
2 55
2 63
2 66
2 67
2 70
2 73
2 75
2 92
2 94
3 4
3 5
3 6
3 8
3 11
3 12
3 16
3 18
3 21
3 26
3 28
3 33
3 45
3 46
3 47
3 48
3 53
3 55
3 59
3 61
3 62
3 69
3 78
3 79
3 88
3 94
4 6
4 13
4 16
4 27
4 34
4 35
4 37
4 39
4 42
4 60
4 62
5 6
5 7
5 8
5 9
5 10
5 11
5 14
5 18
5 21
5 22
5 31
5 60
5 71
5 76
5 84
5 92
6 7
6 10
6 11
6 12
6 13
6 15
6 20
6 30
6 31
6 38
6 39
6 47
6 50
6 59
6 63
6 74
6 84
6 85
6 91
7 9
7 14
7 15
7 18
7 23
7 25
7 27
7 29
7 31
7 40
7 48
7 52
7 67
7 68
8 9
8 12
8 13
8 22
8 26
8 33
8 44
8 45
8 67
8 80
8 84
8 91
9 17
9 19
9 20
9 24
9 34
9 47
9 49
9 51
9 66
9 71
9 87
9 89
10 24
10 29
10 35
10 83
10 93
11 16
11 19
11 25
11 36
11 38
11 50
11 53
11 57
11 61
11 71
11 79
11 92
11 94
13 15
13 17
13 22
13 23
13 27
13 29
13 30
13 48
13 49
13 51
13 55
13 73
13 77
13 79
14 17
14 21
14 32
14 33
14 44
15 18
15 22
15 39
15 50
16 24
16 25
16 41
16 73
16 81
17 23
17 28
17 30
17 33
17 36
17 37
17 42
17 53
17 56
17 60
17 72
17 86
18 35
18 36
18 37
18 66
18 78
19 21
19 23
20 30
20 45
20 49
20 73
20 79
20 83
21 24
21 26
21 35
21 47
21 69
21 76
21 91
22 58
22 61
23 38
23 68
24 25
24 36
24 38
24 40
24 76
24 77
24 86
24 88
24 90
24 91
25 32
25 46
25 52
25 69
25 71
25 75
26 29
26 34
27 41
27 53
27 56
27 62
27 64
28 51
28 61
28 72
28 85
29 37
29 68
30 32
30 40
30 63
30 65
30 80
31 42
31 48
31 58
31 85
31 90
32 82
33 40
33 41
33 57
33 67
33 69
33 87
34 75
34 93
35 50
35 51
35 77
35 84
35 86
36 52
36 56
36 74
37 54
38 44
38 54
38 68
38 72
39 43
39 46
39 55
39 57
39 60
39 63
39 64
39 65
39 83
39 85
39 87
40 43
40 93
41 70
41 90
43 74
44 52
44 66
45 80
46 81
47 54
47 58
47 89
48 58
49 70
49 78
50 75
51 62
51 76
54 57
54 83
55 56
55 65
57 92
58 81
59 64
60 64
60 93
64 82
66 82
66 86
67 77
69 87
71 81
71 88
78 89
85 88
89 90
