0 1
0 2
0 3
0 4
0 5
0 6
0 7
0 8
0 9
0 10
0 11
0 12
0 13
0 14
0 15
0 16
0 17
0 18
0 19
0 20
0 21
0 22
0 23
0 24
0 25
0 26
0 27
0 28
0 29
0 30
0 31
0 32
0 33
0 34
0 35
0 36
0 37
0 38
0 39
0 41
0 43
0 44
0 45
0 46
0 48
0 49
0 50
0 51
0 57
0 64
0 65
0 67
0 70
0 71
0 72
0 73
0 74
0 76
0 84
0 85
0 87
0 89
0 90
0 91
0 93
0 97
0 98
0 100
0 102
0 104
0 107
0 114
0 117
0 118
0 121
0 125
0 127
0 128
0 137
0 148
0 151
0 154
0 157
0 159
0 170
0 171
0 174
0 180
0 185
0 187
0 195
0 198
0 202
0 210
0 211
0 212
0 216
0 218
0 220
0 221
0 222
0 223
0 224
0 233
0 246
1 2
1 3
1 4
1 5
1 6
1 7
1 8
1 9
1 10
1 11
1 12
1 13
1 14
1 15
1 16
1 17
1 18
1 19
1 20
1 21
1 22
1 23
1 24
1 25
1 26
1 27
1 28
1 29
1 30
1 31
1 32
1 33
1 34
1 35
1 36
1 37
1 38
1 39
1 40
1 41
1 42
1 44
1 46
1 47
1 48
1 49
1 50
1 52
1 53
1 54
1 56
1 59
1 62
1 63
1 64
1 66
1 68
1 70
1 72
1 73
1 74
1 77
1 78
1 80
1 81
1 83
1 86
1 88
1 89
1 90
1 97
1 98
1 103
1 104
1 110
1 112
1 113
1 116
1 117
1 118
1 120
1 124
1 125
1 134
1 139
1 142
1 145
1 148
1 151
1 156
1 159
1 160
1 161
1 170
1 172
1 174
1 176
1 177
1 191
1 192
1 193
1 195
1 200
1 206
1 208
1 217
1 224
1 226
1 228
1 233
1 236
1 243
1 245
2 3
2 4
2 5
2 6
2 7
2 8
2 9
2 10
2 11
2 12
2 13
2 14
2 15
2 16
2 17
2 18
2 19
2 20
2 21
2 22
2 23
2 24
2 25
2 26
2 27
2 28
2 29
2 30
2 31
2 32
2 33
2 34
2 36
2 37
2 38
2 40
2 41
2 42
2 44
2 46
2 47
2 48
2 49
2 50
2 52
2 55
2 57
2 58
2 60
2 61
2 62
2 63
2 66
2 67
2 68
2 73
2 76
2 79
2 80
2 81
2 82
2 90
2 92
2 94
2 98
2 102
2 107
2 110
2 117
2 119
2 124
2 125
2 136
2 139
2 140
2 151
2 154
2 158
2 159
2 162
2 163
2 166
2 167
2 168
2 175
2 187
2 190
2 202
2 203
2 219
2 228
2 234
2 238
2 239
3 4
3 5
3 6
3 7
3 8
3 9
3 10
3 11
3 12
3 13
3 14
3 15
3 16
3 17
3 18
3 19
3 20
3 21
3 22
3 23
3 24
3 25
3 26
3 27
3 28
3 29
3 30
3 31
3 32
3 33
3 34
3 36
3 37
3 38
3 40
3 41
3 42
3 43
3 44
3 45
3 46
3 47
3 48
3 49
3 53
3 55
3 58
3 59
3 60
3 61
3 62
3 63
3 64
3 65
3 66
3 69
3 70
3 73
3 74
3 76
3 77
3 78
3 79
3 80
3 82
3 83
3 84
3 85
3 87
3 94
3 99
3 100
3 103
3 106
3 108
3 110
3 112
3 115
3 117
3 118
3 119
3 120
3 124
3 126
3 127
3 129
3 131
3 132
3 134
3 137
3 139
3 140
3 147
3 150
3 151
3 154
3 162
3 169
3 175
3 176
3 181
3 182
3 183
3 184
3 186
3 189
3 193
3 199
3 200
3 211
3 214
3 223
3 227
3 243
4 5
4 6
4 7
4 8
4 9
4 10
4 11
4 12
4 13
4 14
4 15
4 16
4 17
4 18
4 19
4 20
4 21
4 22
4 23
4 24
4 25
4 26
4 27
4 28
4 29
4 30
4 31
4 32
4 33
4 34
4 35
4 37
4 38
4 41
4 45
4 46
4 49
4 51
4 52
4 53
4 55
4 57
4 60
4 61
4 63
4 66
4 67
4 68
4 70
4 72
4 74
4 75
4 91
4 92
4 93
4 97
4 99
4 100
4 103
4 107
4 108
4 110
4 112
4 113
4 118
4 119
4 120
4 130
4 134
4 146
4 147
4 157
4 159
4 176
4 177
4 185
4 197
4 202
4 205
4 213
4 215
4 224
4 230
4 233
4 236
4 237
4 249
5 6
5 7
5 8
5 9
5 10
5 11
5 12
5 13
5 14
5 15
5 16
5 17
5 18
5 19
5 20
5 21
5 22
5 23
5 24
5 25
5 26
5 27
5 28
5 29
5 30
5 31
5 32
5 33
5 34
5 35
5 37
5 39
5 42
5 45
5 46
5 48
5 49
5 52
5 53
5 56
5 58
5 59
5 60
5 65
5 68
5 72
5 74
5 77
5 79
5 81
5 82
5 83
5 84
5 89
5 100
5 102
5 109
5 118
5 120
5 121
5 123
5 128
5 130
5 131
5 132
5 134
5 137
5 138
5 140
5 141
5 143
5 149
5 157
5 177
5 178
5 179
5 186
5 188
5 191
5 197
5 198
5 199
5 203
5 205
5 213
5 249
6 7
6 8
6 9
6 10
6 11
6 12
6 13
6 14
6 15
6 16
6 17
6 18
6 19
6 20
6 21
6 22
6 23
6 24
6 25
6 26
6 27
6 28
6 29
6 30
6 31
6 32
6 33
6 36
6 37
6 38
6 39
6 40
6 41
6 42
6 43
6 44
6 45
6 48
6 49
6 50
6 51
6 52
6 54
6 55
6 56
6 57
6 58
6 59
6 60
6 63
6 66
6 69
6 70
6 73
6 75
6 76
6 78
6 80
6 81
6 82
6 83
6 84
6 85
6 86
6 88
6 93
6 94
6 95
6 96
6 101
6 102
6 104
6 105
6 107
6 111
6 112
6 116
6 121
6 122
6 128
6 131
6 134
6 140
6 143
6 145
6 148
6 152
6 153
6 155
6 156
6 162
6 169
6 170
6 172
6 174
6 179
6 182
6 185
6 187
6 191
6 192
6 195
6 196
6 198
6 199
6 202
6 204
6 205
6 209
6 210
6 213
6 214
6 216
6 217
6 220
6 221
6 225
6 226
6 227
6 228
6 230
6 233
6 235
6 237
6 248
7 8
7 9
7 10
7 11
7 12
7 13
7 14
7 15
7 16
7 17
7 18
7 19
7 20
7 21
7 22
7 23
7 24
7 25
7 26
7 27
7 28
7 29
7 30
7 31
7 32
7 34
7 35
7 36
7 37
7 38
7 40
7 41
7 42
7 44
7 45
7 46
7 48
7 49
7 51
7 54
7 60
7 61
7 62
7 64
7 65
7 66
7 68
7 69
7 72
7 75
7 79
7 81
7 84
7 87
7 89
7 90
7 100
7 102
7 105
7 109
7 110
7 115
7 122
7 123
7 127
7 134
7 135
7 136
7 137
7 139
7 145
7 146
7 151
7 155
7 157
7 160
7 162
7 165
7 166
7 171
7 174
7 180
7 184
7 192
7 193
7 199
7 203
7 208
7 215
7 216
7 217
7 218
7 219
7 226
7 229
7 244
7 248
7 249
8 9
8 10
8 11
8 12
8 13
8 14
8 15
8 16
8 17
8 18
8 19
8 20
8 21
8 22
8 23
8 24
8 25
8 26
8 27
8 28
8 29
8 30
8 32
8 33
8 34
8 35
8 36
8 40
8 41
8 42
8 43
8 47
8 48
8 49
8 50
8 51
8 52
8 54
8 55
8 58
8 60
8 61
8 63
8 67
8 68
8 71
8 75
8 77
8 78
8 81
8 85
8 89
8 92
8 93
8 102
8 107
8 109
8 110
8 111
8 113
8 114
8 115
8 116
8 118
8 125
8 129
8 131
8 132
8 137
8 138
8 139
8 140
8 141
8 151
8 159
8 170
8 178
8 179
8 183
8 187
8 192
8 198
8 199
8 201
8 206
8 207
8 210
8 213
8 216
8 223
8 224
8 232
8 234
8 241
8 243
9 10
9 11
9 12
9 13
9 14
9 15
9 16
9 17
9 18
9 19
9 20
9 21
9 22
9 23
9 24
9 25
9 26
9 27
9 28
9 29
9 30
9 31
9 32
9 33
9 34
9 35
9 36
9 37
9 38
9 40
9 42
9 43
9 44
9 45
9 46
9 49
9 50
9 54
9 55
9 56
9 57
9 59
9 62
9 64
9 66
9 67
9 72
9 73
9 74
9 77
9 78
9 80
9 82
9 83
9 87
9 88
9 91
9 94
9 97
9 100
9 101
9 106
9 109
9 110
9 111
9 115
9 120
9 121
9 122
9 123
9 124
9 125
9 128
9 138
9 145
9 146
9 147
9 150
9 152
9 154
9 161
9 162
9 163
9 164
9 170
9 176
9 180
9 183
9 189
9 194
9 198
9 202
9 212
9 214
9 220
9 224
9 227
10 11
10 12
10 13
10 14
10 15
10 16
10 17
10 18
10 19
10 20
10 21
10 22
10 23
10 24
10 25
10 26
10 27
10 28
10 29
10 30
10 31
10 32
10 33
10 34
10 35
10 36
10 37
10 38
10 39
10 40
10 41
10 42
10 43
10 45
10 46
10 47
10 48
10 51
10 52
10 54
10 55
10 58
10 59
10 61
10 64
10 65
10 66
10 67
10 69
10 72
10 76
10 77
10 78
10 79
10 80
10 83
10 84
10 86
10 90
10 93
10 95
10 96
10 99
10 101
10 102
10 105
10 106
10 107
10 108
10 109
10 114
10 118
10 119
10 125
10 129
10 130
10 131
10 132
10 135
10 139
10 147
10 148
10 149
10 150
10 152
10 155
10 156
10 157
10 164
10 166
10 167
10 168
10 169
10 173
10 177
10 178
10 184
10 186
10 188
10 197
10 209
10 218
10 219
10 221
10 222
10 229
10 231
10 234
10 235
10 236
10 242
10 246
10 248
11 12
11 13
11 14
11 15
11 16
11 17
11 18
11 19
11 20
11 21
11 22
11 23
11 24
11 25
11 26
11 27
11 28
11 29
11 30
11 31
11 32
11 34
11 35
11 38
11 40
11 43
11 44
11 45
11 46
11 47
11 48
11 50
11 54
11 57
11 58
11 60
11 62
11 65
11 66
11 67
11 69
11 71
11 72
11 73
11 74
11 75
11 77
11 79
11 82
11 83
11 84
11 87
11 90
11 92
11 95
11 96
11 97
11 98
11 101
11 104
11 107
11 109
11 111
11 114
11 115
11 119
11 121
11 124
11 132
11 137
11 138
11 139
11 145
11 149
11 152
11 156
11 168
11 170
11 176
11 185
11 187
11 191
11 205
11 208
11 209
11 210
11 216
11 219
11 226
11 235
11 238
11 241
11 244
12 13
12 14
12 15
12 16
12 17
12 18
12 19
12 20
12 21
12 22
12 23
12 24
12 25
12 26
12 27
12 28
12 29
12 30
12 31
12 32
12 33
12 34
12 35
12 36
12 38
12 39
12 40
12 42
12 43
12 50
12 51
12 52
12 53
12 54
12 56
12 57
12 61
12 63
12 64
12 67
12 68
12 70
12 72
12 73
12 74
12 75
12 76
12 78
12 80
12 81
12 85
12 88
12 89
12 91
12 92
12 93
12 94
12 95
12 96
12 99
12 104
12 110
12 111
12 112
12 115
12 120
12 121
12 123
12 124
12 126
12 128
12 134
12 136
12 137
12 138
12 140
12 146
12 147
12 148
12 150
12 156
12 158
12 160
12 171
12 173
12 176
12 177
12 178
12 181
12 185
12 187
12 196
12 197
12 205
12 206
12 209
12 212
12 216
12 220
12 226
12 227
12 229
12 232
12 235
12 242
12 243
12 244
12 249
13 14
13 15
13 16
13 17
13 18
13 19
13 20
13 21
13 22
13 23
13 24
13 25
13 26
13 27
13 28
13 29
13 30
13 31
13 32
13 34
13 35
13 37
13 39
13 40
13 42
13 43
13 44
13 45
13 47
13 49
13 51
13 53
13 54
13 55
13 56
13 58
13 59
13 60
13 61
13 63
13 64
13 65
13 66
13 70
13 72
13 73
13 74
13 76
13 78
13 81
13 82
13 85
13 86
13 87
13 88
13 89
13 90
13 92
13 93
13 96
13 97
13 98
13 101
13 103
13 107
13 108
13 112
13 113
13 115
13 116
13 119
13 121
13 122
13 126
13 128
13 130
13 141
13 142
13 144
13 152
13 153
13 154
13 158
13 160
13 162
13 167
13 172
13 177
13 180
13 184
13 185
13 186
13 189
13 192
13 193
13 194
13 196
13 203
13 207
13 208
13 209
13 210
13 212
13 215
13 222
13 230
13 231
13 237
13 238
13 242
13 245
14 15
14 16
14 17
14 18
14 19
14 20
14 21
14 22
14 23
14 24
14 25
14 26
14 27
14 28
14 29
14 30
14 32
14 33
14 34
14 35
14 36
14 37
14 38
14 39
14 41
14 42
14 43
14 44
14 47
14 50
14 52
14 53
14 54
14 56
14 58
14 59
14 60
14 64
14 66
14 69
14 70
14 75
14 76
14 77
14 78
14 80
14 81
14 83
14 86
14 89
14 91
14 92
14 95
14 99
14 105
14 108
14 110
14 111
14 114
14 115
14 123
14 126
14 141
14 142
14 144
14 145
14 146
14 147
14 148
14 149
14 150
14 151
14 157
14 161
14 166
14 167
14 168
14 172
14 173
14 177
14 180
14 184
14 186
14 192
14 193
14 196
14 199
14 200
14 205
14 211
14 214
14 216
14 217
14 218
14 219
14 222
14 242
14 243
14 244
14 245
15 16
15 17
15 18
15 19
15 20
15 21
15 22
15 23
15 24
15 25
15 26
15 27
15 28
15 29
15 30
15 31
15 32
15 33
15 34
15 36
15 37
15 38
15 39
15 40
15 42
15 43
15 44
15 46
15 47
15 49
15 50
15 51
15 52
15 55
15 56
15 57
15 58
15 60
15 62
15 63
15 64
15 66
15 71
15 72
15 74
15 76
15 80
15 83
15 86
15 87
15 90
15 91
15 92
15 96
15 97
15 98
15 99
15 102
15 105
15 109
15 112
15 113
15 114
15 117
15 118
15 119
15 121
15 124
15 128
15 129
15 130
15 131
15 133
15 135
15 136
15 142
15 143
15 144
15 145
15 148
15 151
15 152
15 157
15 158
15 159
15 164
15 166
15 174
15 176
15 177
15 186
15 187
15 190
15 194
15 198
15 199
15 208
15 216
15 220
15 222
15 223
15 225
15 227
15 235
15 237
15 244
15 245
15 248
16 17
16 18
16 19
16 20
16 21
16 22
16 23
16 24
16 25
16 26
16 27
16 28
16 29
16 30
16 31
16 32
16 33
16 35
16 36
16 37
16 38
16 39
16 40
16 41
16 42
16 43
16 45
16 47
16 48
16 49
16 50
16 54
16 56
16 60
16 62
16 63
16 65
16 68
16 69
16 71
16 73
16 78
16 85
16 87
16 88
16 92
16 106
16 107
16 110
16 111
16 113
16 114
16 122
16 123
16 124
16 125
16 126
16 134
16 136
16 140
16 141
16 143
16 145
16 146
16 147
16 151
16 153
16 156
16 157
16 159
16 161
16 162
16 173
16 175
16 176
16 178
16 182
16 193
16 194
16 199
16 200
16 205
16 206
16 211
16 221
16 222
16 223
16 231
16 238
16 240
16 247
17 18
17 19
17 20
17 21
17 22
17 23
17 24
17 25
17 26
17 27
17 28
17 29
17 30
17 31
17 32
17 33
17 34
17 35
17 36
17 37
17 38
17 39
17 40
17 41
17 42
17 44
17 46
17 47
17 48
17 50
17 52
17 53
17 54
17 55
17 59
17 61
17 62
17 67
17 68
17 69
17 70
17 71
17 72
17 79
17 80
17 81
17 87
17 89
17 91
17 92
17 93
17 94
17 96
17 101
17 103
17 108
17 112
17 113
17 118
17 122
17 126
17 128
17 133
17 134
17 136
17 138
17 143
17 147
17 150
17 152
17 153
17 154
17 155
17 160
17 163
17 170
17 173
17 178
17 180
17 182
17 184
17 187
17 192
17 194
17 198
17 202
17 205
17 207
17 226
17 227
17 230
17 237
17 238
17 240
18 19
18 20
18 21
18 22
18 23
18 24
18 25
18 26
18 27
18 28
18 29
18 30
18 31
18 32
18 33
18 34
18 35
18 37
18 38
18 39
18 40
18 41
18 43
18 44
18 45
18 46
18 47
18 48
18 49
18 50
18 51
18 56
18 57
18 58
18 60
18 61
18 62
18 63
18 64
18 70
18 71
18 72
18 75
18 85
18 87
18 90
18 94
18 96
18 97
18 106
18 110
18 111
18 112
18 114
18 118
18 122
18 123
18 124
18 125
18 126
18 127
18 128
18 132
18 133
18 136
18 137
18 140
18 143
18 144
18 145
18 148
18 149
18 152
18 153
18 156
18 157
18 159
18 162
18 164
18 166
18 171
18 172
18 173
18 174
18 178
18 182
18 184
18 188
18 189
18 191
18 193
18 194
18 201
18 202
18 203
18 206
18 208
18 209
18 213
18 214
18 216
18 217
18 218
18 221
18 222
18 223
18 233
18 234
18 235
18 239
18 240
18 241
19 20
19 21
19 22
19 23
19 24
19 25
19 26
19 27
19 28
19 29
19 30
19 31
19 32
19 33
19 34
19 35
19 37
19 38
19 39
19 40
19 41
19 45
19 46
19 47
19 48
19 49
19 57
19 59
19 62
19 64
19 67
19 69
19 70
19 77
19 87
19 88
19 90
19 91
19 94
19 95
19 103
19 104
19 106
19 107
19 108
19 109
19 111
19 113
19 119
19 125
19 126
19 129
19 133
19 136
19 139
19 140
19 141
19 142
19 146
19 154
19 161
19 166
19 168
19 175
19 183
19 189
19 190
19 195
19 196
19 197
19 200
19 207
19 216
19 221
19 229
19 235
19 238
19 239
19 242
19 248
20 21
20 22
20 23
20 24
20 25
20 26
20 27
20 28
20 29
20 30
20 31
20 32
20 33
20 35
20 36
20 37
20 38
20 39
20 41
20 42
20 44
20 47
20 48
20 53
20 55
20 57
20 58
20 62
20 63
20 69
20 74
20 75
20 76
20 77
20 78
20 79
20 80
20 81
20 85
20 86
20 88
20 93
20 94
20 98
20 101
20 103
20 112
20 114
20 118
20 119
20 127
20 132
20 137
20 142
20 143
20 149
20 154
20 156
20 158
20 166
20 167
20 172
20 185
20 189
20 190
20 191
20 192
20 195
20 196
20 201
20 207
20 208
20 212
20 215
20 217
20 218
20 219
20 220
20 222
20 227
20 229
20 231
20 241
20 243
20 247
20 248
21 22
21 23
21 24
21 25
21 26
21 27
21 28
21 29
21 30
21 31
21 32
21 33
21 34
21 35
21 36
21 38
21 39
21 40
21 41
21 42
21 43
21 44
21 45
21 47
21 48
21 51
21 52
21 53
21 54
21 55
21 56
21 58
21 59
21 61
21 62
21 63
21 64
21 66
21 67
21 68
21 74
21 76
21 78
21 79
21 83
21 84
21 86
21 87
21 89
21 91
21 93
21 95
21 96
21 97
21 99
21 101
21 103
21 106
21 108
21 114
21 115
21 125
21 129
21 133
21 134
21 139
21 140
21 141
21 142
21 148
21 153
21 160
21 164
21 167
21 169
21 171
21 175
21 176
21 179
21 182
21 183
21 184
21 185
21 188
21 189
21 191
21 202
21 208
21 210
21 213
21 219
21 221
21 234
21 236
21 237
21 240
21 241
21 242
21 243
21 244
21 247
22 23
22 24
22 25
22 26
22 27
22 28
22 29
22 30
22 31
22 33
22 34
22 35
22 36
22 37
22 38
22 40
22 41
22 45
22 46
22 47
22 48
22 49
22 53
22 55
22 56
22 57
22 58
22 60
22 62
22 67
22 68
22 74
22 77
22 78
22 79
22 80
22 81
22 82
22 86
22 87
22 88
22 93
22 98
22 101
22 105
22 106
22 108
22 109
22 113
22 116
22 117
22 123
22 125
22 127
22 130
22 132
22 134
22 148
22 162
22 165
22 171
22 172
22 178
22 182
22 185
22 191
22 193
22 195
22 201
22 202
22 208
22 213
22 215
22 225
22 227
22 230
22 232
22 234
22 236
22 242
22 246
23 24
23 25
23 26
23 27
23 28
23 29
23 30
23 31
23 32
23 33
23 34
23 35
23 37
23 38
23 39
23 40
23 41
23 43
23 44
23 45
23 46
23 47
23 48
23 51
23 53
23 54
23 56
23 58
23 59
23 61
23 63
23 65
23 67
23 69
23 70
23 73
23 75
23 78
23 80
23 81
23 82
23 85
23 90
23 93
23 95
23 96
23 98
23 100
23 101
23 102
23 103
23 105
23 106
23 107
23 108
23 114
23 115
23 118
23 119
23 125
23 126
23 128
23 130
23 131
23 132
23 136
23 137
23 143
23 144
23 146
23 147
23 149
23 152
23 157
23 161
23 162
23 165
23 173
23 179
23 186
23 188
23 196
23 198
23 200
23 201
23 203
23 211
23 216
23 217
23 222
23 223
23 230
23 231
23 239
23 241
23 245
23 248
24 25
24 26
24 27
24 28
24 29
24 30
24 31
24 33
24 34
24 36
24 37
24 39
24 42
24 43
24 44
24 46
24 47
24 48
24 50
24 52
24 53
24 54
24 56
24 57
24 60
24 61
24 62
24 63
24 64
24 65
24 66
24 67
24 69
24 71
24 74
24 76
24 81
24 83
24 84
24 87
24 89
24 92
24 93
24 95
24 97
24 98
24 100
24 107
24 113
24 118
24 119
24 123
24 127
24 128
24 131
24 135
24 139
24 143
24 144
24 147
24 149
24 150
24 152
24 154
24 157
24 166
24 168
24 170
24 175
24 176
24 177
24 178
24 181
24 182
24 183
24 184
24 191
24 197
24 198
24 199
24 200
24 205
24 207
24 209
24 211
24 213
24 214
24 239
24 241
24 248
25 26
25 27
25 28
25 29
25 30
25 31
25 32
25 34
25 35
25 36
25 38
25 39
25 41
25 43
25 44
25 45
25 46
25 48
25 51
25 54
25 55
25 56
25 59
25 61
25 62
25 65
25 67
25 68
25 70
25 72
25 74
25 75
25 76
25 78
25 79
25 81
25 84
25 85
25 86
25 88
25 102
25 103
25 105
25 108
25 118
25 129
25 132
25 133
25 137
25 139
25 152
25 153
25 158
25 159
25 160
25 163
25 166
25 170
25 175
25 181
25 184
25 192
25 194
25 195
25 199
25 203
25 218
25 222
25 232
25 242
25 244
26 27
26 28
26 29
26 30
26 31
26 32
26 33
26 34
26 35
26 36
26 37
26 40
26 41
26 42
26 43
26 45
26 46
26 50
26 53
26 55
26 57
26 58
26 59
26 61
26 63
26 64
26 65
26 66
26 69
26 70
26 75
26 78
26 80
26 81
26 82
26 84
26 85
26 92
26 93
26 95
26 98
26 100
26 101
26 102
26 104
26 106
26 112
26 113
26 118
26 120
26 122
26 125
26 129
26 140
26 141
26 143
26 144
26 148
26 149
26 153
26 156
26 160
26 164
26 165
26 167
26 169
26 170
26 173
26 174
26 177
26 180
26 182
26 183
26 193
26 198
26 199
26 208
26 209
26 213
26 218
26 222
26 225
26 242
26 246
26 247
27 28
27 29
27 30
27 31
27 32
27 33
27 34
27 35
27 36
27 37
27 39
27 41
27 42
27 44
27 45
27 46
27 47
27 50
27 51
27 53
27 57
27 58
27 61
27 62
27 68
27 69
27 70
27 71
27 74
27 77
27 80
27 81
27 82
27 84
27 85
27 86
27 89
27 90
27 91
27 92
27 96
27 99
27 100
27 101
27 104
27 106
27 114
27 116
27 118
27 120
27 122
27 123
27 125
27 127
27 129
27 131
27 133
27 137
27 139
27 142
27 143
27 144
27 146
27 150
27 154
27 156
27 162
27 166
27 174
27 180
27 181
27 185
27 186
27 188
27 204
27 206
27 213
27 216
27 219
27 220
27 224
27 228
27 231
27 232
27 236
27 237
27 238
27 239
27 246
27 249
28 29
28 31
28 33
28 35
28 36
28 37
28 38
28 39
28 40
28 41
28 42
28 43
28 44
28 45
28 46
28 47
28 50
28 51
28 52
28 53
28 56
28 57
28 58
28 62
28 63
28 64
28 65
28 66
28 72
28 76
28 82
28 83
28 84
28 91
28 93
28 96
28 106
28 111
28 118
28 120
28 123
28 124
28 127
28 134
28 145
28 146
28 150
28 153
28 161
28 168
28 169
28 175
28 179
28 188
28 194
28 197
28 198
28 205
28 216
28 229
28 233
28 237
28 242
28 243
28 249
29 30
29 31
29 32
29 33
29 34
29 35
29 36
29 37
29 38
29 39
29 40
29 41
29 42
29 43
29 47
29 48
29 49
29 50
29 51
29 53
29 55
29 56
29 57
29 61
29 65
29 66
29 71
29 73
29 75
29 77
29 80
29 83
29 85
29 87
29 88
29 92
29 94
29 95
29 96
29 101
29 106
29 108
29 113
29 116
29 123
29 127
29 131
29 136
29 143
29 144
29 147
29 155
29 157
29 163
29 165
29 172
29 177
29 182
29 183
29 186
29 193
29 195
29 197
29 200
29 207
29 208
29 209
29 214
29 219
29 242
29 244
30 31
30 32
30 33
30 34
30 35
30 36
30 37
30 38
30 39
30 43
30 46
30 47
30 49
30 50
30 51
30 52
30 54
30 59
30 60
30 61
30 65
30 66
30 67
30 68
30 72
30 73
30 75
30 77
30 79
30 82
30 83
30 84
30 90
30 91
30 92
30 95
30 96
30 97
30 99
30 102
30 104
30 108
30 109
30 111
30 114
30 115
30 117
30 118
30 123
30 124
30 127
30 130
30 131
30 132
30 134
30 136
30 138
30 139
30 143
30 145
30 148
30 149
30 154
30 156
30 163
30 166
30 168
30 169
30 171
30 172
30 175
30 178
30 179
30 180
30 181
30 191
30 192
30 195
30 198
30 203
30 210
30 212
30 214
30 216
30 217
30 223
30 230
30 232
30 244
30 246
31 32
31 33
31 34
31 35
31 36
31 37
31 39
31 40
31 41
31 42
31 44
31 45
31 47
31 48
31 49
31 52
31 54
31 55
31 56
31 59
31 61
31 65
31 67
31 69
31 76
31 79
31 82
31 85
31 86
31 88
31 90
31 93
31 97
31 100
31 101
31 103
31 106
31 111
31 114
31 115
31 122
31 123
31 126
31 127
31 136
31 137
31 138
31 141
31 142
31 143
31 146
31 150
31 153
31 154
31 155
31 156
31 161
31 162
31 164
31 168
31 170
31 177
31 179
31 188
31 192
31 196
31 200
31 201
31 212
31 215
31 216
31 217
31 219
31 220
31 222
31 225
31 229
31 236
31 237
31 238
32 33
32 34
32 35
32 36
32 38
32 39
32 41
32 42
32 43
32 46
32 47
32 48
32 49
32 50
32 52
32 55
32 57
32 59
32 62
32 63
32 65
32 71
32 72
32 75
32 76
32 78
32 79
32 82
32 86
32 90
32 91
32 93
32 94
32 95
32 97
32 98
32 99
32 104
32 105
32 110
32 111
32 112
32 113
32 115
32 121
32 123
32 125
32 130
32 135
32 138
32 144
32 145
32 147
32 148
32 154
32 160
32 162
32 163
32 166
32 170
32 172
32 187
32 188
32 189
32 197
32 204
32 205
32 210
32 217
32 221
32 224
32 225
32 226
32 227
32 230
32 231
32 232
32 243
32 246
32 249
33 35
33 36
33 39
33 40
33 41
33 44
33 46
33 49
33 51
33 53
33 55
33 56
33 57
33 60
33 61
33 64
33 65
33 67
33 68
33 70
33 72
33 73
33 74
33 75
33 76
33 77
33 78
33 80
33 81
33 82
33 83
33 85
33 89
33 91
33 95
33 96
33 97
33 99
33 106
33 107
33 108
33 114
33 115
33 116
33 117
33 119
33 123
33 126
33 127
33 129
33 132
33 136
33 138
33 141
33 143
33 145
33 146
33 147
33 151
33 152
33 158
33 159
33 160
33 163
33 164
33 168
33 170
33 176
33 178
33 180
33 182
33 184
33 186
33 187
33 191
33 193
33 203
33 205
33 206
33 212
33 213
33 219
33 220
33 226
33 231
33 233
33 237
33 238
33 240
33 242
33 247
33 249
34 36
34 39
34 40
34 41
34 43
34 44
34 46
34 48
34 49
34 50
34 51
34 53
34 54
34 56
34 62
34 63
34 64
34 68
34 69
34 72
34 78
34 80
34 82
34 86
34 89
34 90
34 92
34 93
34 94
34 95
34 103
34 105
34 107
34 108
34 110
34 111
34 114
34 117
34 121
34 122
34 124
34 128
34 129
34 134
34 141
34 142
34 147
34 148
34 151
34 155
34 157
34 158
34 163
34 181
34 182
34 183
34 184
34 187
34 188
34 190
34 205
34 211
34 216
34 222
34 224
34 226
34 243
35 36
35 37
35 38
35 41
35 42
35 45
35 47
35 49
35 51
35 54
35 56
35 60
35 61
35 62
35 64
35 65
35 66
35 67
35 68
35 70
35 73
35 75
35 77
35 79
35 81
35 83
35 85
35 92
35 97
35 98
35 99
35 100
35 102
35 103
35 104
35 111
35 112
35 114
35 115
35 116
35 124
35 126
35 129
35 138
35 144
35 148
35 158
35 161
35 164
35 173
35 176
35 177
35 183
35 194
35 197
35 199
35 201
35 208
35 211
35 212
35 213
35 225
35 227
35 229
35 230
35 241
35 248
36 37
36 38
36 39
36 40
36 43
36 44
36 48
36 52
36 53
36 54
36 55
36 57
36 58
36 61
36 62
36 64
36 65
36 70
36 71
36 74
36 77
36 80
36 85
36 87
36 93
36 94
36 97
36 98
36 101
36 103
36 108
36 111
36 112
36 115
36 116
36 117
36 120
36 121
36 126
36 132
36 135
36 136
36 137
36 138
36 144
36 145
36 146
36 158
36 163
36 171
36 172
36 175
36 180
36 181
36 182
36 185
36 188
36 195
36 201
36 203
36 206
36 207
36 216
36 218
36 220
36 229
36 230
36 234
36 237
36 238
37 38
37 39
37 40
37 42
37 43
37 44
37 45
37 47
37 49
37 50
37 51
37 52
37 55
37 59
37 60
37 61
37 63
37 66
37 67
37 69
37 74
37 75
37 78
37 79
37 80
37 83
37 84
37 85
37 91
37 93
37 97
37 98
37 102
37 104
37 106
37 108
37 114
37 119
37 130
37 132
37 135
37 137
37 142
37 143
37 144
37 145
37 146
37 152
37 154
37 161
37 162
37 167
37 168
37 172
37 173
37 178
37 185
37 188
37 194
37 196
37 197
37 199
37 209
37 223
37 227
37 229
37 232
37 235
37 247
38 39
38 40
38 42
38 44
38 45
38 48
38 50
38 51
38 52
38 54
38 55
38 57
38 58
38 60
38 61
38 62
38 67
38 69
38 70
38 71
38 72
38 74
38 77
38 78
38 81
38 82
38 94
38 96
38 97
38 98
38 103
38 108
38 115
38 119
38 120
38 127
38 140
38 143
38 148
38 151
38 153
38 156
38 163
38 175
38 183
38 184
38 185
38 188
38 191
38 201
38 215
38 218
38 221
38 225
38 229
38 231
39 40
39 43
39 44
39 47
39 51
39 54
39 55
39 56
39 57
39 58
39 59
39 60
39 63
39 67
39 69
39 70
39 80
39 81
39 83
39 86
39 88
39 90
39 95
39 99
39 101
39 104
39 106
39 111
39 112
39 113
39 116
39 118
39 123
39 126
39 127
39 132
39 135
39 137
39 138
39 139
39 143
39 153
39 154
39 166
39 170
39 175
39 177
39 178
39 181
39 182
39 183
39 186
39 198
39 200
39 206
39 218
39 220
39 224
39 228
39 241
39 243
40 41
40 42
40 43
40 45
40 48
40 49
40 51
40 52
40 53
40 54
40 58
40 59
40 63
40 67
40 69
40 71
40 72
40 73
40 74
40 76
40 77
40 79
40 82
40 84
40 95
40 97
40 101
40 103
40 105
40 107
40 110
40 111
40 112
40 113
40 114
40 116
40 123
40 126
40 128
40 135
40 140
40 141
40 143
40 153
40 159
40 164
40 167
40 176
40 185
40 200
40 204
40 209
40 211
40 213
40 216
40 220
40 221
40 222
40 226
40 248
41 42
41 43
41 44
41 45
41 49
41 51
41 52
41 53
41 56
41 58
41 59
41 66
41 68
41 70
41 75
41 81
41 84
41 87
41 89
41 94
41 110
41 114
41 118
41 130
41 132
41 135
41 136
41 138
41 143
41 146
41 148
41 154
41 157
41 160
41 161
41 169
41 182
41 190
41 206
41 211
41 215
41 221
41 225
41 240
41 242
41 249
42 43
42 44
42 45
42 46
42 48
42 50
42 51
42 57
42 59
42 64
42 65
42 69
42 71
42 77
42 78
42 79
42 86
42 89
42 90
42 96
42 99
42 100
42 103
42 105
42 116
42 120
42 121
42 126
42 135
42 142
42 145
42 147
42 151
42 152
42 158
42 161
42 166
42 167
42 176
42 179
42 181
42 183
42 186
42 187
42 189
42 190
42 193
42 205
42 206
42 207
42 216
42 217
42 224
42 231
42 236
42 238
42 239
42 247
43 45
43 46
43 47
43 48
43 49
43 50
43 51
43 52
43 53
43 54
43 55
43 57
43 58
43 60
43 69
43 71
43 72
43 75
43 77
43 78
43 92
43 95
43 96
43 97
43 99
43 101
43 105
43 106
43 107
43 110
43 111
43 114
43 115
43 116
43 117
43 122
43 125
43 126
43 131
43 133
43 135
43 136
43 164
43 165
43 169
43 176
43 182
43 190
43 193
43 199
43 207
43 210
43 219
43 224
43 232
43 233
43 243
43 244
43 245
43 246
44 45
44 46
44 47
44 49
44 50
44 52
44 54
44 55
44 56
44 62
44 68
44 69
44 70
44 71
44 73
44 76
44 77
44 78
44 84
44 86
44 88
44 91
44 96
44 117
44 118
44 120
44 123
44 127
44 128
44 134
44 135
44 138
44 142
44 155
44 156
44 159
44 165
44 170
44 174
44 185
44 191
44 197
44 200
44 201
44 208
44 214
44 219
44 227
44 244
45 46
45 51
45 52
45 54
45 55
45 57
45 58
45 60
45 61
45 62
45 64
45 68
45 71
45 72
45 73
45 76
45 77
45 82
45 85
45 88
45 89
45 90
45 93
45 95
45 98
45 102
45 105
45 108
45 116
45 117
45 122
45 124
45 127
45 128
45 135
45 137
45 147
45 148
45 153
45 157
45 158
45 161
45 162
45 163
45 165
45 173
45 177
45 180
45 186
45 187
45 188
45 189
45 190
45 197
45 201
45 202
45 206
45 209
45 213
45 214
45 215
45 225
45 229
45 233
45 235
46 49
46 50
46 52
46 53
46 55
46 56
46 57
46 60
46 61
46 66
46 68
46 70
46 74
46 82
46 83
46 86
46 88
46 89
46 90
46 93
46 95
46 99
46 107
46 110
46 119
46 124
46 125
46 127
46 129
46 130
46 133
46 134
46 144
46 145
46 156
46 163
46 166
46 171
46 182
46 192
46 199
46 203
46 205
46 207
46 211
46 213
46 217
46 222
46 223
46 224
46 226
46 231
46 233
46 238
47 50
47 51
47 52
47 53
47 54
47 58
47 59
47 61
47 63
47 69
47 75
47 81
47 86
47 89
47 90
47 91
47 93
47 94
47 97
47 101
47 105
47 108
47 110
47 112
47 116
47 132
47 150
47 154
47 156
47 158
47 165
47 170
47 174
47 176
47 177
47 183
47 187
47 188
47 190
47 194
47 198
47 202
47 203
47 209
47 210
47 211
47 225
47 241
47 247
48 50
48 52
48 55
48 59
48 60
48 68
48 72
48 74
48 76
48 79
48 86
48 87
48 89
48 91
48 99
48 105
48 106
48 108
48 109
48 118
48 119
48 124
48 130
48 139
48 146
48 147
48 151
48 152
48 155
48 160
48 161
48 171
48 174
48 179
48 181
48 182
48 189
48 191
48 197
48 205
48 219
48 224
48 225
48 229
48 239
48 241
49 53
49 56
49 57
49 59
49 64
49 65
49 66
49 78
49 79
49 83
49 86
49 87
49 88
49 97
49 107
49 113
49 120
49 122
49 132
49 133
49 134
49 139
49 149
49 155
49 156
49 160
49 169
49 184
49 187
49 188
49 195
49 196
49 201
49 202
49 203
49 207
49 208
49 210
49 212
49 215
49 217
49 221
49 229
49 240
50 52
50 53
50 55
50 57
50 61
50 62
50 63
50 64
50 66
50 71
50 73
50 74
50 80
50 83
50 84
50 86
50 87
50 88
50 94
50 95
50 96
50 97
50 98
50 103
50 105
50 106
50 107
50 109
50 114
50 121
50 123
50 124
50 126
50 130
50 131
50 133
50 135
50 137
50 138
50 139
50 140
50 141
50 142
50 144
50 150
50 155
50 156
50 162
50 165
50 167
50 169
50 174
50 175
50 176
50 184
50 186
50 188
50 195
50 196
50 202
50 205
50 211
50 214
50 217
50 223
50 226
50 228
50 234
50 240
50 241
50 246
51 53
51 54
51 56
51 58
51 59
51 60
51 63
51 64
51 65
51 69
51 71
51 73
51 74
51 76
51 77
51 79
51 81
51 84
51 85
51 91
51 95
51 97
51 98
51 104
51 105
51 112
51 116
51 117
51 118
51 119
51 124
51 125
51 126
51 129
51 130
51 139
51 141
51 142
51 149
51 151
51 155
51 167
51 171
51 173
51 186
51 187
51 189
51 206
51 211
51 214
51 219
51 225
51 226
51 229
51 231
51 232
51 233
51 240
51 241
51 243
51 246
52 53
52 56
52 58
52 60
52 67
52 68
52 72
52 75
52 77
52 80
52 93
52 94
52 101
52 106
52 107
52 111
52 116
52 117
52 121
52 124
52 130
52 134
52 141
52 144
52 147
52 153
52 154
52 159
52 176
52 180
52 181
52 185
52 191
52 193
52 197
52 198
52 199
52 211
52 213
52 215
52 217
52 223
52 238
52 248
53 56
53 64
53 65
53 69
53 71
53 74
53 75
53 79
53 88
53 89
53 90
53 94
53 95
53 99
53 100
53 104
53 116
53 124
53 132
53 138
53 141
53 150
53 152
53 155
53 160
53 162
53 164
53 167
53 168
53 178
53 180
53 181
53 182
53 183
53 189
53 199
53 206
53 214
53 224
53 230
53 243
54 62
54 68
54 83
54 86
54 87
54 89
54 99
54 100
54 102
54 104
54 109
54 112
54 122
54 129
54 137
54 142
54 144
54 161
54 167
54 170
54 171
54 178
54 179
54 181
54 212
54 233
54 242
55 59
55 63
55 67
55 73
55 76
55 78
55 79
55 81
55 84
55 85
55 88
55 90
55 92
55 93
55 98
55 103
55 113
55 117
55 119
55 121
55 124
55 131
55 133
55 135
55 141
55 142
55 145
55 149
55 152
55 153
55 155
55 162
55 163
55 164
55 169
55 178
55 183
55 186
55 198
55 199
55 203
55 206
55 210
55 219
55 224
55 227
55 233
55 238
56 57
56 60
56 62
56 66
56 67
56 70
56 71
56 72
56 73
56 78
56 79
56 81
56 84
56 87
56 88
56 91
56 94
56 98
56 101
56 103
56 110
56 115
56 120
56 126
56 142
56 152
56 156
56 166
56 171
56 174
56 183
56 186
56 188
56 195
56 196
56 201
56 203
56 213
56 216
56 218
56 223
56 243
56 249
57 58
57 59
57 60
57 64
57 66
57 67
57 72
57 80
57 83
57 86
57 92
57 94
57 100
57 103
57 104
57 106
57 107
57 108
57 112
57 114
57 116
57 118
57 122
57 127
57 130
57 131
57 142
57 148
57 149
57 158
57 159
57 177
57 183
57 192
57 195
57 199
57 200
57 207
57 210
57 224
57 242
57 247
58 59
58 64
58 65
58 66
58 68
58 73
58 75
58 76
58 79
58 82
58 84
58 87
58 89
58 91
58 94
58 100
58 104
58 107
58 109
58 120
58 122
58 125
58 127
58 138
58 140
58 141
58 152
58 156
58 158
58 159
58 164
58 170
58 171
58 173
58 176
58 183
58 194
58 196
58 197
58 208
58 219
58 224
58 228
58 230
58 243
58 247
58 248
59 65
59 69
59 70
59 71
59 94
59 95
59 98
59 99
59 101
59 102
59 106
59 113
59 126
59 151
59 154
59 156
59 160
59 166
59 172
59 173
59 187
59 189
59 192
59 195
59 196
59 212
59 222
59 228
59 237
59 241
59 245
60 61
60 63
60 64
60 65
60 66
60 68
60 69
60 71
60 72
60 73
60 77
60 80
60 82
60 85
60 90
60 95
60 98
60 100
60 103
60 109
60 110
60 113
60 115
60 121
60 125
60 128
60 134
60 135
60 139
60 147
60 148
60 153
60 154
60 155
60 157
60 166
60 167
60 168
60 169
60 174
60 177
60 180
60 181
60 189
60 191
60 196
60 203
60 207
60 213
60 218
60 220
60 224
60 235
60 243
60 245
61 62
61 63
61 66
61 67
61 68
61 70
61 71
61 73
61 82
61 83
61 84
61 86
61 98
61 113
61 116
61 121
61 123
61 125
61 126
61 128
61 132
61 141
61 148
61 149
61 151
61 160
61 161
61 163
61 165
61 167
61 172
61 173
61 179
61 181
61 184
61 190
61 192
61 205
61 208
61 223
61 238
61 246
61 247
61 249
62 63
62 65
62 70
62 71
62 73
62 74
62 75
62 76
62 79
62 82
62 83
62 86
62 88
62 94
62 98
62 100
62 101
62 102
62 104
62 110
62 111
62 113
62 115
62 117
62 129
62 131
62 134
62 135
62 136
62 156
62 158
62 161
62 164
62 169
62 175
62 176
62 179
62 180
62 184
62 189
62 196
62 198
62 199
62 203
62 208
62 217
62 219
62 223
62 236
62 248
63 71
63 82
63 94
63 95
63 100
63 104
63 105
63 109
63 117
63 128
63 133
63 140
63 151
63 152
63 154
63 171
63 177
63 178
63 179
63 181
63 188
63 200
63 207
63 209
63 212
63 232
63 239
64 65
64 68
64 81
64 83
64 90
64 91
64 102
64 107
64 108
64 109
64 110
64 111
64 114
64 128
64 129
64 147
64 148
64 159
64 165
64 168
64 172
64 186
64 191
64 197
64 204
64 207
64 215
64 221
64 246
64 247
65 67
65 68
65 70
65 71
65 75
65 77
65 78
65 88
65 96
65 103
65 105
65 112
65 121
65 123
65 126
65 131
65 143
65 146
65 150
65 154
65 165
65 168
65 169
65 173
65 174
65 178
65 192
65 204
65 226
65 236
65 241
65 242
66 72
66 73
66 77
66 79
66 84
66 85
66 87
66 90
66 91
66 92
66 93
66 95
66 98
66 111
66 112
66 113
66 121
66 131
66 133
66 139
66 141
66 143
66 144
66 148
66 155
66 156
66 157
66 161
66 165
66 166
66 168
66 183
66 187
66 190
66 206
66 208
66 209
66 211
66 214
66 218
66 227
66 236
66 237
66 240
66 241
66 249
67 73
67 75
67 82
67 84
67 86
67 89
67 91
67 92
67 96
67 100
67 109
67 114
67 120
67 123
67 124
67 135
67 138
67 143
67 146
67 153
67 159
67 169
67 172
67 174
67 183
67 187
67 190
67 192
67 205
67 213
67 215
67 226
67 232
67 238
67 241
67 245
67 246
68 69
68 70
68 71
68 78
68 79
68 84
68 86
68 88
68 96
68 98
68 99
68 101
68 102
68 107
68 109
68 110
68 111
68 117
68 132
68 133
68 144
68 163
68 173
68 179
68 180
68 189
68 193
68 194
68 201
68 202
68 204
68 206
68 213
68 214
68 222
68 226
68 237
69 83
69 84
69 88
69 92
69 94
69 101
69 104
69 119
69 139
69 149
69 150
69 153
69 161
69 162
69 165
69 192
69 196
69 199
69 204
69 207
69 220
69 227
69 228
69 232
69 235
69 242
70 73
70 74
70 76
70 83
70 87
70 101
70 121
70 129
70 144
70 145
70 159
70 162
70 164
70 190
70 193
70 199
70 201
70 202
70 236
70 242
70 243
70 245
70 246
70 247
71 74
71 76
71 80
71 87
71 96
71 99
71 104
71 105
71 113
71 125
71 130
71 131
71 152
71 157
71 179
71 204
71 239
71 245
71 247
72 76
72 77
72 81
72 85
72 89
72 92
72 93
72 96
72 99
72 103
72 107
72 108
72 114
72 129
72 135
72 146
72 148
72 149
72 160
72 166
72 169
72 189
72 196
72 210
72 214
72 216
72 220
72 223
72 226
73 75
73 81
73 84
73 85
73 89
73 91
73 100
73 104
73 105
73 116
73 120
73 122
73 124
73 132
73 136
73 138
73 140
73 142
73 145
73 146
73 151
73 153
73 154
73 158
73 159
73 185
73 204
73 212
73 218
73 226
73 230
73 248
73 249
74 75
74 76
74 79
74 80
74 82
74 85
74 87
74 89
74 97
74 102
74 105
74 110
74 116
74 119
74 123
74 128
74 129
74 135
74 136
74 139
74 140
74 141
74 145
74 152
74 157
74 164
74 165
74 170
74 171
74 172
74 178
74 179
74 180
74 183
74 189
74 191
74 193
74 200
74 203
74 210
74 211
74 221
74 222
74 233
74 247
74 249
75 80
75 101
75 106
75 118
75 123
75 130
75 134
75 145
75 171
75 174
75 175
75 189
75 198
75 200
75 202
75 203
75 221
75 226
75 228
75 229
75 232
75 235
75 244
76 82
76 85
76 106
76 109
76 113
76 138
76 150
76 155
76 156
76 158
76 166
76 172
76 184
76 188
76 199
76 200
76 204
76 205
76 214
76 219
76 233
77 87
77 99
77 105
77 108
77 111
77 112
77 125
77 127
77 128
77 131
77 138
77 140
77 141
77 164
77 167
77 169
77 174
77 176
77 182
77 186
77 192
77 194
77 196
77 209
77 211
77 219
77 222
77 236
78 80
78 86
78 88
78 89
78 93
78 103
78 104
78 116
78 117
78 126
78 128
78 130
78 133
78 134
78 135
78 151
78 180
78 188
78 191
78 196
78 201
78 219
78 222
78 227
78 228
78 239
78 242
78 243
78 245
78 249
79 83
79 90
79 96
79 100
79 102
79 110
79 116
79 117
79 120
79 125
79 133
79 135
79 142
79 144
79 145
79 157
79 160
79 175
79 179
79 181
79 183
79 188
79 197
79 203
79 206
79 212
79 219
79 224
79 235
79 239
79 242
79 245
80 88
80 92
80 97
80 112
80 113
80 122
80 135
80 136
80 146
80 150
80 157
80 159
80 162
80 167
80 168
80 173
80 174
80 184
80 190
80 204
80 207
80 216
80 220
80 231
80 232
81 87
81 99
81 100
81 102
81 104
81 105
81 112
81 120
81 122
81 124
81 128
81 132
81 133
81 134
81 135
81 145
81 146
81 147
81 156
81 162
81 174
81 185
81 190
81 201
81 204
81 206
81 207
81 215
81 217
81 218
81 226
81 228
81 235
81 243
81 244
82 90
82 91
82 108
82 113
82 115
82 118
82 119
82 120
82 129
82 144
82 159
82 177
82 192
82 217
82 233
82 234
82 236
82 246
82 247
83 92
83 100
83 108
83 110
83 115
83 120
83 121
83 129
83 131
83 133
83 140
83 144
83 149
83 157
83 161
83 163
83 167
83 171
83 196
83 197
83 208
83 209
83 213
83 217
83 226
83 236
84 85
84 89
84 95
84 97
84 103
84 104
84 106
84 111
84 118
84 121
84 122
84 123
84 127
84 129
84 133
84 136
84 139
84 145
84 147
84 150
84 158
84 168
84 178
84 179
84 190
84 204
84 219
84 227
84 233
84 236
84 244
85 88
85 94
85 97
85 98
85 99
85 109
85 120
85 123
85 128
85 140
85 141
85 143
85 149
85 158
85 162
85 163
85 199
85 207
85 210
85 220
85 232
85 235
85 240
85 243
85 244
86 88
86 91
86 92
86 93
86 96
86 100
86 102
86 106
86 112
86 119
86 124
86 126
86 133
86 135
86 137
86 138
86 142
86 146
86 147
86 148
86 153
86 160
86 170
86 171
86 175
86 179
86 180
86 181
86 184
86 186
86 187
86 189
86 192
86 193
86 195
86 200
86 202
86 208
86 216
86 218
86 221
86 223
86 224
86 235
86 241
87 109
87 117
87 121
87 132
87 133
87 163
87 168
87 169
87 175
87 191
87 199
87 200
87 207
87 212
87 227
87 229
87 234
87 238
87 240
88 92
88 94
88 99
88 100
88 102
88 103
88 104
88 105
88 109
88 112
88 115
88 125
88 130
88 150
88 165
88 171
88 174
88 181
88 184
88 190
88 195
88 210
88 211
88 214
88 215
88 222
88 228
88 232
88 237
88 239
88 240
89 90
89 91
89 92
89 98
89 123
89 129
89 134
89 135
89 137
89 140
89 146
89 149
89 169
89 179
89 180
89 182
89 184
89 195
89 225
89 227
89 246
90 91
90 95
90 100
90 101
90 103
90 117
90 122
90 125
90 127
90 130
90 139
90 175
90 177
90 190
90 200
90 201
90 209
90 224
90 237
90 240
91 107
91 109
91 119
91 121
91 128
91 132
91 133
91 144
91 155
91 156
91 164
91 180
91 191
91 192
91 196
91 200
91 203
91 212
91 213
91 229
91 233
91 236
91 242
91 248
92 94
92 96
92 102
92 104
92 107
92 114
92 116
92 119
92 121
92 130
92 140
92 144
92 145
92 149
92 150
92 153
92 163
92 176
92 184
92 185
92 190
92 202
92 204
92 220
92 235
92 245
92 247
92 248
92 249
93 96
93 100
93 101
93 113
93 115
93 118
93 138
93 144
93 152
93 159
93 162
93 164
93 166
93 168
93 169
93 175
93 184
93 196
93 230
93 232
94 102
94 109
94 110
94 140
94 142
94 146
94 189
94 191
94 195
94 198
94 200
94 233
94 240
94 249
95 97
95 99
95 102
95 103
95 110
95 111
95 115
95 116
95 117
95 119
95 121
95 126
95 127
95 128
95 139
95 153
95 158
95 159
95 160
95 179
95 180
95 185
95 196
95 205
95 206
95 212
95 213
95 235
96 99
96 110
96 117
96 127
96 129
96 137
96 143
96 157
96 162
96 165
96 173
96 174
96 175
96 181
96 213
96 221
96 225
96 229
96 241
96 244
96 245
96 246
97 102
97 109
97 117
97 119
97 138
97 149
97 161
97 182
97 187
97 221
97 226
97 234
97 244
98 104
98 105
98 106
98 107
98 109
98 115
98 120
98 122
98 129
98 130
98 133
98 138
98 160
98 162
98 167
98 175
98 179
98 180
98 188
98 200
98 203
98 228
98 232
99 120
99 123
99 138
99 148
99 193
99 195
99 215
99 218
99 240
99 246
99 248
99 249
100 106
100 141
100 143
100 172
100 176
100 179
100 209
100 217
100 218
100 241
100 244
101 105
101 113
101 114
101 115
101 120
101 121
101 122
101 127
101 155
101 158
101 210
101 211
101 220
101 235
101 241
102 122
102 126
102 131
102 137
102 165
102 168
102 172
102 176
102 183
102 184
102 197
102 198
102 208
102 215
102 232
102 239
102 240
103 105
103 113
103 117
103 130
103 139
103 150
103 152
103 153
103 168
103 171
103 177
103 191
103 204
103 207
103 214
103 215
103 216
103 221
103 235
103 248
104 108
104 109
104 111
104 114
104 120
104 142
104 148
104 149
104 154
104 163
104 167
104 169
104 184
104 185
104 190
104 199
104 205
104 206
104 210
104 211
104 224
104 226
104 234
105 107
105 108
105 121
105 122
105 131
105 140
105 143
105 159
105 190
105 200
105 204
105 205
105 209
105 215
106 111
106 117
106 133
106 134
106 136
106 147
106 151
106 162
106 171
106 178
106 185
106 197
106 206
106 209
106 228
106 231
106 249
107 109
107 119
107 130
107 134
107 135
107 137
107 147
107 150
107 161
107 173
107 176
107 193
107 200
107 204
107 213
107 219
107 222
107 228
107 230
107 234
107 241
107 244
108 125
108 142
108 150
108 158
108 210
108 212
108 225
108 237
109 128
109 136
109 141
109 152
109 166
109 167
109 168
109 173
109 180
109 188
109 194
109 201
109 228
109 230
110 112
110 115
110 117
110 124
110 126
110 127
110 129
110 131
110 160
110 166
110 169
110 181
110 186
110 221
110 235
111 112
111 120
111 122
111 129
111 132
111 136
111 137
111 142
111 144
111 157
111 160
111 168
111 169
111 172
111 189
111 190
111 204
111 248
112 135
112 151
112 159
112 161
112 164
112 168
112 172
112 210
112 211
112 229
112 234
112 249
113 116
113 120
113 122
113 125
113 126
113 128
113 131
113 132
113 150
113 167
113 175
113 202
113 204
113 208
113 212
113 217
113 225
113 226
113 227
113 239
114 121
114 128
114 137
114 139
114 151
114 153
114 156
114 167
114 171
114 172
114 181
114 182
114 187
114 201
114 202
114 228
115 116
115 118
115 124
115 136
115 141
115 163
115 165
115 172
115 173
115 187
115 188
115 193
115 195
115 197
115 208
115 209
115 214
115 227
115 228
115 231
115 235
115 236
115 245
115 246
115 247
116 119
116 149
116 153
116 165
116 199
116 206
116 217
116 236
116 238
117 119
117 122
117 127
117 133
117 136
117 146
117 169
117 175
117 179
117 185
117 203
117 224
117 237
118 124
118 133
118 145
118 157
118 163
118 170
118 175
118 176
118 180
118 183
118 213
118 231
118 237
119 124
119 145
119 151
119 156
119 157
119 158
119 163
119 164
119 165
119 174
119 176
119 181
119 185
119 194
119 206
119 214
119 233
119 234
119 240
120 125
120 136
120 140
120 142
120 155
120 158
120 164
120 190
120 200
120 231
120 234
120 242
120 248
121 127
121 146
121 153
121 166
121 194
121 215
121 222
121 223
121 239
122 130
122 134
122 137
122 147
122 151
122 154
122 160
122 177
122 182
122 185
122 193
122 201
122 205
122 222
122 230
122 233
122 239
122 247
123 136
123 151
123 152
123 155
123 159
123 160
123 164
123 182
123 186
123 189
123 198
123 203
123 227
123 238
123 239
123 247
123 249
124 130
124 131
124 138
124 139
124 144
124 147
124 149
124 152
124 155
124 157
124 167
124 174
124 189
124 192
124 194
124 195
124 233
124 235
125 129
125 137
125 140
125 142
125 146
125 149
125 150
125 177
125 186
125 187
125 194
125 210
125 216
125 221
125 228
125 242
125 246
125 249
126 130
126 131
126 140
126 160
126 163
126 169
126 171
126 173
126 201
126 204
126 214
126 215
126 217
126 219
126 221
126 223
126 230
126 238
126 243
127 132
127 137
127 141
127 147
127 155
127 160
127 173
127 174
127 177
127 184
127 196
127 206
127 247
128 131
128 133
128 134
128 136
128 142
128 155
128 164
128 165
128 166
128 181
128 187
128 193
128 204
128 214
128 220
128 237
128 249
129 133
129 147
129 152
129 154
129 170
129 185
129 194
129 196
129 198
129 211
129 215
129 237
130 131
130 146
130 150
130 154
130 172
130 176
130 180
130 185
130 193
130 202
130 214
130 215
130 217
130 232
130 240
130 244
131 132
131 139
131 141
131 164
131 178
131 192
131 199
131 229
131 232
131 236
131 237
131 243
131 245
131 249
132 134
132 151
132 164
132 170
132 172
132 178
132 202
132 207
132 212
132 220
132 228
132 239
132 245
132 246
133 141
133 145
133 158
133 159
133 162
133 170
133 204
133 207
133 232
134 153
134 154
134 157
134 161
134 166
134 175
134 195
134 197
134 212
134 231
134 242
135 144
135 149
135 158
135 163
135 173
135 181
135 182
135 186
135 192
135 220
135 230
135 234
135 247
136 138
136 155
136 156
136 163
136 167
136 183
136 213
136 220
137 153
137 154
137 161
137 173
137 191
137 218
137 223
137 225
137 227
137 232
137 233
137 239
137 246
138 140
138 150
138 175
138 198
138 208
138 209
138 245
139 155
139 158
139 170
139 171
139 183
139 223
140 143
140 148
140 180
140 198
140 216
140 218
140 227
140 249
141 149
141 155
141 159
141 161
141 167
141 177
141 187
141 190
141 204
141 210
141 215
141 229
141 238
141 240
142 143
142 150
142 151
142 152
142 155
142 159
142 173
142 178
142 182
142 203
142 216
142 221
142 223
143 165
143 178
143 184
143 200
143 240
144 185
144 201
144 212
144 216
144 219
144 227
144 228
144 232
144 240
145 163
145 165
145 169
145 171
145 218
145 234
145 239
145 241
146 149
146 158
146 164
146 181
146 186
146 188
146 201
146 206
146 214
146 233
146 236
147 148
147 150
147 151
147 161
147 195
147 212
147 223
147 234
147 244
147 248
148 155
148 165
148 170
148 240
148 241
149 172
149 174
149 239
149 248
150 160
150 176
150 178
150 200
150 240
151 157
151 165
151 187
151 188
151 189
151 190
151 197
151 198
151 210
151 225
151 234
151 245
152 163
152 167
152 173
152 175
152 179
152 202
153 166
153 170
153 221
154 161
154 171
154 191
154 202
154 203
154 222
154 231
155 162
155 164
155 170
155 194
155 244
155 249
156 161
156 175
156 197
156 201
156 204
156 208
156 238
157 168
157 172
157 173
157 179
157 184
157 191
157 193
157 204
157 206
157 223
157 224
157 225
157 238
157 241
158 165
158 208
158 217
158 220
158 225
158 226
158 227
158 229
158 231
158 234
158 237
159 160
159 165
159 168
159 171
159 181
159 187
159 205
159 209
159 220
159 225
159 228
159 231
159 233
159 239
159 244
160 172
160 174
160 181
160 190
160 201
160 246
161 171
161 203
161 209
161 210
161 231
161 232
161 244
162 174
162 186
162 188
162 190
162 195
162 219
162 220
162 229
163 188
163 191
163 202
163 207
163 236
164 167
164 192
164 194
164 197
164 209
164 230
164 238
164 239
164 245
165 168
165 211
165 223
165 231
165 243
166 169
166 194
166 195
166 204
166 229
166 233
166 237
166 247
167 168
167 169
167 182
167 193
167 194
167 199
167 212
167 218
167 224
167 245
168 178
168 183
168 191
168 196
168 231
169 170
169 189
169 202
169 203
169 221
169 233
169 234
169 235
170 186
170 197
170 225
170 230
170 237
170 239
170 249
171 174
171 179
171 190
171 194
171 229
171 234
172 177
172 178
172 180
172 193
172 214
172 223
173 177
173 194
173 196
173 201
173 208
173 218
173 230
173 241
174 179
174 186
174 215
174 225
174 234
175 178
175 194
175 214
175 235
175 247
176 177
176 182
176 192
176 194
176 211
176 243
177 185
177 192
177 195
177 205
177 215
177 221
177 224
177 231
177 234
177 237
178 189
178 201
178 204
178 222
178 230
178 238
178 239
179 183
179 195
179 209
179 210
179 224
179 228
179 230
179 245
180 193
180 196
180 201
180 211
180 225
180 244
180 246
181 187
181 191
181 204
181 224
181 229
181 230
182 186
182 193
182 197
182 207
182 208
182 212
182 222
182 228
182 234
182 237
182 244
183 189
183 195
183 233
183 236
184 194
184 198
184 202
184 205
184 209
184 231
184 241
184 242
184 244
185 198
185 200
185 205
185 217
185 225
185 230
186 198
186 205
186 218
186 223
186 248
187 218
187 240
188 236
188 240
189 192
189 197
189 207
189 246
190 206
190 212
190 219
190 241
191 198
192 202
192 230
192 240
193 225
193 248
193 249
194 225
194 227
194 232
194 238
195 202
195 207
195 211
195 212
195 215
195 228
195 233
195 236
196 206
196 207
196 217
196 225
197 210
197 218
198 215
198 228
199 220
199 223
199 234
199 245
200 203
200 218
200 234
200 239
200 248
201 208
201 212
201 232
202 228
202 248
203 210
203 218
203 226
203 228
203 248
204 211
204 220
204 230
204 246
205 217
205 219
205 221
205 243
206 247
207 209
207 223
207 241
207 247
208 214
208 217
209 210
209 211
209 213
209 215
209 232
210 221
210 236
210 242
210 247
211 226
212 213
212 214
212 227
212 230
212 239
212 245
214 216
214 220
214 222
214 236
214 240
214 248
215 224
215 235
215 242
215 244
216 221
216 235
216 245
216 246
217 226
217 238
218 231
218 245
219 235
219 246
220 236
221 222
221 226
221 229
221 237
222 231
222 234
222 238
223 235
223 236
223 247
225 227
225 231
226 229
227 237
228 246
228 248
229 238
230 243
231 245
234 243
235 240
235 244
238 239
238 242
238 243
239 242
240 245
240 249
242 247
