0 1
0 2
0 3
0 4
0 5
0 6
0 7
0 8
0 9
0 11
0 12
0 13
0 14
0 15
0 16
0 17
0 18
0 19
0 21
0 23
0 29
0 30
0 31
0 33
0 34
0 35
0 36
0 37
0 44
0 49
0 50
0 55
0 56
1 2
1 3
1 4
1 5
1 6
1 7
1 8
1 9
1 10
1 12
1 14
1 15
1 16
1 19
1 20
1 23
1 25
1 28
1 31
1 36
1 37
1 39
1 40
1 41
1 47
1 50
1 62
2 3
2 4
2 5
2 6
2 7
2 8
2 9
2 10
2 11
2 13
2 14
2 15
2 16
2 17
2 18
2 20
2 25
2 29
2 30
2 31
2 33
2 35
2 36
2 41
2 42
2 44
2 45
2 47
2 48
2 49
2 50
2 53
2 54
2 59
2 60
2 63
3 4
3 5
3 6
3 7
3 8
3 9
3 10
3 11
3 12
3 13
3 15
3 16
3 18
3 19
3 20
3 22
3 26
3 28
3 31
3 40
3 42
3 43
3 51
3 59
3 61
3 64
4 5
4 6
4 7
4 8
4 9
4 10
4 13
4 16
4 17
4 22
4 23
4 24
4 26
4 30
4 31
4 38
4 41
4 42
4 45
4 46
4 52
4 56
4 57
4 58
5 6
5 7
5 8
5 9
5 10
5 11
5 12
5 13
5 14
5 15
5 16
5 17
5 21
5 23
5 24
5 26
5 30
5 32
5 35
5 37
5 41
5 45
5 48
5 51
5 55
5 62
5 64
6 7
6 8
6 9
6 10
6 11
6 13
6 17
6 18
6 21
6 24
6 25
6 26
6 28
6 29
6 31
6 32
6 33
6 38
6 43
6 45
6 46
6 53
7 8
7 9
7 10
7 11
7 12
7 14
7 17
7 19
7 21
7 22
7 24
7 25
7 27
7 36
7 38
7 39
7 40
7 42
7 43
7 47
7 48
7 50
7 52
7 53
7 54
7 55
7 57
7 59
7 60
7 61
7 63
8 9
8 10
8 11
8 12
8 14
8 17
8 22
8 23
8 24
8 25
8 27
8 30
8 33
8 34
8 45
8 46
8 49
8 50
8 53
8 61
8 64
9 10
9 11
9 12
9 13
9 14
9 15
9 17
9 19
9 20
9 21
9 25
9 32
9 35
9 37
9 39
9 45
9 47
9 52
10 11
10 12
10 15
10 18
10 21
10 22
10 24
10 25
10 27
10 37
10 38
10 42
10 50
10 54
10 60
11 12
11 13
11 14
11 16
11 18
11 19
11 20
11 21
11 22
11 24
11 27
11 29
11 30
11 34
11 36
11 44
11 46
11 49
11 52
11 53
11 54
11 58
11 61
11 63
12 13
12 15
12 18
12 19
12 20
12 28
12 29
12 35
12 36
12 44
12 53
12 56
12 60
13 14
13 15
13 16
13 27
13 28
13 30
13 31
13 34
13 37
13 39
13 47
13 50
13 56
13 60
13 61
13 63
14 16
14 19
14 20
14 24
14 32
14 35
14 40
14 52
14 58
14 62
15 17
15 19
15 20
15 22
15 23
15 32
15 33
15 34
15 35
15 38
15 40
15 43
15 45
15 52
15 59
16 18
16 24
16 27
16 32
16 49
16 56
16 63
17 18
17 20
17 21
17 22
17 23
17 26
17 28
17 33
17 34
17 36
17 39
17 40
17 44
17 53
17 58
17 62
17 64
18 21
18 23
18 26
18 39
18 45
18 46
18 55
18 57
18 62
19 23
19 26
19 27
19 29
19 32
19 34
19 39
19 40
19 43
19 49
19 55
20 25
20 30
20 31
20 55
20 61
21 22
21 26
21 29
21 33
21 41
21 46
21 55
21 56
22 25
22 35
22 41
22 42
23 26
23 27
23 29
23 33
23 39
23 41
23 42
23 45
23 52
23 55
24 27
24 29
24 43
24 46
24 53
24 60
24 61
24 63
25 28
25 30
25 36
25 38
25 41
25 44
25 55
25 57
25 63
26 28
26 40
26 57
26 58
27 28
27 31
27 32
27 43
27 51
27 59
28 36
28 37
28 38
28 47
28 58
28 64
29 34
29 37
29 47
29 48
29 62
30 32
30 34
30 42
30 46
30 50
30 57
31 33
31 63
32 35
32 43
32 44
32 51
33 37
33 38
33 39
33 46
33 51
33 54
33 59
35 48
35 49
35 57
35 64
36 38
36 42
36 47
36 49
36 52
36 54
37 48
37 49
37 54
37 58
37 61
37 64
39 40
39 44
39 54
40 41
40 53
41 43
41 48
41 59
41 64
42 48
42 58
43 44
43 47
43 48
43 51
43 54
43 59
43 60
44 50
44 51
44 62
45 51
45 56
45 58
45 63
46 56
47 57
49 52
50 51
51 56
51 59
51 60
53 60
53 62
54 61
56 57
57 62
63 64
