0 1
0 2
0 3
0 4
0 5
0 6
0 7
0 8
0 9
0 10
0 11
0 12
0 15
0 16
0 17
0 19
0 20
0 22
0 23
0 27
0 29
0 31
0 32
0 33
0 34
0 37
0 38
0 44
0 52
0 53
0 54
0 58
1 2
1 3
1 4
1 5
1 6
1 7
1 8
1 9
1 10
1 11
1 12
1 13
1 14
1 15
1 16
1 21
1 25
1 28
1 29
1 30
1 34
1 39
1 40
1 43
1 51
1 52
1 56
1 58
2 3
2 4
2 5
2 6
2 7
2 8
2 9
2 10
2 11
2 13
2 14
2 15
2 20
2 23
2 24
2 28
2 30
2 31
2 38
2 41
2 42
2 49
2 52
2 54
3 4
3 5
3 6
3 7
3 8
3 9
3 10
3 11
3 12
3 13
3 16
3 17
3 18
3 22
3 23
3 24
3 26
3 28
3 35
3 39
3 43
3 59
4 5
4 6
4 7
4 8
4 9
4 11
4 12
4 15
4 17
4 19
4 24
4 25
4 29
4 33
4 38
4 44
4 48
4 53
4 54
5 6
5 7
5 8
5 9
5 10
5 11
5 12
5 13
5 14
5 15
5 16
5 18
5 19
5 20
5 23
5 24
5 25
5 27
5 29
5 30
5 31
5 35
5 36
5 38
5 39
5 41
5 43
5 47
5 48
5 49
5 53
5 57
5 58
6 7
6 8
6 9
6 10
6 11
6 12
6 13
6 14
6 15
6 16
6 17
6 19
6 20
6 21
6 22
6 25
6 26
6 29
6 30
6 31
6 33
6 34
6 35
6 36
6 37
6 41
6 44
6 45
6 47
6 48
6 49
6 50
6 55
6 58
6 59
7 8
7 9
7 10
7 11
7 12
7 13
7 14
7 16
7 17
7 21
7 22
7 25
7 27
7 33
7 35
7 42
7 46
7 55
7 58
8 9
8 10
8 14
8 15
8 16
8 18
8 20
8 22
8 27
8 28
8 40
8 43
8 45
8 47
8 55
8 57
9 10
9 12
9 13
9 14
9 16
9 17
9 18
9 21
9 23
9 24
9 28
9 30
9 32
9 37
9 42
9 47
10 11
10 12
10 13
10 14
10 15
10 18
10 19
10 20
10 23
10 24
10 25
10 26
10 28
10 34
10 41
10 47
10 48
10 56
11 17
11 18
11 19
11 21
11 22
11 23
11 25
11 26
11 45
11 46
11 48
11 51
11 56
11 59
12 13
12 15
12 16
12 17
12 18
12 21
12 26
12 34
12 36
12 38
12 41
12 44
12 46
12 50
13 14
13 17
13 21
13 24
13 26
13 27
13 29
13 32
13 36
13 38
13 42
13 44
13 45
13 48
13 50
13 58
14 18
14 21
14 23
14 24
14 25
14 28
14 29
14 32
14 33
14 42
14 48
14 49
14 51
14 54
15 18
15 19
15 22
15 26
15 30
15 32
15 39
15 40
15 42
15 53
16 20
16 21
16 25
16 26
16 31
16 39
16 42
16 51
16 55
16 56
17 19
17 20
17 22
17 23
17 27
17 32
17 34
17 35
17 38
17 43
17 46
17 51
17 53
17 57
18 19
18 20
18 24
18 27
18 28
18 35
18 37
18 40
18 50
18 51
19 26
19 30
19 31
19 59
20 22
20 30
20 35
20 44
20 53
21 29
21 33
21 37
21 42
21 46
22 27
22 30
22 31
22 46
22 47
23 29
23 31
23 32
23 36
23 39
23 54
23 57
24 27
24 33
24 35
24 37
24 43
24 44
24 45
24 46
24 51
25 28
25 32
25 38
25 40
26 34
26 36
26 38
26 40
26 49
27 34
27 36
27 46
28 33
28 50
29 39
29 40
29 41
29 59
30 31
30 32
30 36
30 37
30 45
30 48
30 52
30 53
30 54
30 59
31 33
31 34
31 35
31 39
31 41
31 43
31 55
31 57
32 37
32 41
32 45
32 52
32 54
33 36
33 37
33 40
33 43
33 49
33 56
33 59
34 39
34 45
34 50
34 55
35 40
35 41
35 42
35 45
35 51
36 52
36 56
36 57
37 43
37 47
37 50
37 54
38 56
38 58
39 47
40 47
41 49
42 44
42 49
42 52
42 53
42 54
42 55
42 56
42 59
43 44
43 55
44 48
44 51
45 46
45 58
46 50
47 49
47 52
48 50
48 57
49 52
50 53
51 56
52 55
52 57
53 58
54 59
55 57
