0 1
0 2
0 3
0 4
0 6
0 8
0 12
0 18
0 30
0 34
1 2
1 3
1 4
1 5
1 7
1 8
1 9
1 10
1 18
1 19
1 21
1 27
2 3
2 4
2 5
2 6
2 7
2 8
2 9
2 10
2 11
2 14
2 16
2 17
2 21
2 23
2 24
3 4
3 5
3 6
3 10
3 21
3 26
4 5
4 6
4 7
4 10
4 12
4 13
4 14
4 15
4 28
4 31
5 13
5 22
5 24
5 29
5 32
6 7
6 11
6 12
6 16
6 22
6 34
7 8
7 9
7 11
7 16
7 17
7 18
7 19
7 26
7 27
7 32
8 9
8 11
8 13
8 14
8 20
9 12
9 13
9 14
9 15
9 19
9 24
9 28
9 32
10 20
10 22
10 25
10 27
10 30
11 19
11 33
12 15
12 17
12 20
12 23
12 28
12 30
12 31
12 33
12 34
13 15
13 16
13 18
13 20
13 25
14 21
14 23
14 29
14 31
15 23
15 25
15 29
15 33
16 17
18 22
18 26
18 34
19 27
19 31
21 25
23 24
23 29
23 30
25 26
25 28
26 33
31 32
