0 1
0 2
0 3
0 4
0 5
0 6
0 7
0 8
0 9
0 10
0 11
0 12
0 13
0 14
0 15
0 16
0 17
0 18
0 19
0 20
0 21
0 22
0 23
0 24
0 25
0 26
0 27
0 28
0 29
0 30
0 31
0 32
0 33
0 34
0 35
0 36
0 37
0 38
0 40
0 42
0 45
0 47
0 50
0 52
0 53
0 54
0 55
0 56
0 59
0 62
0 66
0 67
0 71
0 77
0 81
0 82
0 83
0 90
0 91
0 99
0 101
0 102
0 103
0 107
0 112
0 117
0 119
0 123
0 126
0 130
0 133
0 139
0 140
0 141
0 145
0 147
0 148
0 149
0 152
0 157
0 158
0 159
0 163
0 164
0 172
0 174
0 180
0 181
0 183
0 197
0 201
0 205
0 210
0 213
0 214
0 220
0 221
0 227
0 229
0 235
0 238
0 241
0 244
0 250
0 252
0 256
0 257
0 266
0 277
0 290
0 294
1 2
1 3
1 4
1 5
1 6
1 7
1 8
1 9
1 10
1 11
1 12
1 13
1 14
1 15
1 16
1 17
1 18
1 19
1 20
1 21
1 22
1 23
1 24
1 25
1 26
1 27
1 28
1 29
1 30
1 31
1 32
1 33
1 34
1 35
1 36
1 38
1 39
1 40
1 41
1 43
1 45
1 46
1 47
1 49
1 51
1 57
1 59
1 62
1 63
1 64
1 66
1 67
1 68
1 70
1 72
1 78
1 80
1 82
1 84
1 88
1 89
1 95
1 102
1 104
1 105
1 106
1 107
1 109
1 117
1 121
1 122
1 126
1 139
1 145
1 146
1 151
1 154
1 159
1 175
1 182
1 188
1 189
1 192
1 193
1 195
1 198
1 201
1 211
1 213
1 216
1 219
1 220
1 221
1 222
1 226
1 228
1 229
1 230
1 241
1 242
1 249
1 250
1 254
1 255
1 256
1 259
1 260
1 261
1 263
1 267
1 268
1 269
1 271
1 275
1 276
1 281
1 289
1 292
1 294
2 3
2 4
2 5
2 6
2 7
2 8
2 9
2 10
2 11
2 12
2 13
2 14
2 15
2 16
2 17
2 18
2 19
2 20
2 21
2 22
2 23
2 24
2 25
2 26
2 27
2 28
2 29
2 30
2 31
2 32
2 33
2 34
2 35
2 36
2 37
2 38
2 39
2 41
2 42
2 43
2 44
2 45
2 46
2 47
2 48
2 49
2 50
2 51
2 53
2 55
2 56
2 57
2 59
2 60
2 61
2 63
2 64
2 68
2 69
2 70
2 72
2 73
2 75
2 76
2 78
2 79
2 80
2 85
2 86
2 87
2 88
2 89
2 92
2 93
2 95
2 97
2 104
2 106
2 107
2 110
2 111
2 112
2 113
2 116
2 123
2 125
2 126
2 127
2 128
2 130
2 131
2 139
2 140
2 141
2 142
2 143
2 145
2 146
2 150
2 151
2 152
2 161
2 164
2 165
2 168
2 169
2 173
2 176
2 177
2 178
2 179
2 180
2 190
2 192
2 197
2 199
2 200
2 202
2 207
2 209
2 217
2 218
2 220
2 224
2 225
2 228
2 231
2 233
2 236
2 237
2 240
2 246
2 248
2 256
2 266
2 267
2 269
2 272
2 273
2 274
2 278
2 290
2 293
2 295
2 297
2 299
3 4
3 5
3 6
3 7
3 8
3 9
3 10
3 11
3 12
3 13
3 14
3 15
3 16
3 17
3 18
3 19
3 20
3 21
3 22
3 23
3 24
3 25
3 26
3 27
3 28
3 29
3 30
3 31
3 32
3 33
3 34
3 36
3 38
3 39
3 40
3 41
3 43
3 46
3 47
3 48
3 49
3 50
3 51
3 55
3 56
3 58
3 59
3 60
3 61
3 63
3 64
3 68
3 71
3 73
3 75
3 76
3 78
3 83
3 86
3 87
3 90
3 91
3 92
3 93
3 95
3 96
3 99
3 103
3 108
3 110
3 111
3 112
3 118
3 121
3 122
3 124
3 126
3 127
3 128
3 133
3 134
3 135
3 142
3 144
3 151
3 152
3 153
3 158
3 159
3 160
3 162
3 164
3 165
3 167
3 169
3 170
3 172
3 183
3 193
3 194
3 197
3 205
3 206
3 209
3 215
3 221
3 222
3 223
3 225
3 226
3 231
3 232
3 235
3 238
3 242
3 245
3 246
3 250
3 258
3 260
3 266
3 272
3 273
3 276
3 282
3 288
3 294
3 296
3 297
4 5
4 6
4 7
4 8
4 9
4 10
4 11
4 12
4 13
4 14
4 15
4 16
4 17
4 18
4 19
4 20
4 21
4 22
4 23
4 24
4 25
4 26
4 27
4 28
4 29
4 30
4 31
4 32
4 33
4 34
4 35
4 36
4 37
4 38
4 39
4 40
4 41
4 42
4 44
4 45
4 46
4 50
4 51
4 52
4 54
4 55
4 56
4 57
4 58
4 61
4 65
4 70
4 76
4 77
4 78
4 80
4 84
4 86
4 88
4 90
4 92
4 99
4 101
4 102
4 103
4 106
4 108
4 109
4 111
4 115
4 116
4 117
4 118
4 120
4 132
4 134
4 142
4 143
4 146
4 147
4 155
4 156
4 158
4 160
4 161
4 162
4 170
4 173
4 177
4 180
4 183
4 186
4 188
4 189
4 200
4 202
4 205
4 212
4 215
4 216
4 233
4 241
4 242
4 246
4 247
4 257
4 258
4 264
4 267
4 268
4 274
4 275
4 289
4 290
5 6
5 7
5 8
5 9
5 10
5 11
5 12
5 13
5 14
5 15
5 16
5 17
5 18
5 19
5 20
5 21
5 22
5 23
5 24
5 25
5 26
5 27
5 28
5 29
5 30
5 31
5 32
5 33
5 34
5 35
5 36
5 40
5 41
5 42
5 43
5 44
5 45
5 48
5 50
5 53
5 54
5 57
5 58
5 62
5 69
5 71
5 73
5 74
5 76
5 77
5 81
5 83
5 84
5 93
5 101
5 104
5 105
5 108
5 110
5 111
5 112
5 116
5 118
5 119
5 128
5 138
5 139
5 140
5 143
5 144
5 149
5 150
5 158
5 162
5 177
5 185
5 187
5 192
5 197
5 215
5 217
5 222
5 234
5 245
5 247
5 262
5 270
5 279
5 286
5 288
5 292
6 7
6 8
6 9
6 10
6 11
6 12
6 13
6 14
6 15
6 16
6 17
6 18
6 19
6 20
6 21
6 22
6 23
6 24
6 25
6 26
6 27
6 28
6 29
6 30
6 31
6 32
6 33
6 34
6 35
6 36
6 37
6 39
6 40
6 42
6 43
6 46
6 47
6 48
6 50
6 52
6 53
6 54
6 55
6 57
6 67
6 69
6 71
6 73
6 74
6 80
6 82
6 86
6 87
6 88
6 91
6 93
6 100
6 108
6 110
6 114
6 124
6 126
6 136
6 139
6 143
6 145
6 146
6 148
6 149
6 150
6 161
6 165
6 173
6 174
6 175
6 176
6 177
6 179
6 180
6 181
6 185
6 193
6 202
6 204
6 211
6 214
6 215
6 220
6 224
6 237
6 242
6 244
6 250
6 252
6 255
6 258
6 261
6 276
6 280
6 284
6 287
6 299
7 8
7 9
7 10
7 11
7 12
7 13
7 14
7 15
7 16
7 17
7 18
7 19
7 20
7 21
7 22
7 23
7 24
7 25
7 26
7 27
7 28
7 29
7 30
7 31
7 32
7 35
7 36
7 37
7 38
7 39
7 41
7 43
7 44
7 45
7 46
7 51
7 52
7 53
7 56
7 57
7 60
7 61
7 62
7 64
7 65
7 66
7 68
7 75
7 79
7 82
7 83
7 87
7 92
7 99
7 100
7 106
7 110
7 111
7 112
7 122
7 128
7 129
7 132
7 135
7 138
7 146
7 147
7 152
7 154
7 168
7 174
7 177
7 180
7 181
7 188
7 191
7 192
7 194
7 200
7 201
7 204
7 205
7 208
7 210
7 211
7 221
7 222
7 224
7 227
7 231
7 248
7 252
7 257
7 264
7 268
7 278
7 281
7 286
7 287
7 290
7 292
7 295
7 296
7 297
8 9
8 10
8 11
8 12
8 13
8 14
8 15
8 16
8 17
8 18
8 19
8 20
8 21
8 22
8 23
8 24
8 25
8 26
8 27
8 28
8 29
8 30
8 31
8 33
8 34
8 35
8 36
8 37
8 38
8 39
8 40
8 41
8 43
8 44
8 46
8 47
8 48
8 51
8 52
8 54
8 55
8 57
8 61
8 62
8 66
8 73
8 74
8 77
8 78
8 80
8 83
8 84
8 86
8 91
8 94
8 97
8 98
8 100
8 104
8 105
8 107
8 110
8 115
8 116
8 126
8 128
8 133
8 141
8 145
8 155
8 156
8 158
8 160
8 161
8 168
8 169
8 172
8 185
8 187
8 189
8 195
8 201
8 206
8 208
8 209
8 213
8 217
8 225
8 230
8 233
8 238
8 244
8 245
8 248
8 256
8 257
8 260
8 263
8 264
8 268
8 289
8 290
8 298
9 10
9 11
9 12
9 13
9 14
9 15
9 16
9 17
9 18
9 19
9 20
9 21
9 22
9 23
9 24
9 25
9 26
9 27
9 28
9 29
9 30
9 31
9 32
9 34
9 36
9 37
9 38
9 39
9 40
9 41
9 45
9 46
9 47
9 49
9 51
9 52
9 53
9 54
9 55
9 56
9 59
9 60
9 64
9 65
9 66
9 67
9 68
9 70
9 71
9 72
9 74
9 75
9 76
9 80
9 82
9 83
9 85
9 93
9 94
9 100
9 109
9 111
9 113
9 116
9 119
9 120
9 121
9 134
9 135
9 138
9 141
9 143
9 145
9 146
9 149
9 153
9 154
9 156
9 157
9 159
9 160
9 175
9 180
9 183
9 185
9 188
9 194
9 208
9 213
9 225
9 233
9 234
9 238
9 241
9 243
9 244
9 246
9 251
9 262
9 265
9 266
9 276
9 279
9 289
9 292
9 293
9 294
9 295
9 299
10 11
10 12
10 13
10 14
10 15
10 16
10 17
10 18
10 19
10 20
10 21
10 22
10 23
10 24
10 25
10 26
10 27
10 28
10 29
10 30
10 31
10 32
10 33
10 35
10 36
10 38
10 40
10 41
10 42
10 43
10 44
10 45
10 46
10 48
10 49
10 50
10 52
10 54
10 56
10 57
10 58
10 60
10 62
10 63
10 68
10 69
10 70
10 73
10 76
10 80
10 84
10 85
10 90
10 94
10 97
10 98
10 99
10 103
10 104
10 107
10 108
10 116
10 124
10 125
10 131
10 134
10 137
10 138
10 142
10 144
10 145
10 151
10 152
10 158
10 159
10 161
10 163
10 169
10 178
10 184
10 186
10 188
10 193
10 194
10 202
10 203
10 204
10 220
10 223
10 224
10 229
10 233
10 238
10 242
10 245
10 248
10 249
10 257
10 258
10 260
10 267
10 271
10 281
11 12
11 13
11 14
11 15
11 16
11 17
11 18
11 19
11 20
11 21
11 22
11 23
11 24
11 25
11 26
11 27
11 28
11 29
11 30
11 31
11 32
11 34
11 35
11 36
11 37
11 38
11 39
11 40
11 41
11 42
11 44
11 45
11 46
11 50
11 51
11 52
11 55
11 56
11 59
11 62
11 63
11 67
11 68
11 69
11 70
11 72
11 73
11 77
11 79
11 80
11 83
11 88
11 96
11 99
11 102
11 106
11 108
11 113
11 116
11 117
11 119
11 120
11 128
11 131
11 132
11 139
11 143
11 148
11 153
11 157
11 166
11 167
11 169
11 171
11 175
11 179
11 183
11 191
11 199
11 204
11 205
11 208
11 214
11 220
11 221
11 225
11 226
11 227
11 228
11 232
11 245
11 248
11 251
11 260
11 264
11 285
11 288
11 291
11 292
11 297
12 13
12 14
12 15
12 16
12 17
12 18
12 19
12 20
12 21
12 22
12 23
12 24
12 25
12 26
12 27
12 28
12 29
12 30
12 31
12 32
12 34
12 35
12 36
12 37
12 38
12 39
12 40
12 41
12 46
12 49
12 52
12 54
12 55
12 56
12 58
12 60
12 66
12 67
12 68
12 69
12 72
12 73
12 74
12 79
12 81
12 82
12 85
12 87
12 89
12 90
12 91
12 92
12 95
12 98
12 102
12 103
12 105
12 108
12 109
12 110
12 115
12 116
12 123
12 124
12 127
12 131
12 133
12 136
12 137
12 140
12 144
12 149
12 150
12 152
12 170
12 171
12 172
12 174
12 178
12 182
12 183
12 184
12 190
12 196
12 197
12 202
12 204
12 208
12 215
12 217
12 223
12 224
12 234
12 243
12 244
12 253
12 257
12 258
12 262
12 269
12 272
12 275
12 290
12 292
12 296
13 14
13 15
13 16
13 17
13 18
13 19
13 20
13 21
13 22
13 23
13 24
13 25
13 26
13 27
13 28
13 29
13 30
13 32
13 33
13 35
13 36
13 37
13 38
13 39
13 40
13 41
13 42
13 44
13 45
13 47
13 51
13 52
13 53
13 54
13 55
13 56
13 58
13 60
13 63
13 64
13 66
13 67
13 68
13 71
13 74
13 75
13 76
13 77
13 78
13 79
13 80
13 81
13 83
13 84
13 85
13 86
13 87
13 89
13 92
13 94
13 96
13 97
13 100
13 101
13 102
13 105
13 114
13 117
13 118
13 119
13 120
13 121
13 122
13 127
13 132
13 133
13 134
13 137
13 142
13 148
13 157
13 159
13 161
13 162
13 176
13 187
13 191
13 196
13 198
13 200
13 204
13 212
13 213
13 214
13 223
13 240
13 246
13 249
13 250
13 253
13 256
13 265
13 269
13 270
13 282
13 283
13 289
13 293
13 294
13 297
14 15
14 16
14 17
14 18
14 19
14 20
14 21
14 22
14 23
14 24
14 25
14 26
14 27
14 28
14 29
14 30
14 31
14 32
14 33
14 34
14 35
14 36
14 37
14 38
14 40
14 41
14 42
14 43
14 46
14 47
14 48
14 50
14 51
14 52
14 53
14 54
14 58
14 59
14 60
14 62
14 63
14 65
14 66
14 68
14 69
14 72
14 74
14 75
14 76
14 81
14 82
14 83
14 84
14 86
14 87
14 89
14 91
14 92
14 94
14 97
14 102
14 106
14 109
14 113
14 114
14 122
14 127
14 128
14 130
14 133
14 139
14 145
14 146
14 150
14 153
14 154
14 158
14 159
14 162
14 164
14 166
14 167
14 169
14 178
14 181
14 185
14 186
14 187
14 189
14 191
14 192
14 195
14 196
14 198
14 213
14 216
14 218
14 219
14 223
14 228
14 229
14 234
14 235
14 236
14 245
14 247
14 252
14 257
14 258
14 261
14 268
14 270
14 276
14 277
14 282
14 297
15 16
15 17
15 18
15 19
15 20
15 21
15 22
15 23
15 24
15 25
15 26
15 27
15 28
15 29
15 30
15 31
15 32
15 33
15 34
15 35
15 36
15 39
15 40
15 41
15 42
15 43
15 44
15 46
15 49
15 50
15 51
15 53
15 57
15 58
15 59
15 60
15 63
15 64
15 65
15 66
15 68
15 69
15 73
15 76
15 78
15 79
15 81
15 82
15 84
15 90
15 91
15 92
15 96
15 98
15 101
15 102
15 105
15 106
15 107
15 119
15 123
15 124
15 132
15 133
15 134
15 136
15 137
15 140
15 144
15 145
15 149
15 150
15 154
15 156
15 159
15 163
15 164
15 167
15 172
15 179
15 180
15 181
15 182
15 184
15 188
15 200
15 206
15 209
15 210
15 215
15 217
15 219
15 222
15 228
15 231
15 237
15 239
15 243
15 249
15 255
15 257
15 263
15 267
15 268
15 269
15 276
15 285
15 291
16 17
16 18
16 19
16 20
16 21
16 22
16 23
16 24
16 25
16 26
16 27
16 28
16 29
16 30
16 31
16 32
16 33
16 34
16 35
16 36
16 37
16 38
16 39
16 40
16 41
16 43
16 44
16 45
16 46
16 47
16 49
16 50
16 52
16 53
16 54
16 56
16 57
16 58
16 61
16 62
16 63
16 66
16 67
16 69
16 70
16 72
16 74
16 76
16 80
16 81
16 83
16 85
16 87
16 90
16 91
16 93
16 97
16 102
16 108
16 109
16 112
16 115
16 116
16 117
16 119
16 124
16 130
16 133
16 138
16 143
16 144
16 151
16 152
16 154
16 157
16 161
16 162
16 167
16 171
16 174
16 175
16 176
16 182
16 183
16 187
16 188
16 190
16 193
16 195
16 202
16 203
16 204
16 209
16 217
16 219
16 222
16 223
16 224
16 229
16 232
16 234
16 239
16 243
16 244
16 254
16 256
16 258
16 261
16 262
16 264
16 265
16 267
16 272
16 280
16 285
16 286
16 291
16 296
17 18
17 19
17 20
17 21
17 22
17 23
17 24
17 25
17 26
17 27
17 28
17 29
17 30
17 32
17 33
17 34
17 35
17 36
17 38
17 39
17 40
17 41
17 42
17 43
17 44
17 46
17 48
17 50
17 53
17 54
17 55
17 58
17 59
17 60
17 62
17 66
17 70
17 72
17 74
17 75
17 77
17 78
17 79
17 80
17 81
17 84
17 90
17 92
17 94
17 98
17 100
17 102
17 104
17 105
17 107
17 120
17 124
17 127
17 130
17 132
17 135
17 138
17 142
17 149
17 152
17 158
17 161
17 163
17 164
17 166
17 169
17 174
17 182
17 183
17 185
17 188
17 191
17 192
17 194
17 195
17 196
17 199
17 200
17 207
17 212
17 214
17 215
17 232
17 239
17 244
17 245
17 249
17 252
17 253
17 254
17 256
17 258
17 259
17 272
17 273
17 277
17 281
17 286
17 289
17 292
17 297
18 19
18 20
18 21
18 22
18 23
18 24
18 25
18 26
18 27
18 28
18 29
18 30
18 31
18 32
18 33
18 34
18 35
18 37
18 39
18 40
18 41
18 42
18 43
18 45
18 46
18 47
18 48
18 49
18 50
18 51
18 52
18 53
18 54
18 55
18 57
18 61
18 62
18 63
18 64
18 65
18 67
18 73
18 74
18 75
18 80
18 82
18 83
18 84
18 87
18 91
18 94
18 96
18 99
18 100
18 101
18 103
18 105
18 107
18 115
18 118
18 120
18 122
18 131
18 132
18 134
18 135
18 136
18 145
18 146
18 149
18 152
18 154
18 156
18 158
18 165
18 171
18 175
18 179
18 180
18 183
18 188
18 194
18 197
18 207
18 213
18 217
18 220
18 226
18 231
18 233
18 236
18 239
18 241
18 251
18 259
18 260
18 261
18 263
18 269
18 291
18 295
18 299
19 20
19 21
19 22
19 23
19 24
19 25
19 26
19 27
19 28
19 29
19 30
19 31
19 33
19 34
19 35
19 37
19 38
19 39
19 40
19 41
19 42
19 43
19 44
19 46
19 47
19 50
19 55
19 57
19 59
19 60
19 61
19 62
19 65
19 66
19 67
19 68
19 69
19 70
19 71
19 74
19 75
19 76
19 78
19 79
19 81
19 84
19 85
19 89
19 90
19 93
19 94
19 96
19 98
19 102
19 103
19 113
19 116
19 119
19 121
19 123
19 124
19 129
19 130
19 134
19 140
19 142
19 144
19 145
19 148
19 150
19 157
19 162
19 163
19 166
19 167
19 171
19 172
19 173
19 175
19 176
19 177
19 179
19 182
19 189
19 190
19 194
19 202
19 203
19 209
19 214
19 228
19 232
19 234
19 236
19 239
19 240
19 243
19 244
19 246
19 261
19 265
19 266
19 267
19 269
19 275
19 281
19 282
19 283
19 284
19 289
19 294
20 21
20 22
20 23
20 24
20 25
20 26
20 27
20 28
20 29
20 30
20 31
20 32
20 33
20 34
20 37
20 38
20 39
20 41
20 42
20 43
20 44
20 46
20 47
20 48
20 50
20 51
20 52
20 55
20 57
20 59
20 60
20 62
20 68
20 69
20 70
20 71
20 72
20 73
20 74
20 75
20 80
20 81
20 82
20 84
20 86
20 87
20 90
20 92
20 93
20 94
20 96
20 97
20 101
20 102
20 104
20 105
20 107
20 110
20 111
20 112
20 113
20 117
20 121
20 122
20 123
20 124
20 125
20 128
20 132
20 135
20 138
20 144
20 147
20 148
20 151
20 158
20 160
20 162
20 164
20 165
20 166
20 172
20 175
20 180
20 181
20 183
20 184
20 188
20 193
20 200
20 205
20 206
20 208
20 211
20 213
20 216
20 218
20 224
20 232
20 234
20 236
20 241
20 244
20 246
20 247
20 255
20 269
20 273
20 286
20 287
20 288
20 291
20 293
20 295
21 22
21 23
21 24
21 25
21 26
21 27
21 28
21 29
21 30
21 31
21 32
21 33
21 34
21 35
21 37
21 40
21 43
21 44
21 46
21 52
21 54
21 57
21 58
21 59
21 61
21 64
21 69
21 71
21 72
21 75
21 77
21 83
21 84
21 88
21 89
21 92
21 95
21 105
21 107
21 108
21 110
21 115
21 120
21 124
21 128
21 134
21 136
21 138
21 141
21 147
21 148
21 152
21 154
21 156
21 167
21 171
21 175
21 176
21 177
21 181
21 185
21 187
21 193
21 195
21 196
21 198
21 203
21 205
21 208
21 215
21 230
21 238
21 239
21 240
21 251
21 264
21 278
21 286
22 23
22 24
22 25
22 26
22 27
22 28
22 29
22 30
22 31
22 32
22 33
22 34
22 36
22 37
22 38
22 39
22 40
22 42
22 43
22 44
22 45
22 46
22 48
22 49
22 50
22 51
22 52
22 53
22 54
22 55
22 58
22 61
22 63
22 64
22 67
22 68
22 69
22 70
22 71
22 72
22 77
22 78
22 79
22 80
22 82
22 83
22 84
22 95
22 96
22 99
22 101
22 104
22 107
22 108
22 114
22 116
22 122
22 123
22 125
22 126
22 128
22 131
22 140
22 143
22 144
22 146
22 149
22 156
22 158
22 159
22 161
22 169
22 172
22 175
22 177
22 178
22 182
22 185
22 187
22 190
22 193
22 195
22 200
22 202
22 204
22 206
22 219
22 222
22 225
22 227
22 228
22 229
22 232
22 235
22 236
22 238
22 242
22 243
22 247
22 252
22 254
22 262
22 271
22 275
22 281
22 285
22 286
22 294
22 295
22 298
23 24
23 25
23 26
23 27
23 28
23 29
23 30
23 31
23 32
23 33
23 34
23 35
23 36
23 37
23 38
23 39
23 41
23 44
23 45
23 47
23 48
23 49
23 50
23 51
23 52
23 53
23 54
23 58
23 59
23 63
23 64
23 67
23 68
23 71
23 72
23 74
23 75
23 77
23 78
23 79
23 81
23 82
23 85
23 86
23 89
23 92
23 93
23 94
23 97
23 98
23 99
23 100
23 102
23 105
23 108
23 110
23 113
23 115
23 120
23 121
23 122
23 123
23 125
23 126
23 128
23 130
23 132
23 133
23 137
23 141
23 144
23 145
23 160
23 167
23 169
23 173
23 178
23 180
23 183
23 196
23 197
23 199
23 209
23 210
23 215
23 216
23 218
23 223
23 224
23 231
23 233
23 235
23 237
23 240
23 242
23 245
23 247
23 248
23 262
23 264
23 269
23 280
23 281
23 292
23 297
23 299
24 25
24 26
24 27
24 28
24 29
24 30
24 31
24 32
24 33
24 35
24 36
24 39
24 41
24 42
24 43
24 44
24 47
24 49
24 50
24 51
24 54
24 57
24 62
24 63
24 65
24 66
24 68
24 74
24 78
24 82
24 85
24 90
24 91
24 94
24 95
24 98
24 99
24 106
24 107
24 110
24 111
24 112
24 120
24 121
24 125
24 126
24 127
24 128
24 129
24 130
24 142
24 147
24 149
24 150
24 151
24 155
24 158
24 162
24 163
24 164
24 169
24 173
24 175
24 177
24 180
24 181
24 182
24 187
24 189
24 191
24 192
24 200
24 201
24 212
24 215
24 227
24 233
24 240
24 245
24 247
24 256
24 259
24 263
24 268
24 270
24 271
24 273
24 282
24 283
24 284
24 285
24 286
24 287
25 26
25 27
25 28
25 29
25 30
25 31
25 33
25 34
25 35
25 36
25 37
25 38
25 39
25 40
25 41
25 42
25 43
25 45
25 46
25 47
25 48
25 49
25 52
25 53
25 54
25 55
25 56
25 57
25 58
25 59
25 61
25 63
25 64
25 65
25 68
25 70
25 71
25 72
25 73
25 75
25 80
25 81
25 85
25 87
25 88
25 91
25 93
25 94
25 96
25 97
25 104
25 106
25 108
25 113
25 114
25 127
25 145
25 157
25 158
25 161
25 163
25 174
25 175
25 190
25 191
25 194
25 206
25 209
25 213
25 214
25 218
25 220
25 223
25 234
25 235
25 236
25 256
25 263
25 266
25 270
25 274
25 279
25 281
25 293
25 296
25 299
26 27
26 28
26 29
26 30
26 31
26 32
26 33
26 34
26 35
26 37
26 38
26 39
26 42
26 44
26 45
26 47
26 48
26 49
26 50
26 52
26 54
26 55
26 58
26 59
26 60
26 61
26 63
26 66
26 67
26 70
26 72
26 74
26 75
26 77
26 80
26 81
26 82
26 87
26 91
26 93
26 94
26 97
26 98
26 99
26 100
26 101
26 102
26 104
26 110
26 111
26 113
26 115
26 118
26 119
26 122
26 123
26 127
26 128
26 130
26 131
26 135
26 138
26 143
26 148
26 152
26 166
26 173
26 174
26 176
26 182
26 187
26 189
26 191
26 193
26 199
26 200
26 210
26 213
26 216
26 217
26 229
26 235
26 239
26 245
26 248
26 250
26 254
26 268
26 280
26 298
27 28
27 29
27 30
27 31
27 32
27 33
27 34
27 35
27 36
27 37
27 39
27 42
27 43
27 44
27 47
27 48
27 49
27 50
27 53
27 54
27 58
27 59
27 60
27 62
27 63
27 65
27 67
27 68
27 70
27 73
27 78
27 84
27 85
27 87
27 88
27 90
27 91
27 93
27 94
27 95
27 96
27 100
27 107
27 108
27 115
27 116
27 117
27 118
27 119
27 121
27 123
27 126
27 127
27 129
27 131
27 138
27 139
27 143
27 146
27 154
27 158
27 160
27 166
27 167
27 169
27 170
27 184
27 187
27 189
27 191
27 198
27 202
27 203
27 206
27 210
27 211
27 214
27 216
27 219
27 229
27 237
27 239
27 240
27 247
27 251
27 261
27 262
27 266
27 268
27 274
27 276
27 280
27 282
27 283
27 285
27 296
28 29
28 31
28 32
28 33
28 34
28 35
28 36
28 37
28 38
28 39
28 40
28 43
28 44
28 45
28 46
28 48
28 49
28 51
28 52
28 54
28 55
28 56
28 57
28 59
28 61
28 63
28 64
28 65
28 66
28 67
28 69
28 70
28 71
28 72
28 76
28 78
28 82
28 83
28 84
28 85
28 88
28 89
28 91
28 98
28 99
28 101
28 103
28 105
28 107
28 109
28 113
28 116
28 118
28 123
28 124
28 129
28 130
28 131
28 132
28 135
28 136
28 139
28 147
28 148
28 151
28 152
28 154
28 155
28 157
28 159
28 160
28 161
28 165
28 166
28 168
28 169
28 171
28 172
28 174
28 176
28 178
28 182
28 189
28 190
28 200
28 211
28 212
28 216
28 220
28 224
28 229
28 230
28 242
28 246
28 257
28 260
28 268
28 270
28 272
28 290
28 292
28 297
29 30
29 31
29 32
29 33
29 34
29 36
29 37
29 38
29 41
29 42
29 44
29 45
29 47
29 48
29 49
29 53
29 54
29 55
29 56
29 59
29 61
29 62
29 64
29 67
29 68
29 71
29 79
29 81
29 82
29 88
29 89
29 90
29 94
29 95
29 96
29 99
29 102
29 111
29 115
29 117
29 120
29 122
29 126
29 129
29 131
29 133
29 135
29 142
29 150
29 157
29 158
29 162
29 172
29 176
29 177
29 178
29 179
29 186
29 187
29 188
29 192
29 200
29 212
29 216
29 218
29 224
29 237
29 246
29 248
29 255
29 261
29 265
29 279
29 286
29 289
29 294
30 31
30 32
30 33
30 34
30 35
30 36
30 37
30 39
30 40
30 41
30 43
30 44
30 45
30 46
30 48
30 49
30 50
30 51
30 52
30 53
30 55
30 56
30 58
30 59
30 60
30 61
30 66
30 67
30 69
30 70
30 72
30 73
30 74
30 75
30 76
30 78
30 79
30 81
30 82
30 83
30 84
30 90
30 94
30 97
30 99
30 103
30 108
30 111
30 112
30 115
30 116
30 117
30 118
30 119
30 120
30 123
30 126
30 127
30 130
30 132
30 133
30 136
30 138
30 141
30 142
30 146
30 147
30 148
30 151
30 152
30 153
30 156
30 159
30 160
30 161
30 164
30 165
30 167
30 168
30 170
30 171
30 173
30 182
30 184
30 188
30 192
30 193
30 197
30 198
30 214
30 215
30 218
30 221
30 228
30 230
30 233
30 234
30 236
30 240
30 242
30 244
30 246
30 248
30 250
30 252
30 254
30 262
30 268
30 271
30 272
30 273
30 275
30 281
30 282
30 283
31 32
31 33
31 36
31 37
31 38
31 39
31 40
31 41
31 42
31 45
31 46
31 48
31 53
31 54
31 55
31 57
31 59
31 64
31 65
31 67
31 69
31 71
31 74
31 75
31 76
31 78
31 80
31 85
31 86
31 89
31 90
31 92
31 94
31 95
31 98
31 99
31 103
31 106
31 109
31 117
31 120
31 121
31 124
31 130
31 132
31 133
31 136
31 137
31 141
31 142
31 143
31 146
31 150
31 151
31 155
31 158
31 168
31 171
31 178
31 181
31 185
31 190
31 201
31 204
31 206
31 207
31 210
31 211
31 213
31 216
31 217
31 229
31 233
31 235
31 244
31 245
31 249
31 251
31 257
31 259
31 266
31 269
31 274
31 275
31 276
31 277
31 282
31 284
31 289
32 33
32 34
32 35
32 36
32 37
32 38
32 39
32 41
32 42
32 43
32 45
32 48
32 49
32 50
32 51
32 52
32 53
32 55
32 56
32 58
32 60
32 61
32 65
32 69
32 70
32 71
32 73
32 74
32 75
32 77
32 79
32 81
32 82
32 84
32 85
32 86
32 90
32 91
32 93
32 97
32 99
32 111
32 119
32 124
32 125
32 132
32 133
32 134
32 136
32 137
32 139
32 142
32 146
32 148
32 150
32 153
32 155
32 157
32 159
32 166
32 168
32 169
32 171
32 178
32 187
32 197
32 198
32 199
32 209
32 213
32 215
32 221
32 222
32 229
32 237
32 238
32 239
32 240
32 241
32 248
32 252
32 253
32 263
32 269
32 275
32 290
32 293
33 34
33 35
33 37
33 38
33 40
33 41
33 42
33 43
33 44
33 48
33 51
33 56
33 57
33 60
33 61
33 62
33 65
33 66
33 67
33 69
33 73
33 76
33 81
33 82
33 85
33 86
33 87
33 91
33 96
33 100
33 106
33 108
33 109
33 114
33 119
33 120
33 121
33 125
33 128
33 130
33 134
33 136
33 138
33 141
33 146
33 151
33 166
33 169
33 174
33 179
33 181
33 183
33 184
33 185
33 187
33 192
33 204
33 206
33 207
33 214
33 219
33 222
33 225
33 227
33 230
33 237
33 241
33 243
33 244
33 245
33 246
33 252
33 253
33 259
33 271
33 272
33 277
33 281
33 284
33 288
33 292
33 297
34 35
34 36
34 37
34 38
34 39
34 40
34 41
34 42
34 44
34 48
34 52
34 55
34 56
34 57
34 59
34 63
34 66
34 71
34 72
34 77
34 81
34 85
34 86
34 91
34 102
34 104
34 106
34 107
34 115
34 118
34 121
34 122
34 131
34 133
34 138
34 140
34 141
34 147
34 157
34 160
34 167
34 170
34 171
34 173
34 175
34 177
34 185
34 187
34 191
34 206
34 211
34 219
34 222
34 230
34 231
34 240
34 249
34 251
34 266
34 268
34 269
34 271
34 283
34 284
35 37
35 43
35 45
35 46
35 47
35 48
35 49
35 50
35 52
35 54
35 56
35 63
35 64
35 65
35 66
35 67
35 68
35 71
35 76
35 77
35 79
35 80
35 83
35 86
35 87
35 88
35 89
35 91
35 95
35 96
35 98
35 100
35 105
35 108
35 113
35 114
35 120
35 122
35 123
35 124
35 132
35 133
35 135
35 136
35 137
35 148
35 151
35 155
35 156
35 159
35 162
35 163
35 164
35 166
35 170
35 173
35 180
35 186
35 187
35 188
35 192
35 196
35 198
35 205
35 217
35 218
35 220
35 235
35 237
35 250
35 257
35 271
35 274
35 279
35 282
35 289
35 290
35 294
36 38
36 39
36 40
36 41
36 42
36 43
36 44
36 45
36 48
36 50
36 51
36 52
36 53
36 55
36 56
36 57
36 59
36 65
36 66
36 70
36 71
36 75
36 77
36 78
36 83
36 84
36 89
36 92
36 93
36 98
36 100
36 101
36 104
36 111
36 113
36 116
36 117
36 118
36 119
36 120
36 125
36 129
36 141
36 143
36 146
36 151
36 152
36 156
36 157
36 161
36 167
36 169
36 179
36 180
36 185
36 187
36 188
36 189
36 193
36 194
36 200
36 201
36 202
36 203
36 204
36 207
36 211
36 218
36 221
36 225
36 233
36 234
36 235
36 251
36 252
36 253
36 255
36 259
36 261
36 264
36 265
36 272
36 274
36 275
36 279
36 289
36 291
36 292
36 293
36 296
36 299
37 38
37 42
37 43
37 44
37 46
37 47
37 48
37 49
37 53
37 56
37 59
37 62
37 63
37 64
37 65
37 67
37 70
37 71
37 75
37 77
37 82
37 86
37 87
37 88
37 89
37 90
37 92
37 93
37 94
37 97
37 101
37 104
37 107
37 111
37 112
37 117
37 118
37 120
37 123
37 124
37 127
37 130
37 135
37 143
37 144
37 154
37 155
37 156
37 159
37 162
37 171
37 175
37 178
37 181
37 185
37 191
37 194
37 196
37 198
37 202
37 203
37 212
37 220
37 223
37 229
37 232
37 233
37 245
37 248
37 259
37 266
37 269
37 279
37 282
37 284
37 288
37 296
37 297
37 298
37 299
38 40
38 47
38 49
38 50
38 51
38 52
38 56
38 58
38 59
38 62
38 63
38 64
38 68
38 79
38 82
38 83
38 85
38 86
38 92
38 95
38 101
38 102
38 106
38 114
38 118
38 121
38 125
38 138
38 139
38 140
38 144
38 145
38 153
38 154
38 160
38 164
38 169
38 176
38 181
38 185
38 191
38 198
38 199
38 210
38 231
38 234
38 238
38 239
38 242
38 246
38 256
38 262
38 278
38 288
38 295
38 297
39 40
39 42
39 43
39 44
39 45
39 47
39 49
39 53
39 56
39 57
39 60
39 64
39 65
39 68
39 74
39 75
39 77
39 78
39 83
39 84
39 86
39 88
39 89
39 93
39 95
39 102
39 104
39 109
39 111
39 112
39 113
39 118
39 127
39 133
39 134
39 140
39 142
39 143
39 144
39 159
39 163
39 164
39 166
39 172
39 177
39 179
39 189
39 205
39 206
39 207
39 210
39 213
39 224
39 225
39 226
39 228
39 232
39 251
39 258
39 266
39 269
39 270
39 272
39 276
39 277
39 278
39 280
39 297
40 42
40 45
40 47
40 49
40 50
40 51
40 53
40 55
40 56
40 58
40 60
40 61
40 64
40 67
40 68
40 70
40 75
40 76
40 80
40 81
40 82
40 85
40 86
40 89
40 90
40 93
40 98
40 105
40 110
40 112
40 114
40 115
40 118
40 119
40 124
40 128
40 131
40 153
40 161
40 176
40 179
40 183
40 186
40 188
40 189
40 191
40 200
40 208
40 211
40 213
40 220
40 224
40 225
40 226
40 230
40 232
40 236
40 237
40 247
40 269
40 271
40 277
40 278
40 291
40 298
41 42
41 44
41 45
41 47
41 48
41 49
41 50
41 51
41 52
41 55
41 58
41 62
41 65
41 66
41 68
41 69
41 73
41 76
41 84
41 86
41 87
41 88
41 89
41 93
41 97
41 99
41 100
41 102
41 104
41 105
41 107
41 122
41 126
41 129
41 130
41 131
41 137
41 138
41 142
41 143
41 147
41 152
41 153
41 155
41 156
41 158
41 173
41 176
41 184
41 185
41 191
41 196
41 203
41 207
41 216
41 217
41 219
41 221
41 222
41 223
41 225
41 233
41 238
41 242
41 246
41 256
41 259
41 267
41 279
41 281
41 292
41 293
41 298
42 43
42 45
42 46
42 47
42 48
42 49
42 50
42 51
42 53
42 54
42 56
42 58
42 62
42 69
42 70
42 71
42 72
42 73
42 85
42 86
42 91
42 95
42 100
42 101
42 109
42 112
42 114
42 118
42 130
42 131
42 132
42 133
42 136
42 140
42 141
42 144
42 145
42 146
42 151
42 165
42 166
42 168
42 188
42 203
42 209
42 217
42 227
42 231
42 235
42 238
42 241
42 245
42 252
42 258
42 261
42 263
42 264
42 270
42 271
42 273
42 275
42 276
42 280
42 290
42 294
43 44
43 45
43 47
43 48
43 49
43 56
43 57
43 60
43 61
43 64
43 66
43 67
43 70
43 74
43 77
43 79
43 81
43 87
43 95
43 97
43 98
43 99
43 102
43 103
43 105
43 106
43 113
43 116
43 119
43 120
43 121
43 125
43 127
43 148
43 149
43 151
43 155
43 162
43 163
43 179
43 181
43 190
43 192
43 195
43 196
43 199
43 203
43 214
43 220
43 230
43 236
43 240
43 248
43 254
43 257
43 259
43 273
43 275
43 283
43 288
44 45
44 46
44 47
44 49
44 50
44 52
44 53
44 54
44 57
44 59
44 60
44 62
44 63
44 64
44 65
44 69
44 70
44 73
44 74
44 75
44 76
44 78
44 80
44 81
44 82
44 85
44 88
44 91
44 92
44 94
44 96
44 98
44 99
44 103
44 105
44 108
44 109
44 110
44 111
44 116
44 117
44 124
44 125
44 131
44 134
44 141
44 143
44 144
44 145
44 148
44 153
44 157
44 161
44 162
44 166
44 167
44 177
44 183
44 186
44 188
44 190
44 195
44 198
44 204
44 210
44 211
44 218
44 233
44 244
44 246
44 248
44 258
44 273
44 274
44 282
44 284
44 285
44 288
44 295
44 299
45 46
45 47
45 48
45 51
45 60
45 64
45 67
45 70
45 71
45 74
45 76
45 86
45 91
45 94
45 96
45 101
45 103
45 106
45 108
45 109
45 110
45 111
45 116
45 118
45 120
45 127
45 136
45 137
45 147
45 148
45 149
45 159
45 164
45 165
45 169
45 173
45 178
45 179
45 182
45 190
45 193
45 196
45 201
45 204
45 216
45 218
45 219
45 224
45 229
45 254
45 260
45 267
45 268
45 283
46 51
46 56
46 57
46 58
46 59
46 61
46 65
46 66
46 69
46 72
46 75
46 76
46 77
46 80
46 85
46 89
46 95
46 100
46 106
46 108
46 123
46 124
46 138
46 154
46 160
46 169
46 170
46 178
46 190
46 201
46 202
46 226
46 227
46 235
46 249
46 256
46 271
46 275
46 296
46 298
47 51
47 53
47 54
47 57
47 58
47 60
47 61
47 62
47 63
47 69
47 72
47 73
47 78
47 81
47 82
47 86
47 87
47 90
47 98
47 101
47 102
47 104
47 105
47 114
47 121
47 122
47 123
47 129
47 131
47 134
47 137
47 153
47 156
47 157
47 158
47 159
47 162
47 163
47 165
47 178
47 189
47 191
47 198
47 201
47 206
47 211
47 212
47 217
47 218
47 228
47 252
47 263
47 264
47 267
47 284
47 287
47 288
47 289
47 290
47 296
48 49
48 58
48 59
48 61
48 62
48 63
48 65
48 66
48 69
48 71
48 72
48 75
48 76
48 77
48 78
48 79
48 80
48 83
48 84
48 88
48 89
48 90
48 92
48 93
48 95
48 96
48 102
48 103
48 105
48 107
48 111
48 115
48 117
48 119
48 124
48 125
48 126
48 128
48 129
48 137
48 138
48 139
48 140
48 141
48 142
48 145
48 150
48 151
48 164
48 174
48 177
48 178
48 181
48 182
48 184
48 186
48 191
48 204
48 218
48 231
48 236
48 240
48 244
48 246
48 249
48 252
48 258
48 259
48 260
48 266
48 267
48 277
48 280
48 283
48 285
48 289
48 298
49 51
49 55
49 63
49 64
49 66
49 67
49 73
49 76
49 77
49 78
49 79
49 82
49 90
49 91
49 93
49 97
49 100
49 101
49 103
49 104
49 106
49 113
49 131
49 133
49 135
49 137
49 139
49 142
49 143
49 146
49 156
49 157
49 161
49 163
49 174
49 179
49 180
49 183
49 196
49 198
49 205
49 223
49 225
49 229
49 233
49 278
49 282
49 285
49 286
49 298
50 52
50 60
50 61
50 62
50 65
50 66
50 67
50 69
50 72
50 73
50 81
50 83
50 84
50 85
50 89
50 90
50 95
50 97
50 99
50 105
50 110
50 112
50 113
50 114
50 117
50 122
50 128
50 129
50 133
50 136
50 137
50 139
50 143
50 144
50 147
50 148
50 149
50 150
50 152
50 154
50 161
50 164
50 176
50 181
50 182
50 184
50 185
50 189
50 192
50 194
50 196
50 197
50 199
50 202
50 206
50 207
50 208
50 210
50 213
50 217
50 219
50 221
50 238
50 252
50 255
50 259
50 261
50 265
50 268
50 272
50 275
50 277
50 281
50 285
50 286
50 288
50 289
50 295
50 296
51 53
51 54
51 57
51 59
51 61
51 62
51 65
51 68
51 71
51 75
51 78
51 79
51 80
51 82
51 84
51 85
51 89
51 92
51 94
51 95
51 97
51 104
51 108
51 110
51 115
51 120
51 127
51 129
51 134
51 141
51 150
51 157
51 162
51 184
51 199
51 203
51 204
51 206
51 214
51 221
51 225
51 240
51 247
51 253
51 255
51 258
51 269
51 272
51 279
51 280
51 282
51 289
51 293
51 299
52 53
52 54
52 55
52 56
52 59
52 64
52 65
52 68
52 70
52 72
52 73
52 75
52 81
52 83
52 85
52 88
52 91
52 93
52 102
52 105
52 106
52 111
52 112
52 118
52 119
52 123
52 125
52 126
52 128
52 132
52 134
52 135
52 140
52 147
52 149
52 152
52 157
52 165
52 171
52 174
52 177
52 179
52 181
52 184
52 185
52 195
52 196
52 199
52 208
52 209
52 213
52 215
52 218
52 225
52 226
52 242
52 248
52 252
52 263
52 270
52 289
52 291
52 292
52 294
52 295
52 299
53 58
53 62
53 63
53 65
53 67
53 71
53 73
53 75
53 79
53 92
53 108
53 113
53 122
53 124
53 138
53 144
53 153
53 159
53 165
53 175
53 217
53 218
53 225
53 228
53 231
53 233
53 240
53 247
53 256
53 263
53 268
53 270
53 275
53 286
53 287
53 298
54 55
54 56
54 58
54 61
54 64
54 67
54 69
54 72
54 74
54 77
54 78
54 85
54 88
54 92
54 96
54 98
54 104
54 109
54 114
54 116
54 117
54 131
54 133
54 144
54 145
54 146
54 148
54 163
54 164
54 171
54 194
54 200
54 206
54 214
54 218
54 228
54 230
54 231
54 243
54 249
54 255
54 257
54 267
54 268
55 57
55 58
55 60
55 61
55 63
55 66
55 69
55 71
55 74
55 75
55 77
55 81
55 86
55 88
55 91
55 92
55 94
55 96
55 97
55 99
55 110
55 112
55 113
55 114
55 117
55 128
55 129
55 134
55 136
55 137
55 153
55 154
55 162
55 174
55 180
55 186
55 189
55 190
55 207
55 213
55 225
55 227
55 239
55 244
55 267
55 270
55 275
55 281
55 283
56 57
56 58
56 60
56 71
56 72
56 76
56 80
56 83
56 87
56 96
56 103
56 105
56 107
56 113
56 121
56 123
56 131
56 137
56 142
56 144
56 146
56 147
56 154
56 155
56 156
56 170
56 172
56 174
56 176
56 177
56 192
56 195
56 197
56 208
56 213
56 220
56 229
56 243
56 245
56 251
56 256
56 258
56 266
56 276
56 277
56 279
56 282
57 60
57 61
57 64
57 73
57 80
57 86
57 88
57 89
57 98
57 99
57 106
57 107
57 119
57 130
57 132
57 138
57 139
57 140
57 154
57 164
57 166
57 175
57 176
57 180
57 182
57 183
57 188
57 189
57 193
57 198
57 211
57 212
57 215
57 227
57 240
57 247
57 261
57 287
58 60
58 61
58 63
58 70
58 73
58 75
58 77
58 80
58 86
58 88
58 89
58 93
58 97
58 98
58 101
58 102
58 113
58 119
58 124
58 127
58 140
58 141
58 143
58 161
58 183
58 195
58 202
58 204
58 206
58 209
58 229
58 232
58 237
58 238
58 251
58 256
58 257
58 261
58 266
58 270
58 282
58 290
58 291
58 297
59 60
59 62
59 65
59 68
59 76
59 86
59 102
59 108
59 109
59 121
59 125
59 126
59 129
59 132
59 136
59 139
59 140
59 142
59 149
59 150
59 157
59 158
59 163
59 164
59 169
59 171
59 174
59 175
59 178
59 179
59 186
59 192
59 193
59 197
59 208
59 219
59 231
59 234
59 236
59 243
59 253
59 257
59 260
59 264
59 272
59 273
59 274
59 287
59 288
59 298
60 61
60 64
60 72
60 76
60 80
60 83
60 88
60 89
60 94
60 96
60 99
60 100
60 101
60 104
60 108
60 109
60 110
60 111
60 112
60 114
60 115
60 116
60 120
60 123
60 133
60 137
60 138
60 142
60 143
60 149
60 151
60 154
60 155
60 156
60 160
60 165
60 167
60 171
60 172
60 175
60 177
60 181
60 183
60 184
60 199
60 201
60 202
60 205
60 210
60 212
60 213
60 218
60 229
60 232
60 235
60 237
60 245
60 247
60 257
60 258
60 259
60 268
60 270
60 280
60 284
60 285
60 286
60 290
60 291
60 299
61 62
61 64
61 72
61 74
61 79
61 80
61 84
61 88
61 94
61 104
61 113
61 118
61 125
61 126
61 139
61 143
61 147
61 155
61 156
61 159
61 163
61 179
61 186
61 190
61 191
61 192
61 195
61 208
61 213
61 216
61 227
61 228
61 236
61 240
61 241
61 246
61 249
61 254
61 265
61 268
61 279
61 298
62 63
62 65
62 66
62 69
62 77
62 78
62 79
62 83
62 84
62 86
62 89
62 95
62 100
62 106
62 112
62 117
62 132
62 140
62 141
62 145
62 146
62 152
62 165
62 174
62 182
62 195
62 202
62 205
62 216
62 241
62 251
62 287
62 288
62 291
63 65
63 66
63 70
63 74
63 79
63 82
63 91
63 95
63 101
63 105
63 126
63 132
63 135
63 136
63 140
63 152
63 155
63 162
63 170
63 173
63 179
63 183
63 186
63 189
63 191
63 193
63 199
63 203
63 206
63 211
63 220
63 231
63 236
63 241
63 243
63 247
63 258
63 259
63 277
63 279
63 291
63 292
63 296
64 68
64 69
64 70
64 72
64 74
64 76
64 85
64 87
64 90
64 102
64 104
64 105
64 117
64 120
64 121
64 123
64 124
64 127
64 137
64 138
64 139
64 151
64 159
64 164
64 166
64 167
64 170
64 179
64 182
64 185
64 190
64 197
64 208
64 214
64 218
64 242
64 246
64 251
64 255
64 264
64 265
64 273
64 287
64 298
64 299
65 67
65 76
65 79
65 84
65 89
65 93
65 94
65 103
65 110
65 116
65 117
65 118
65 125
65 140
65 150
65 156
65 164
65 165
65 166
65 178
65 187
65 189
65 191
65 210
65 224
65 229
65 232
65 233
65 236
65 263
65 268
65 271
65 275
65 293
65 299
66 68
66 77
66 79
66 87
66 95
66 98
66 99
66 100
66 110
66 112
66 114
66 116
66 126
66 135
66 136
66 137
66 145
66 148
66 150
66 163
66 179
66 181
66 184
66 185
66 203
66 207
66 214
66 222
66 246
66 264
66 273
66 296
67 73
67 76
67 87
67 92
67 95
67 101
67 107
67 115
67 129
67 134
67 136
67 142
67 149
67 151
67 178
67 193
67 201
67 202
67 210
67 228
67 230
67 238
67 252
67 258
67 261
67 269
67 270
67 273
67 288
68 70
68 71
68 73
68 79
68 83
68 87
68 98
68 101
68 103
68 104
68 105
68 108
68 109
68 114
68 135
68 137
68 138
68 140
68 153
68 156
68 159
68 165
68 167
68 173
68 177
68 199
68 214
68 217
68 232
68 237
68 240
68 242
68 250
68 294
69 72
69 74
69 78
69 84
69 85
69 86
69 90
69 91
69 94
69 96
69 98
69 101
69 111
69 113
69 115
69 121
69 123
69 128
69 140
69 155
69 163
69 189
69 191
69 196
69 200
69 203
69 208
69 209
69 212
69 219
69 232
69 245
69 253
69 255
69 257
69 268
69 275
69 284
70 71
70 78
70 79
70 82
70 84
70 88
70 90
70 92
70 96
70 100
70 102
70 103
70 112
70 122
70 137
70 138
70 154
70 158
70 168
70 170
70 172
70 175
70 176
70 182
70 196
70 207
70 233
70 236
70 245
70 251
70 256
70 283
71 74
71 81
71 89
71 90
71 92
71 97
71 101
71 106
71 107
71 109
71 110
71 120
71 125
71 126
71 131
71 153
71 154
71 157
71 160
71 164
71 184
71 189
71 193
71 196
71 197
71 201
71 205
71 221
71 223
71 224
71 240
71 244
71 250
71 253
71 271
71 286
71 298
72 73
72 81
72 87
72 91
72 93
72 98
72 101
72 103
72 106
72 115
72 117
72 124
72 130
72 134
72 136
72 139
72 141
72 147
72 148
72 158
72 162
72 173
72 191
72 205
72 207
72 209
72 213
72 216
72 218
72 219
72 221
72 227
72 230
72 235
72 243
72 248
72 253
72 255
72 259
72 261
72 268
72 271
72 274
72 276
72 278
72 282
72 284
72 289
72 293
73 78
73 80
73 86
73 90
73 91
73 102
73 107
73 109
73 111
73 115
73 118
73 119
73 120
73 125
73 127
73 131
73 134
73 136
73 139
73 145
73 147
73 150
73 156
73 157
73 158
73 161
73 164
73 169
73 170
73 176
73 180
73 183
73 191
73 197
73 202
73 203
73 212
73 222
73 227
73 232
73 234
73 235
73 255
73 260
73 267
73 279
73 282
73 283
73 286
73 293
73 294
74 77
74 89
74 95
74 99
74 105
74 112
74 122
74 136
74 139
74 143
74 150
74 151
74 164
74 183
74 184
74 201
74 207
74 208
74 210
74 211
74 215
74 220
74 226
74 233
74 239
74 243
74 260
74 263
74 278
74 296
75 77
75 79
75 81
75 87
75 95
75 96
75 109
75 110
75 113
75 114
75 122
75 131
75 186
75 200
75 212
75 213
75 230
75 250
75 257
75 258
75 259
75 261
75 264
75 265
75 275
75 279
76 77
76 79
76 91
76 93
76 111
76 117
76 119
76 121
76 122
76 126
76 130
76 139
76 149
76 150
76 171
76 181
76 185
76 216
76 265
76 277
76 293
77 78
77 95
77 104
77 109
77 114
77 120
77 123
77 124
77 125
77 130
77 135
77 138
77 139
77 141
77 160
77 161
77 171
77 174
77 186
77 194
77 206
77 209
77 231
77 233
77 256
77 281
78 81
78 83
78 85
78 97
78 103
78 106
78 109
78 111
78 112
78 114
78 115
78 127
78 128
78 134
78 144
78 146
78 159
78 162
78 165
78 175
78 176
78 184
78 240
78 253
78 255
78 257
78 266
78 272
78 285
78 286
78 292
79 83
79 88
79 92
79 93
79 100
79 103
79 108
79 112
79 116
79 119
79 121
79 126
79 130
79 132
79 134
79 135
79 137
79 142
79 148
79 157
79 168
79 170
79 184
79 185
79 186
79 193
79 195
79 199
79 205
79 215
79 218
79 228
79 242
79 259
79 271
79 272
79 278
79 292
80 87
80 96
80 98
80 104
80 106
80 108
80 110
80 112
80 115
80 124
80 129
80 130
80 134
80 148
80 154
80 155
80 167
80 168
80 170
80 171
80 176
80 182
80 183
80 187
80 195
80 199
80 210
80 212
80 229
80 235
80 237
80 239
80 242
80 273
80 284
80 286
80 288
81 82
81 83
81 88
81 97
81 101
81 103
81 106
81 115
81 117
81 129
81 131
81 132
81 137
81 149
81 153
81 163
81 167
81 170
81 178
81 195
81 196
81 216
81 228
81 232
81 234
81 238
81 241
81 242
81 256
81 262
81 264
81 269
81 272
81 273
81 275
81 288
81 290
81 293
81 295
81 298
82 87
82 88
82 90
82 92
82 93
82 98
82 110
82 117
82 118
82 119
82 121
82 130
82 142
82 149
82 151
82 152
82 154
82 157
82 161
82 169
82 170
82 172
82 186
82 190
82 191
82 195
82 198
82 205
82 210
82 220
82 221
82 224
82 243
82 254
82 259
82 264
82 273
82 291
82 296
82 299
83 88
83 89
83 93
83 96
83 100
83 104
83 108
83 121
83 125
83 130
83 134
83 137
83 146
83 147
83 153
83 160
83 194
83 204
83 220
83 221
83 226
83 229
83 230
83 231
83 232
83 235
83 239
83 248
83 255
83 260
83 262
83 266
83 267
83 276
83 284
83 293
84 85
84 87
84 95
84 97
84 99
84 104
84 107
84 114
84 121
84 130
84 132
84 133
84 134
84 146
84 154
84 155
84 160
84 162
84 172
84 177
84 183
84 186
84 188
84 193
84 204
84 217
84 224
84 230
84 231
84 248
84 252
84 255
84 267
84 268
84 280
84 290
84 294
84 296
85 88
85 93
85 96
85 97
85 99
85 103
85 111
85 118
85 128
85 133
85 172
85 197
85 201
85 204
85 213
85 216
85 218
85 239
85 262
85 266
85 267
86 95
86 97
86 100
86 108
86 110
86 122
86 124
86 127
86 135
86 138
86 150
86 154
86 158
86 159
86 161
86 168
86 173
86 196
86 210
86 214
86 223
86 225
86 240
86 259
86 262
86 264
86 295
87 98
87 107
87 110
87 116
87 122
87 128
87 129
87 131
87 133
87 134
87 135
87 138
87 140
87 144
87 148
87 149
87 151
87 157
87 174
87 180
87 182
87 190
87 209
87 211
87 222
87 229
87 237
87 248
87 250
87 251
87 253
87 265
87 271
87 294
87 298
88 90
88 92
88 97
88 107
88 109
88 113
88 115
88 118
88 120
88 121
88 153
88 156
88 160
88 163
88 177
88 182
88 183
88 187
88 195
88 202
88 203
88 204
88 227
88 229
88 232
88 240
88 249
88 255
88 261
88 275
88 279
88 289
88 292
88 296
89 96
89 98
89 100
89 101
89 103
89 113
89 114
89 116
89 121
89 127
89 128
89 136
89 165
89 167
89 168
89 169
89 170
89 190
89 208
89 217
89 219
89 222
89 225
89 233
89 235
89 237
89 243
89 248
89 249
89 255
89 263
89 270
89 271
89 280
90 92
90 105
90 112
90 116
90 119
90 122
90 123
90 125
90 135
90 140
90 148
90 152
90 166
90 167
90 168
90 172
90 175
90 178
90 189
90 194
90 197
90 198
90 215
90 216
90 235
90 237
90 243
90 251
91 94
91 95
91 100
91 101
91 122
91 141
91 150
91 153
91 156
91 161
91 165
91 182
91 209
91 228
91 236
91 252
91 260
91 262
91 278
91 279
91 280
91 297
92 94
92 96
92 97
92 104
92 107
92 114
92 117
92 118
92 119
92 125
92 127
92 129
92 131
92 141
92 147
92 155
92 159
92 167
92 169
92 194
92 199
92 225
92 233
92 236
92 237
92 263
92 276
92 281
92 288
92 294
93 94
93 98
93 105
93 106
93 107
93 109
93 111
93 113
93 116
93 120
93 125
93 126
93 128
93 135
93 145
93 146
93 149
93 151
93 153
93 164
93 185
93 186
93 202
93 208
93 249
93 254
93 262
93 287
93 294
93 296
94 96
94 97
94 99
94 100
94 101
94 104
94 112
94 141
94 147
94 155
94 158
94 164
94 166
94 168
94 170
94 173
94 180
94 204
94 211
94 214
94 231
94 246
94 252
94 253
94 254
94 256
94 265
94 272
94 275
94 283
94 298
95 99
95 102
95 103
95 108
95 115
95 123
95 130
95 136
95 144
95 146
95 155
95 157
95 167
95 175
95 181
95 190
95 205
95 209
95 212
95 220
95 223
95 229
95 230
95 235
95 245
95 249
95 261
95 287
95 293
96 100
96 118
96 125
96 129
96 137
96 151
96 155
96 161
96 165
96 166
96 180
96 191
96 193
96 200
96 209
96 222
96 230
96 264
96 266
96 268
96 269
96 270
96 286
96 291
96 297
97 100
97 105
97 106
97 110
97 111
97 124
97 145
97 147
97 153
97 154
97 155
97 168
97 172
97 184
97 190
97 194
97 196
97 216
97 222
97 223
97 250
97 251
97 257
97 261
97 285
97 298
98 103
98 107
98 119
98 142
98 163
98 167
98 168
98 174
98 181
98 182
98 183
98 186
98 188
98 192
98 199
98 214
98 216
98 218
98 219
98 226
98 232
98 243
98 258
98 273
98 276
98 284
98 287
98 298
98 299
99 103
99 109
99 110
99 111
99 113
99 116
99 127
99 143
99 152
99 159
99 166
99 170
99 178
99 195
99 208
99 220
99 230
99 243
99 245
99 251
99 268
99 284
99 294
100 106
100 109
100 123
100 127
100 130
100 131
100 135
100 147
100 148
100 157
100 158
100 163
100 166
100 168
100 173
100 176
100 199
100 200
100 210
100 212
100 214
100 225
100 227
100 229
100 233
100 254
100 266
100 269
100 278
100 280
100 284
100 296
100 297
101 103
101 109
101 132
101 138
101 141
101 143
101 165
101 175
101 184
101 185
101 186
101 196
101 200
101 205
101 222
101 244
101 285
101 287
101 290
101 295
101 297
102 109
102 111
102 115
102 117
102 120
102 122
102 129
102 132
102 135
102 144
102 145
102 147
102 157
102 164
102 166
102 171
102 173
102 182
102 190
102 191
102 192
102 205
102 224
102 227
102 274
102 287
102 295
103 112
103 114
103 115
103 117
103 124
103 126
103 130
103 137
103 147
103 151
103 163
103 166
103 170
103 173
103 180
103 193
103 197
103 200
103 206
103 227
103 240
103 250
103 251
103 265
103 276
103 279
104 106
104 112
104 127
104 139
104 141
104 142
104 150
104 158
104 159
104 173
104 203
104 207
104 208
104 214
104 218
104 240
104 241
104 248
104 259
104 260
104 263
104 273
104 291
104 298
105 113
105 125
105 136
105 137
105 148
105 186
105 205
105 218
105 221
105 224
105 228
105 247
105 253
105 276
106 112
106 115
106 125
106 137
106 145
106 150
106 160
106 164
106 168
106 186
106 197
106 198
106 205
106 207
106 210
106 212
106 246
106 250
106 260
106 269
107 114
107 116
107 146
107 148
107 163
107 165
107 175
107 176
107 187
107 202
107 209
107 211
107 217
107 225
107 234
107 235
107 264
107 278
107 283
107 291
107 292
108 109
108 114
108 115
108 132
108 134
108 136
108 154
108 166
108 171
108 178
108 188
108 190
108 200
108 202
108 237
108 248
108 265
108 280
108 294
108 297
109 159
109 169
109 186
109 187
109 197
109 219
109 227
109 249
109 258
109 260
109 284
109 297
109 299
110 114
110 119
110 120
110 128
110 129
110 142
110 149
110 153
110 155
110 158
110 162
110 172
110 175
110 187
110 189
110 190
110 196
110 205
110 206
110 228
110 229
110 233
110 237
110 248
110 272
110 281
110 289
110 296
111 113
111 114
111 121
111 123
111 129
111 131
111 133
111 139
111 143
111 149
111 160
111 174
111 185
111 192
111 200
111 208
111 222
111 228
111 284
111 292
111 294
111 295
112 114
112 121
112 126
112 129
112 135
112 136
112 151
112 155
112 161
112 192
112 207
112 213
112 227
112 247
112 248
112 255
112 275
112 276
112 284
112 290
113 122
113 125
113 158
113 162
113 171
113 174
113 177
113 191
113 195
113 197
113 207
113 220
113 230
113 269
113 275
113 281
114 118
114 122
114 126
114 133
114 134
114 141
114 142
114 149
114 150
114 151
114 157
114 173
114 188
114 226
114 232
114 234
114 244
114 260
114 274
114 296
115 117
115 118
115 119
115 120
115 121
115 123
115 124
115 152
115 153
115 155
115 165
115 166
115 178
115 193
115 197
115 205
115 206
115 208
115 212
115 221
115 228
115 234
115 236
115 253
115 268
115 287
116 118
116 126
116 136
116 140
116 144
116 171
116 186
116 194
116 199
116 206
116 219
116 260
116 266
116 271
116 293
116 295
117 128
117 132
117 138
117 141
117 152
117 166
117 170
117 172
117 176
117 187
117 189
117 194
117 197
117 199
117 201
117 203
117 210
117 230
117 231
117 244
117 245
117 246
117 252
117 261
117 278
117 296
118 127
118 129
118 133
118 135
118 143
118 152
118 160
118 165
118 170
118 171
118 180
118 182
118 191
118 195
118 204
118 208
118 218
118 223
118 231
118 234
118 250
118 258
118 264
118 278
118 284
119 123
119 126
119 129
119 139
119 141
119 142
119 170
119 179
119 180
119 184
119 188
119 192
119 203
119 221
119 223
119 230
119 241
119 291
119 298
119 299
120 122
120 125
120 128
120 129
120 130
120 150
120 167
120 176
120 182
120 189
120 198
120 200
120 201
120 210
120 217
120 218
120 219
120 220
120 221
120 225
120 239
120 249
120 252
120 287
120 299
121 127
121 134
121 163
121 176
121 178
121 184
121 192
121 221
121 225
121 234
121 257
121 258
121 259
121 261
121 282
121 288
122 123
122 133
122 145
122 168
122 172
122 193
122 202
122 208
122 217
122 246
122 247
122 254
122 265
122 287
122 293
123 126
123 129
123 136
123 144
123 147
123 153
123 155
123 168
123 170
123 180
123 182
123 191
123 192
123 205
123 209
123 222
123 238
123 247
123 249
123 282
124 131
124 142
124 143
124 145
124 146
124 247
124 258
124 262
125 129
125 135
125 150
125 156
125 162
125 181
125 198
125 199
125 201
125 203
125 223
125 224
125 230
125 234
125 266
126 127
126 128
126 132
126 133
126 148
126 151
126 152
126 168
126 172
126 178
126 183
126 211
126 214
126 250
126 256
126 278
126 284
126 289
127 132
127 140
127 163
127 166
127 169
127 179
127 182
127 185
127 201
127 203
127 221
127 224
127 243
127 244
127 258
127 263
127 278
127 280
127 298
128 131
128 148
128 183
128 189
128 204
128 216
128 220
128 222
128 223
128 246
128 259
128 260
128 272
129 135
129 145
129 146
129 150
129 177
129 199
129 210
129 218
129 238
129 251
129 266
129 272
129 282
130 141
130 147
130 148
130 162
130 174
130 198
130 201
130 219
130 221
130 228
130 246
130 274
131 139
131 144
131 154
131 168
131 173
131 184
131 200
131 203
131 204
131 206
131 209
131 215
131 218
131 234
131 245
131 262
131 279
131 283
132 140
132 147
132 149
132 156
132 160
132 162
132 168
132 176
132 177
132 207
132 215
132 223
132 227
132 232
132 250
132 254
132 261
132 262
132 263
132 295
132 297
132 299
133 140
133 141
133 144
133 147
133 156
133 157
133 171
133 179
133 189
133 226
133 234
133 236
133 241
133 267
133 281
134 135
134 142
134 143
134 153
134 159
134 161
134 169
134 180
134 181
134 194
134 195
134 202
134 208
134 209
134 210
134 252
134 257
134 265
134 275
135 139
135 176
135 181
135 184
135 188
135 215
135 216
135 218
135 236
135 244
135 251
135 255
135 262
135 286
135 288
135 298
136 137
136 140
136 145
136 166
136 171
136 177
136 198
136 200
136 220
136 235
136 236
136 243
136 253
136 269
136 270
136 274
136 282
136 293
137 138
137 172
137 181
137 183
137 190
137 206
137 208
137 211
137 212
137 217
137 242
137 243
137 263
137 264
137 276
137 278
137 283
137 284
137 285
137 287
137 297
138 139
138 152
138 156
138 158
138 162
138 165
138 178
138 179
138 193
138 212
138 217
138 225
138 227
138 262
139 140
139 144
139 155
139 164
139 169
139 173
139 189
139 194
139 196
139 197
139 235
139 253
139 263
139 265
139 272
140 144
140 149
140 150
140 153
140 160
140 161
140 188
140 195
140 196
140 206
140 220
140 234
140 236
140 282
141 157
141 192
141 194
141 203
141 226
141 231
141 241
141 245
141 265
141 278
141 290
142 143
142 147
142 153
142 162
142 163
142 167
142 184
142 194
142 198
142 199
142 201
142 226
142 228
142 243
142 245
142 250
142 265
142 275
142 283
142 291
143 146
143 152
143 160
143 163
143 183
143 187
143 198
143 201
143 228
143 239
143 249
143 259
143 277
143 292
144 153
144 155
144 160
144 167
144 212
144 213
144 245
144 270
144 274
145 174
145 182
145 223
145 234
145 256
145 269
145 276
145 277
145 283
145 293
146 149
146 155
146 156
146 165
146 170
146 179
146 184
146 190
146 192
146 197
146 198
146 217
146 219
146 221
146 222
146 224
146 226
146 242
146 273
146 295
147 149
147 171
147 173
147 174
147 180
147 187
147 189
147 215
147 229
147 245
147 251
147 267
147 273
148 151
148 160
148 168
148 174
148 175
148 194
148 219
148 224
148 248
148 249
148 274
148 283
148 290
148 292
148 295
149 152
149 153
149 154
149 164
149 170
149 195
149 203
149 209
149 262
149 265
149 270
149 290
149 292
150 159
150 160
150 170
150 177
150 186
150 194
150 195
150 204
150 212
150 214
150 216
150 233
150 235
150 239
150 254
150 261
150 277
150 280
150 294
151 156
151 167
151 173
151 177
151 190
151 205
151 207
151 210
151 214
151 217
151 224
151 225
151 228
151 229
151 245
151 247
151 254
151 258
151 269
151 278
151 285
151 289
152 154
152 156
152 173
152 202
152 237
152 238
152 253
152 264
152 278
152 297
153 160
153 179
153 181
153 201
153 221
153 252
153 273
153 276
153 281
154 161
154 165
154 168
154 176
154 178
154 179
154 185
154 186
154 187
154 198
154 205
154 219
154 223
154 262
154 270
155 165
155 167
155 175
155 178
155 181
155 185
155 215
155 229
155 236
155 253
155 259
155 260
155 265
155 271
155 278
156 160
156 161
156 163
156 167
156 171
156 172
156 173
156 174
156 202
156 215
156 227
156 238
156 292
157 162
157 172
157 194
157 198
157 228
157 230
157 241
157 247
157 259
157 261
157 270
157 289
157 292
158 163
158 172
158 184
158 187
158 199
158 208
158 213
158 216
158 227
158 231
158 240
158 242
158 257
158 267
158 269
158 272
158 275
158 282
158 290
159 165
159 180
159 187
159 197
159 199
159 207
159 230
159 237
159 252
159 253
159 279
160 175
160 176
160 204
160 205
160 207
160 209
160 214
160 239
160 248
160 289
161 168
161 169
161 186
161 201
161 232
161 249
162 172
162 220
162 222
162 262
162 266
162 267
162 269
162 281
162 282
162 288
163 179
163 188
163 205
163 207
163 210
163 231
163 238
163 245
163 247
163 263
163 266
164 176
164 194
164 201
164 234
164 253
164 257
164 274
164 278
164 289
165 168
165 186
165 192
165 204
165 213
165 227
165 233
165 252
165 268
165 287
165 299
166 173
166 190
166 226
166 235
166 242
166 256
166 281
167 168
167 170
167 171
167 185
167 191
167 195
167 208
167 213
167 230
167 233
167 236
167 238
167 257
167 276
167 293
168 169
168 189
168 197
168 214
168 222
168 226
168 242
168 247
168 273
169 177
169 180
169 188
169 194
169 196
169 197
169 206
169 214
169 230
169 238
169 243
169 247
169 254
169 274
169 280
169 287
169 290
169 291
169 295
170 172
170 174
170 177
170 193
170 195
170 217
170 233
170 271
170 276
170 286
171 181
171 186
171 190
171 198
171 199
171 201
171 224
171 235
171 239
171 242
171 255
171 267
171 273
171 276
171 285
171 296
172 193
172 206
172 246
172 248
172 250
172 260
172 261
172 276
172 277
172 295
173 174
173 175
173 179
173 180
173 181
173 187
173 192
173 198
173 202
173 210
173 241
173 262
173 271
173 272
173 278
173 280
174 177
174 178
174 202
174 207
174 226
174 241
174 243
174 244
174 254
175 203
175 211
175 212
175 217
175 224
175 237
175 238
175 242
175 249
175 270
175 272
175 281
175 286
176 209
176 215
176 219
176 222
176 244
176 250
176 257
176 267
176 273
176 277
176 279
176 291
176 293
177 197
177 212
177 215
177 230
177 232
177 237
177 241
177 254
177 264
177 279
178 193
178 223
178 260
178 279
178 293
179 185
179 226
179 228
179 231
179 244
179 249
179 255
179 292
180 184
180 188
180 192
180 204
180 223
180 227
180 229
180 240
180 254
180 256
180 259
180 264
180 287
180 288
180 296
180 298
181 194
181 205
181 212
181 215
181 219
181 250
181 263
181 286
182 184
182 211
182 215
182 233
182 250
182 251
182 255
182 274
182 278
182 280
182 286
183 188
183 196
183 201
183 203
183 222
183 234
183 236
183 239
183 255
183 266
183 269
183 286
184 196
184 210
184 211
184 212
184 222
184 228
184 236
184 237
184 247
184 255
184 261
184 297
185 196
185 198
185 220
186 190
186 199
186 204
186 211
186 219
186 238
186 254
186 267
186 280
187 195
187 200
187 202
187 211
187 212
187 219
187 226
187 228
187 231
187 249
187 263
187 264
187 266
187 279
187 283
187 285
187 294
187 295
187 296
188 192
188 193
188 196
188 200
188 212
188 224
188 250
188 263
188 266
188 284
188 294
189 193
189 199
189 213
189 216
189 226
189 241
189 248
189 259
189 271
189 285
189 293
190 208
190 216
190 246
190 249
190 262
190 279
190 280
190 299
191 206
191 238
191 241
192 236
192 237
192 241
192 289
192 291
193 207
193 211
193 225
193 226
193 231
193 239
193 245
193 268
193 272
193 278
194 207
194 216
194 217
194 223
194 226
194 240
194 265
194 269
194 283
194 284
194 288
194 289
195 207
195 215
195 254
195 257
195 268
196 224
196 225
196 244
196 253
196 255
196 279
196 297
197 201
197 203
197 211
197 238
197 241
197 259
197 265
197 283
197 292
198 200
198 207
198 209
198 223
198 263
198 274
198 283
199 203
199 216
199 217
199 221
199 242
199 255
199 270
199 273
199 285
200 201
200 206
200 223
200 230
200 244
200 277
201 203
201 207
201 219
201 238
201 242
201 272
201 273
201 274
201 282
201 283
202 211
202 221
202 227
202 239
202 249
202 253
202 271
202 277
203 214
203 265
203 275
203 287
203 288
203 299
204 232
204 238
204 240
204 243
204 250
204 272
204 281
204 286
205 209
205 210
205 212
205 220
205 221
205 226
205 235
205 270
205 281
205 290
205 294
206 223
206 260
206 273
206 277
206 281
206 295
207 209
207 211
207 215
207 219
207 266
207 290
207 296
208 220
208 221
208 225
208 241
208 251
208 260
208 264
208 279
208 285
208 288
208 293
208 297
208 298
209 222
209 246
209 256
209 257
209 284
209 286
209 287
209 290
209 295
210 222
211 226
211 235
211 239
211 241
211 243
211 257
211 277
211 284
211 287
212 214
212 243
212 253
212 254
212 258
212 261
212 262
212 277
212 287
212 295
213 227
213 241
213 249
213 250
213 251
213 254
213 255
213 258
213 260
213 265
213 271
213 281
214 231
214 250
214 252
214 277
214 288
214 291
214 295
215 226
215 244
215 288
215 294
215 296
215 299
216 223
216 230
216 234
216 287
217 221
217 243
217 244
217 261
217 283
217 286
217 298
218 227
218 238
218 243
218 249
218 254
218 260
218 263
218 274
218 275
219 225
219 239
219 270
220 226
220 227
220 231
220 235
220 239
220 240
220 242
220 271
220 274
220 296
221 224
221 234
221 251
221 264
221 291
221 293
222 232
222 260
223 277
223 288
224 226
224 242
224 267
224 280
224 288
225 231
225 237
225 250
225 253
225 263
225 267
225 291
225 294
226 232
226 239
226 251
226 253
226 265
226 267
226 279
227 232
227 249
228 296
229 232
229 234
229 271
229 273
229 274
229 299
230 242
230 247
230 250
230 260
230 265
230 278
230 285
231 239
231 252
231 291
231 297
231 299
232 254
232 259
232 262
233 244
233 276
234 236
234 256
234 267
234 282
234 289
235 237
235 263
235 280
236 237
236 239
236 252
236 264
236 271
236 281
237 254
237 274
237 277
237 289
238 240
238 282
239 256
239 284
239 299
240 241
240 254
240 266
240 270
240 293
241 247
241 252
241 281
241 285
242 277
242 295
243 248
243 253
243 256
243 283
244 246
244 251
244 283
245 246
245 247
245 255
245 258
245 274
245 285
245 291
245 295
245 298
246 247
246 248
246 274
246 275
246 297
247 251
247 298
248 253
248 270
248 279
249 267
249 271
249 276
250 270
250 282
250 289
251 273
251 277
252 262
253 288
254 256
254 272
254 274
254 285
255 256
255 262
255 270
255 277
255 280
255 291
256 271
257 258
257 263
257 265
257 290
258 284
258 292
259 261
260 272
260 279
260 280
260 285
260 292
260 293
261 264
261 287
261 294
262 268
262 299
263 290
264 298
266 274
266 286
266 291
266 292
267 285
268 276
268 280
268 285
269 280
269 283
270 281
272 278
272 291
272 294
273 280
273 294
274 277
274 286
274 290
275 276
277 278
279 283
279 285
279 295
281 282
282 287
282 297
284 290
285 293
289 299
