0 1
0 2
0 3
0 4
0 5
0 6
0 7
0 8
0 9
0 10
0 11
0 12
0 13
0 14
0 15
0 16
0 17
0 18
0 19
0 20
0 21
0 22
0 24
0 25
0 26
0 31
0 33
0 34
0 46
0 47
0 48
0 50
0 53
0 56
0 57
0 65
0 73
0 78
0 102
0 108
0 109
0 110
0 112
0 120
0 123
0 131
0 133
0 138
0 140
0 148
0 151
0 163
0 179
0 181
0 195
0 197
0 198
0 201
0 210
0 216
0 221
0 239
0 248
0 267
0 271
0 282
0 294
0 300
0 301
0 320
0 321
0 329
0 363
0 372
0 376
0 377
0 387
0 389
0 393
1 2
1 3
1 4
1 5
1 6
1 7
1 8
1 9
1 10
1 11
1 12
1 13
1 14
1 15
1 16
1 17
1 18
1 19
1 20
1 21
1 24
1 27
1 28
1 29
1 30
1 32
1 34
1 35
1 39
1 40
1 41
1 42
1 44
1 45
1 46
1 53
1 58
1 59
1 64
1 66
1 70
1 74
1 79
1 81
1 83
1 87
1 90
1 92
1 96
1 97
1 103
1 105
1 107
1 108
1 109
1 120
1 155
1 190
1 200
1 244
1 245
1 248
1 252
1 257
1 271
1 283
1 284
1 318
1 360
1 370
1 376
1 381
1 388
2 3
2 4
2 5
2 6
2 7
2 8
2 9
2 10
2 11
2 12
2 13
2 14
2 15
2 16
2 17
2 18
2 19
2 20
2 21
2 23
2 25
2 27
2 30
2 36
2 40
2 42
2 43
2 48
2 51
2 55
2 56
2 59
2 60
2 64
2 65
2 68
2 74
2 76
2 81
2 85
2 86
2 88
2 91
2 97
2 100
2 116
2 119
2 126
2 144
2 145
2 147
2 150
2 152
2 153
2 157
2 161
2 163
2 167
2 173
2 176
2 178
2 185
2 193
2 202
2 203
2 204
2 216
2 218
2 222
2 226
2 227
2 240
2 245
2 247
2 250
2 251
2 273
2 279
2 285
2 292
2 310
2 311
2 313
2 320
2 322
2 323
2 327
2 342
2 343
2 355
2 356
2 357
2 366
2 368
2 369
2 375
2 391
2 395
2 396
3 4
3 5
3 6
3 7
3 8
3 9
3 10
3 11
3 12
3 13
3 14
3 15
3 16
3 17
3 18
3 19
3 21
3 22
3 23
3 24
3 28
3 29
3 31
3 33
3 34
3 35
3 36
3 39
3 44
3 45
3 46
3 49
3 53
3 57
3 58
3 61
3 64
3 65
3 68
3 74
3 82
3 111
3 114
3 116
3 118
3 121
3 123
3 125
3 126
3 128
3 132
3 142
3 145
3 150
3 156
3 176
3 188
3 199
3 200
3 203
3 205
3 215
3 218
3 222
3 224
3 231
3 237
3 239
3 249
3 253
3 276
3 285
3 286
3 291
3 292
3 303
3 311
3 317
3 320
3 329
3 331
3 332
3 333
3 346
3 365
3 367
3 369
3 376
3 381
3 382
3 391
4 5
4 6
4 7
4 8
4 9
4 10
4 11
4 12
4 13
4 14
4 15
4 16
4 17
4 19
4 22
4 23
4 24
4 25
4 26
4 27
4 30
4 31
4 35
4 36
4 39
4 43
4 48
4 55
4 56
4 57
4 58
4 62
4 64
4 65
4 66
4 70
4 71
4 72
4 73
4 75
4 78
4 86
4 88
4 91
4 93
4 94
4 95
4 104
4 105
4 118
4 126
4 130
4 137
4 140
4 141
4 146
4 148
4 150
4 151
4 152
4 154
4 159
4 163
4 164
4 165
4 168
4 173
4 175
4 181
4 186
4 188
4 201
4 202
4 205
4 207
4 226
4 237
4 240
4 247
4 251
4 254
4 255
4 256
4 259
4 275
4 292
4 293
4 302
4 310
4 318
4 326
4 333
4 336
4 358
4 365
4 370
4 372
4 390
4 395
4 399
5 6
5 7
5 8
5 9
5 10
5 11
5 12
5 13
5 14
5 15
5 16
5 18
5 19
5 20
5 22
5 24
5 26
5 27
5 31
5 34
5 36
5 37
5 38
5 40
5 41
5 42
5 45
5 46
5 47
5 49
5 56
5 59
5 62
5 63
5 64
5 66
5 68
5 69
5 71
5 81
5 85
5 86
5 87
5 89
5 91
5 94
5 100
5 106
5 113
5 119
5 123
5 126
5 127
5 128
5 140
5 145
5 148
5 149
5 163
5 166
5 167
5 175
5 180
5 181
5 187
5 189
5 195
5 197
5 198
5 204
5 214
5 219
5 227
5 228
5 233
5 234
5 235
5 239
5 241
5 243
5 245
5 249
5 265
5 270
5 282
5 285
5 287
5 290
5 292
5 298
5 308
5 316
5 324
5 365
5 395
6 7
6 8
6 9
6 10
6 11
6 12
6 13
6 14
6 15
6 16
6 17
6 18
6 19
6 20
6 22
6 23
6 24
6 26
6 28
6 32
6 33
6 34
6 35
6 37
6 40
6 42
6 43
6 46
6 47
6 58
6 60
6 64
6 73
6 76
6 78
6 86
6 89
6 93
6 96
6 98
6 105
6 111
6 120
6 126
6 142
6 145
6 147
6 171
6 183
6 185
6 189
6 193
6 212
6 226
6 228
6 229
6 233
6 234
6 246
6 251
6 254
6 260
6 272
6 276
6 278
6 279
6 293
6 300
6 314
6 319
6 320
6 332
6 334
6 335
6 336
6 339
6 351
6 366
6 374
6 389
6 391
7 8
7 9
7 10
7 11
7 12
7 13
7 14
7 15
7 17
7 18
7 20
7 21
7 22
7 26
7 28
7 29
7 30
7 31
7 33
7 35
7 38
7 39
7 40
7 43
7 51
7 55
7 58
7 67
7 72
7 76
7 78
7 84
7 86
7 91
7 104
7 111
7 115
7 119
7 127
7 134
7 137
7 144
7 153
7 159
7 163
7 173
7 181
7 190
7 193
7 199
7 208
7 215
7 216
7 232
7 243
7 245
7 255
7 263
7 282
7 283
7 284
7 288
7 300
7 312
7 316
7 320
7 331
7 332
7 343
7 354
7 357
7 362
7 375
7 389
7 395
7 397
8 9
8 10
8 11
8 12
8 13
8 14
8 15
8 16
8 17
8 18
8 19
8 21
8 22
8 23
8 24
8 25
8 27
8 28
8 29
8 32
8 37
8 38
8 44
8 45
8 47
8 48
8 49
8 52
8 54
8 56
8 57
8 63
8 65
8 69
8 70
8 79
8 80
8 83
8 86
8 89
8 90
8 97
8 98
8 100
8 102
8 103
8 105
8 117
8 119
8 122
8 128
8 132
8 138
8 145
8 152
8 155
8 157
8 162
8 164
8 165
8 168
8 176
8 182
8 186
8 192
8 193
8 206
8 207
8 212
8 221
8 222
8 223
8 225
8 233
8 242
8 247
8 252
8 254
8 268
8 269
8 274
8 281
8 285
8 305
8 306
8 308
8 309
8 314
8 317
8 318
8 319
8 326
8 330
8 336
8 342
8 347
8 356
8 366
8 368
8 388
8 390
8 398
9 10
9 11
9 12
9 13
9 14
9 15
9 16
9 18
9 19
9 20
9 22
9 23
9 25
9 26
9 27
9 30
9 31
9 32
9 33
9 34
9 35
9 36
9 38
9 44
9 49
9 50
9 53
9 54
9 59
9 61
9 63
9 68
9 75
9 76
9 77
9 81
9 82
9 83
9 86
9 87
9 88
9 92
9 93
9 94
9 95
9 99
9 108
9 109
9 112
9 117
9 120
9 123
9 125
9 128
9 129
9 131
9 132
9 141
9 143
9 144
9 154
9 155
9 160
9 165
9 171
9 184
9 185
9 190
9 197
9 201
9 204
9 206
9 219
9 220
9 223
9 226
9 228
9 230
9 249
9 253
9 254
9 255
9 259
9 261
9 262
9 270
9 282
9 283
9 288
9 304
9 306
9 315
9 319
9 331
9 344
9 350
9 359
9 363
9 364
9 372
9 380
9 384
9 398
10 11
10 12
10 13
10 14
10 15
10 16
10 17
10 19
10 21
10 22
10 23
10 25
10 28
10 29
10 30
10 31
10 32
10 33
10 34
10 35
10 36
10 37
10 40
10 41
10 42
10 43
10 44
10 48
10 51
10 55
10 60
10 67
10 68
10 75
10 76
10 92
10 94
10 96
10 97
10 99
10 108
10 126
10 130
10 131
10 141
10 149
10 155
10 158
10 163
10 166
10 180
10 196
10 221
10 235
10 250
10 255
10 258
10 263
10 265
10 267
10 277
10 284
10 296
10 305
10 313
10 334
10 337
10 338
10 344
10 348
10 363
10 366
10 375
10 378
10 381
10 397
11 12
11 13
11 14
11 15
11 16
11 17
11 18
11 19
11 21
11 22
11 23
11 24
11 25
11 26
11 29
11 31
11 32
11 35
11 36
11 37
11 40
11 42
11 45
11 46
11 51
11 53
11 55
11 58
11 63
11 66
11 67
11 69
11 70
11 74
11 75
11 77
11 81
11 85
11 90
11 92
11 96
11 98
11 101
11 103
11 121
11 123
11 127
11 128
11 131
11 135
11 141
11 147
11 148
11 149
11 151
11 159
11 165
11 178
11 189
11 192
11 201
11 202
11 203
11 205
11 211
11 214
11 226
11 234
11 236
11 246
11 259
11 281
11 284
11 286
11 290
11 302
11 305
11 330
11 333
11 342
11 344
11 345
11 347
11 379
11 383
11 386
11 390
11 398
12 13
12 14
12 15
12 16
12 17
12 18
12 19
12 20
12 21
12 23
12 24
12 25
12 28
12 30
12 33
12 34
12 36
12 41
12 42
12 43
12 44
12 45
12 47
12 49
12 51
12 52
12 54
12 57
12 59
12 60
12 66
12 75
12 76
12 87
12 88
12 89
12 90
12 96
12 103
12 105
12 116
12 118
12 138
12 139
12 141
12 142
12 145
12 153
12 156
12 157
12 158
12 159
12 165
12 166
12 171
12 173
12 174
12 183
12 188
12 191
12 194
12 207
12 215
12 216
12 222
12 230
12 234
12 245
12 247
12 248
12 253
12 257
12 260
12 262
12 269
12 270
12 274
12 275
12 283
12 288
12 293
12 298
12 304
12 311
12 312
12 325
12 335
12 338
12 344
12 349
12 351
12 359
12 363
12 364
12 368
12 369
12 376
12 377
12 378
12 379
12 382
13 14
13 15
13 16
13 17
13 18
13 20
13 21
13 23
13 24
13 25
13 26
13 27
13 28
13 29
13 37
13 38
13 40
13 41
13 42
13 43
13 44
13 45
13 46
13 47
13 56
13 57
13 58
13 61
13 64
13 68
13 69
13 78
13 82
13 83
13 85
13 86
13 91
13 94
13 95
13 100
13 101
13 102
13 104
13 108
13 114
13 115
13 123
13 124
13 131
13 134
13 138
13 144
13 146
13 152
13 154
13 159
13 171
13 177
13 183
13 184
13 197
13 203
13 215
13 223
13 235
13 242
13 249
13 251
13 256
13 286
13 291
13 294
13 303
13 304
13 308
13 317
13 319
13 324
13 328
13 341
13 344
13 345
13 358
13 360
13 361
13 362
13 363
13 364
13 367
13 376
14 15
14 16
14 17
14 19
14 20
14 21
14 22
14 23
14 29
14 30
14 31
14 32
14 33
14 34
14 38
14 39
14 40
14 41
14 43
14 44
14 45
14 46
14 47
14 48
14 49
14 51
14 52
14 59
14 63
14 64
14 66
14 72
14 76
14 77
14 79
14 81
14 82
14 84
14 85
14 88
14 94
14 95
14 97
14 104
14 106
14 111
14 112
14 114
14 119
14 120
14 122
14 123
14 124
14 129
14 135
14 149
14 165
14 169
14 175
14 179
14 188
14 197
14 203
14 214
14 218
14 224
14 227
14 230
14 233
14 236
14 249
14 251
14 252
14 253
14 255
14 256
14 258
14 262
14 264
14 274
14 290
14 293
14 298
14 310
14 312
14 323
14 327
14 334
14 343
14 355
14 356
14 363
14 364
14 376
14 381
14 387
14 390
15 16
15 17
15 18
15 19
15 20
15 21
15 22
15 23
15 26
15 27
15 30
15 34
15 35
15 36
15 38
15 39
15 42
15 44
15 45
15 47
15 49
15 50
15 51
15 52
15 55
15 57
15 58
15 60
15 66
15 68
15 69
15 71
15 77
15 83
15 94
15 98
15 103
15 104
15 109
15 115
15 123
15 128
15 129
15 130
15 134
15 153
15 164
15 166
15 180
15 202
15 203
15 212
15 218
15 221
15 222
15 228
15 232
15 241
15 242
15 245
15 253
15 266
15 271
15 289
15 292
15 303
15 307
15 319
15 320
15 322
15 325
15 347
15 375
15 383
15 387
15 388
15 398
16 17
16 18
16 19
16 20
16 21
16 23
16 24
16 25
16 27
16 28
16 29
16 30
16 32
16 34
16 37
16 39
16 41
16 45
16 56
16 58
16 61
16 62
16 63
16 73
16 80
16 81
16 88
16 96
16 97
16 101
16 103
16 105
16 110
16 113
16 118
16 129
16 137
16 138
16 145
16 150
16 154
16 158
16 189
16 194
16 196
16 209
16 225
16 228
16 232
16 236
16 268
16 270
16 280
16 285
16 291
16 301
16 304
16 313
16 324
16 349
16 356
16 370
16 391
17 18
17 20
17 22
17 25
17 27
17 41
17 43
17 46
17 50
17 51
17 54
17 61
17 62
17 64
17 65
17 68
17 75
17 77
17 78
17 83
17 85
17 89
17 95
17 100
17 102
17 109
17 117
17 127
17 130
17 131
17 134
17 137
17 138
17 140
17 146
17 151
17 160
17 161
17 164
17 168
17 179
17 191
17 202
17 211
17 230
17 247
17 256
17 305
17 306
17 307
17 323
17 348
17 352
17 366
17 374
17 388
17 392
17 394
17 399
18 20
18 21
18 22
18 24
18 26
18 27
18 28
18 29
18 31
18 33
18 34
18 38
18 41
18 43
18 45
18 48
18 49
18 51
18 54
18 55
18 58
18 59
18 62
18 65
18 66
18 69
18 70
18 72
18 74
18 75
18 83
18 90
18 101
18 104
18 113
18 120
18 121
18 143
18 144
18 171
18 175
18 179
18 190
18 199
18 204
18 209
18 217
18 219
18 222
18 227
18 231
18 265
18 278
18 303
18 304
18 307
18 316
18 321
18 330
18 339
18 349
18 370
19 20
19 21
19 25
19 26
19 29
19 30
19 35
19 36
19 45
19 47
19 48
19 50
19 53
19 56
19 58
19 61
19 63
19 66
19 71
19 74
19 76
19 77
19 79
19 82
19 84
19 90
19 93
19 95
19 96
19 99
19 109
19 110
19 127
19 129
19 130
19 132
19 142
19 148
19 149
19 159
19 170
19 192
19 195
19 200
19 204
19 207
19 212
19 217
19 226
19 229
19 241
19 245
19 252
19 257
19 262
19 286
19 294
19 298
19 303
19 308
19 312
19 315
19 322
19 330
19 331
19 339
19 341
19 351
19 367
19 371
20 23
20 24
20 25
20 27
20 28
20 29
20 30
20 33
20 37
20 39
20 52
20 55
20 61
20 67
20 73
20 75
20 77
20 78
20 81
20 90
20 94
20 101
20 102
20 112
20 113
20 115
20 128
20 146
20 147
20 153
20 155
20 166
20 178
20 182
20 191
20 210
20 216
20 218
20 220
20 231
20 271
20 296
20 299
20 304
20 313
20 324
20 352
20 359
20 387
21 22
21 25
21 26
21 27
21 28
21 31
21 32
21 36
21 37
21 38
21 39
21 49
21 55
21 57
21 60
21 61
21 66
21 80
21 83
21 85
21 89
21 92
21 96
21 100
21 102
21 103
21 109
21 117
21 119
21 128
21 140
21 142
21 154
21 163
21 166
21 169
21 171
21 180
21 181
21 183
21 185
21 189
21 190
21 200
21 214
21 221
21 222
21 229
21 248
21 250
21 251
21 252
21 265
21 275
21 276
21 291
21 302
21 304
21 308
21 311
21 314
21 315
21 323
21 356
21 357
21 372
21 380
21 381
21 383
22 23
22 24
22 25
22 26
22 30
22 39
22 42
22 46
22 52
22 54
22 57
22 64
22 69
22 71
22 73
22 77
22 85
22 89
22 91
22 92
22 97
22 103
22 107
22 108
22 113
22 116
22 121
22 124
22 127
22 129
22 132
22 149
22 151
22 170
22 171
22 185
22 193
22 196
22 207
22 215
22 230
22 253
22 271
22 279
22 294
22 313
22 318
22 319
22 320
22 326
22 349
22 368
22 379
22 386
22 395
23 24
23 26
23 27
23 32
23 33
23 34
23 36
23 37
23 39
23 43
23 44
23 46
23 47
23 49
23 50
23 52
23 56
23 65
23 67
23 68
23 69
23 70
23 72
23 84
23 85
23 88
23 89
23 92
23 93
23 97
23 102
23 106
23 110
23 111
23 118
23 120
23 122
23 124
23 128
23 130
23 133
23 135
23 161
23 167
23 171
23 183
23 190
23 195
23 211
23 227
23 247
23 251
23 257
23 261
23 267
23 269
23 271
23 284
23 288
23 303
23 317
23 325
23 340
23 346
23 368
23 369
23 384
23 391
23 399
24 26
24 28
24 29
24 36
24 37
24 38
24 40
24 42
24 45
24 47
24 50
24 52
24 55
24 68
24 70
24 76
24 78
24 89
24 91
24 93
24 98
24 99
24 105
24 107
24 119
24 135
24 143
24 147
24 158
24 161
24 172
24 181
24 186
24 191
24 192
24 195
24 202
24 215
24 225
24 240
24 241
24 262
24 279
24 281
24 286
24 294
24 295
24 300
24 311
24 323
24 340
24 383
24 385
25 27
25 28
25 31
25 32
25 37
25 40
25 44
25 47
25 51
25 60
25 63
25 67
25 80
25 89
25 90
25 99
25 102
25 103
25 107
25 110
25 115
25 116
25 129
25 133
25 138
25 156
25 162
25 168
25 171
25 174
25 178
25 201
25 204
25 206
25 210
25 211
25 232
25 236
25 244
25 253
25 256
25 265
25 273
25 280
25 293
25 294
25 297
25 311
25 321
25 323
25 328
25 337
25 352
25 376
25 395
26 28
26 29
26 30
26 32
26 33
26 34
26 41
26 44
26 47
26 49
26 52
26 53
26 56
26 63
26 66
26 73
26 82
26 88
26 91
26 94
26 98
26 112
26 118
26 119
26 126
26 129
26 130
26 139
26 145
26 150
26 153
26 173
26 181
26 184
26 188
26 190
26 192
26 197
26 198
26 199
26 214
26 220
26 222
26 223
26 229
26 236
26 259
26 261
26 269
26 279
26 291
26 301
26 305
26 323
26 331
26 339
26 342
26 344
26 366
26 372
26 373
26 396
27 29
27 32
27 36
27 50
27 51
27 52
27 56
27 57
27 60
27 64
27 65
27 67
27 68
27 71
27 80
27 81
27 87
27 101
27 103
27 105
27 107
27 111
27 113
27 114
27 115
27 116
27 120
27 121
27 123
27 127
27 134
27 143
27 144
27 147
27 151
27 154
27 155
27 168
27 170
27 176
27 190
27 206
27 207
27 213
27 228
27 244
27 247
27 250
27 262
27 264
27 270
27 288
27 298
27 305
27 314
27 347
27 352
27 354
27 356
27 358
27 371
27 373
27 383
28 31
28 33
28 35
28 38
28 40
28 42
28 48
28 49
28 61
28 66
28 67
28 69
28 70
28 71
28 75
28 84
28 88
28 98
28 99
28 100
28 101
28 103
28 105
28 106
28 109
28 111
28 112
28 123
28 125
28 128
28 138
28 160
28 175
28 177
28 180
28 186
28 189
28 191
28 195
28 198
28 203
28 210
28 212
28 221
28 222
28 226
28 227
28 252
28 255
28 258
28 273
28 277
28 279
28 283
28 284
28 290
28 292
28 302
28 303
28 304
28 319
28 321
28 332
28 339
28 343
28 348
28 350
28 361
28 365
28 377
28 394
29 30
29 31
29 32
29 34
29 40
29 42
29 43
29 46
29 48
29 49
29 51
29 52
29 53
29 59
29 61
29 73
29 82
29 84
29 88
29 90
29 97
29 98
29 110
29 116
29 118
29 119
29 157
29 159
29 160
29 163
29 166
29 168
29 177
29 179
29 182
29 184
29 185
29 197
29 204
29 210
29 211
29 214
29 235
29 238
29 249
29 253
29 255
29 267
29 271
29 272
29 274
29 296
29 321
29 326
29 333
29 344
29 347
29 350
29 386
29 397
30 31
30 32
30 33
30 35
30 37
30 38
30 39
30 47
30 51
30 53
30 54
30 56
30 57
30 58
30 62
30 66
30 67
30 69
30 70
30 79
30 80
30 82
30 88
30 94
30 97
30 100
30 113
30 117
30 122
30 123
30 124
30 144
30 151
30 152
30 159
30 177
30 184
30 198
30 202
30 205
30 213
30 219
30 223
30 226
30 250
30 258
30 274
30 275
30 295
30 297
30 300
30 301
30 311
30 316
30 327
30 328
30 338
30 355
30 363
30 366
30 375
30 376
30 378
30 383
30 390
30 393
30 395
31 33
31 35
31 36
31 41
31 50
31 74
31 75
31 84
31 110
31 122
31 133
31 135
31 137
31 147
31 150
31 194
31 230
31 239
31 243
31 244
31 246
31 248
31 275
31 282
31 290
31 299
31 331
31 373
31 379
31 383
31 390
32 38
32 40
32 48
32 61
32 64
32 72
32 81
32 97
32 100
32 104
32 107
32 117
32 120
32 129
32 145
32 160
32 173
32 185
32 191
32 193
32 208
32 212
32 214
32 217
32 221
32 237
32 254
32 268
32 270
32 282
32 287
32 295
32 304
32 308
32 330
32 344
32 355
32 358
32 370
32 380
32 396
33 35
33 37
33 41
33 42
33 44
33 48
33 49
33 53
33 57
33 61
33 72
33 77
33 79
33 83
33 86
33 87
33 94
33 99
33 111
33 149
33 152
33 153
33 155
33 158
33 160
33 174
33 178
33 187
33 192
33 198
33 213
33 235
33 269
33 279
33 287
33 296
33 313
33 315
33 333
33 334
33 342
33 355
33 373
33 389
34 35
34 39
34 41
34 54
34 55
34 59
34 62
34 64
34 67
34 68
34 74
34 94
34 102
34 107
34 116
34 118
34 121
34 122
34 126
34 151
34 160
34 176
34 186
34 211
34 218
34 237
34 243
34 263
34 267
34 270
34 274
34 278
34 307
34 313
34 318
34 336
34 344
34 345
34 350
34 382
34 383
34 384
34 398
35 39
35 42
35 43
35 44
35 52
35 53
35 55
35 59
35 62
35 63
35 78
35 81
35 82
35 84
35 85
35 86
35 98
35 104
35 106
35 117
35 122
35 123
35 124
35 125
35 136
35 143
35 149
35 157
35 165
35 168
35 178
35 190
35 193
35 204
35 207
35 214
35 217
35 234
35 261
35 266
35 273
35 279
35 285
35 289
35 333
35 334
35 340
35 356
35 371
35 373
36 37
36 38
36 40
36 41
36 49
36 54
36 61
36 62
36 68
36 72
36 77
36 79
36 92
36 101
36 109
36 115
36 124
36 125
36 128
36 132
36 140
36 144
36 155
36 167
36 177
36 178
36 183
36 187
36 192
36 209
36 218
36 223
36 227
36 235
36 236
36 238
36 242
36 259
36 278
36 281
36 294
36 296
36 298
36 302
36 303
36 336
36 338
36 370
36 397
37 38
37 41
37 43
37 45
37 52
37 63
37 71
37 73
37 78
37 84
37 91
37 92
37 97
37 99
37 100
37 104
37 105
37 107
37 111
37 113
37 119
37 132
37 133
37 137
37 150
37 153
37 169
37 172
37 173
37 184
37 194
37 208
37 221
37 258
37 261
37 264
37 268
37 274
37 296
37 311
37 312
37 315
37 324
37 325
37 367
37 377
37 398
38 39
38 52
38 60
38 61
38 65
38 70
38 76
38 79
38 83
38 84
38 91
38 99
38 108
38 111
38 167
38 182
38 208
38 220
38 238
38 244
38 257
38 262
38 268
38 273
38 310
38 337
38 371
38 375
38 382
38 395
39 50
39 54
39 55
39 57
39 59
39 60
39 77
39 80
39 93
39 98
39 101
39 108
39 124
39 126
39 130
39 135
39 141
39 146
39 151
39 156
39 164
39 172
39 175
39 176
39 181
39 196
39 204
39 209
39 211
39 225
39 227
39 244
39 245
39 248
39 252
39 255
39 265
39 269
39 272
39 278
39 280
39 295
39 299
39 304
39 307
39 314
39 337
39 344
39 347
39 351
39 356
39 362
39 363
39 375
39 377
39 386
39 388
39 393
39 394
39 396
40 45
40 46
40 60
40 61
40 66
40 68
40 69
40 72
40 79
40 93
40 95
40 96
40 108
40 110
40 120
40 129
40 136
40 179
40 180
40 204
40 215
40 222
40 256
40 258
40 272
40 275
40 281
40 314
40 327
40 331
40 340
40 352
40 358
40 363
40 365
40 373
41 50
41 59
41 65
41 71
41 74
41 75
41 77
41 86
41 90
41 91
41 108
41 137
41 154
41 166
41 168
41 211
41 213
41 224
41 244
41 246
41 275
41 283
41 288
41 292
41 333
41 335
41 346
41 354
41 368
41 371
41 374
42 43
42 50
42 53
42 54
42 59
42 66
42 77
42 80
42 88
42 97
42 121
42 122
42 125
42 127
42 137
42 141
42 147
42 161
42 164
42 168
42 175
42 186
42 191
42 200
42 204
42 233
42 234
42 249
42 250
42 267
42 268
42 283
42 289
42 319
42 325
42 349
42 353
42 354
42 357
42 363
42 389
43 44
43 46
43 50
43 51
43 57
43 62
43 73
43 74
43 78
43 82
43 87
43 88
43 93
43 96
43 103
43 124
43 125
43 131
43 134
43 144
43 147
43 148
43 156
43 160
43 167
43 174
43 187
43 188
43 215
43 217
43 236
43 248
43 251
43 261
43 277
43 280
43 283
43 289
43 296
43 298
43 305
43 309
43 322
43 338
43 346
43 354
43 369
43 374
43 380
43 383
44 47
44 48
44 50
44 58
44 62
44 73
44 75
44 76
44 82
44 83
44 98
44 102
44 104
44 117
44 124
44 129
44 133
44 134
44 177
44 194
44 211
44 213
44 221
44 231
44 232
44 239
44 264
44 273
44 275
44 292
44 297
44 316
44 317
44 321
44 335
44 361
44 366
44 386
44 390
45 46
45 48
45 56
45 67
45 78
45 79
45 92
45 98
45 113
45 115
45 118
45 127
45 131
45 137
45 167
45 179
45 208
45 210
45 217
45 221
45 242
45 259
45 260
45 265
45 276
45 290
45 343
45 348
46 48
46 51
46 53
46 62
46 65
46 72
46 73
46 85
46 96
46 105
46 116
46 128
46 158
46 164
46 166
46 167
46 187
46 208
46 259
46 261
46 284
46 310
46 316
46 368
46 384
46 387
47 52
47 54
47 58
47 59
47 60
47 64
47 67
47 69
47 72
47 74
47 80
47 81
47 85
47 89
47 90
47 91
47 99
47 100
47 101
47 108
47 112
47 125
47 131
47 136
47 139
47 142
47 145
47 146
47 150
47 174
47 175
47 179
47 186
47 197
47 240
47 256
47 263
47 295
47 328
47 330
47 336
47 343
47 355
47 398
47 399
48 50
48 54
48 62
48 70
48 80
48 83
48 103
48 129
48 130
48 135
48 139
48 140
48 145
48 148
48 150
48 161
48 162
48 180
48 195
48 211
48 219
48 226
48 229
48 236
48 237
48 245
48 267
48 283
48 288
48 296
48 298
48 300
48 310
48 348
48 360
48 377
48 385
49 58
49 62
49 67
49 69
49 70
49 71
49 76
49 91
49 98
49 106
49 112
49 113
49 117
49 128
49 134
49 148
49 149
49 153
49 168
49 169
49 188
49 205
49 225
49 231
49 254
49 289
49 292
49 318
49 329
49 330
49 346
49 359
50 54
50 55
50 63
50 73
50 86
50 87
50 89
50 107
50 153
50 155
50 165
50 173
50 174
50 185
50 186
50 197
50 203
50 204
50 217
50 223
50 230
50 232
50 237
50 240
50 257
50 271
50 287
50 294
50 297
50 321
50 337
50 377
50 388
51 53
51 54
51 59
51 70
51 88
51 93
51 104
51 105
51 112
51 122
51 141
51 150
51 200
51 204
51 212
51 214
51 220
51 230
51 232
51 258
51 286
51 293
51 313
51 370
51 371
51 380
51 394
51 396
52 53
52 65
52 71
52 74
52 86
52 106
52 107
52 110
52 113
52 121
52 156
52 181
52 188
52 197
52 227
52 236
52 238
52 280
52 287
52 314
52 322
52 353
52 377
52 379
52 380
53 56
53 60
53 65
53 72
53 75
53 93
53 106
53 110
53 112
53 129
53 134
53 140
53 144
53 153
53 159
53 161
53 172
53 202
53 224
53 226
53 234
53 241
53 242
53 245
53 287
53 289
53 302
53 304
53 307
53 315
53 316
53 319
54 55
54 57
54 60
54 67
54 70
54 71
54 81
54 85
54 86
54 91
54 110
54 131
54 140
54 143
54 144
54 145
54 162
54 170
54 174
54 185
54 194
54 195
54 196
54 201
54 206
54 208
54 213
54 219
54 224
54 232
54 234
54 238
54 248
54 261
54 263
54 368
54 373
54 375
54 379
54 382
54 383
55 56
55 62
55 80
55 84
55 102
55 104
55 114
55 131
55 143
55 153
55 159
55 163
55 170
55 171
55 220
55 241
55 257
55 261
55 303
55 312
55 325
55 329
55 347
55 349
55 363
55 387
55 395
56 60
56 65
56 73
56 101
56 102
56 104
56 106
56 154
56 157
56 164
56 166
56 172
56 209
56 233
56 247
56 263
56 271
56 287
56 296
56 309
56 347
56 373
56 374
56 381
56 394
57 69
57 71
57 74
57 78
57 90
57 101
57 126
57 135
57 154
57 160
57 162
57 169
57 170
57 171
57 172
57 175
57 181
57 185
57 200
57 208
57 239
57 260
57 264
57 275
57 287
57 303
57 305
57 318
57 334
57 340
57 341
57 349
57 371
57 376
57 383
58 63
58 67
58 72
58 76
58 77
58 79
58 80
58 84
58 87
58 90
58 98
58 102
58 119
58 133
58 136
58 137
58 139
58 145
58 148
58 163
58 165
58 174
58 188
58 199
58 209
58 211
58 213
58 246
58 247
58 278
58 281
58 290
58 293
58 295
58 317
58 323
58 324
58 339
58 341
58 345
58 357
58 388
58 398
59 63
59 87
59 89
59 92
59 95
59 107
59 113
59 118
59 126
59 134
59 139
59 141
59 156
59 198
59 220
59 238
59 239
59 255
59 257
59 258
59 302
60 76
60 82
60 96
60 161
60 169
60 178
60 193
60 198
60 206
60 229
60 236
60 237
60 238
60 242
60 246
60 248
60 257
60 272
60 283
60 298
60 332
60 338
60 367
61 63
61 68
61 71
61 75
61 76
61 95
61 97
61 106
61 112
61 114
61 117
61 133
61 135
61 142
61 148
61 157
61 170
61 178
61 187
61 191
61 193
61 196
61 203
61 237
61 254
61 268
61 273
61 284
61 291
61 292
61 307
61 324
61 329
61 332
61 342
61 359
61 360
61 364
61 368
61 370
61 378
61 398
61 399
62 64
62 70
62 75
62 79
62 86
62 87
62 92
62 124
62 132
62 153
62 155
62 162
62 183
62 216
62 249
62 267
62 275
62 285
62 376
63 72
63 100
63 109
63 110
63 114
63 137
63 139
63 149
63 179
63 203
63 207
63 228
63 248
63 262
63 274
63 318
63 343
63 346
63 353
64 69
64 79
64 84
64 111
64 119
64 142
64 169
64 176
64 208
64 218
64 219
64 232
64 242
64 250
64 257
64 307
64 347
64 348
65 74
65 87
65 103
65 106
65 114
65 115
65 124
65 134
65 137
65 161
65 177
65 184
65 189
65 196
65 206
65 210
65 220
65 229
65 230
65 233
65 252
65 276
65 277
65 285
65 286
65 290
65 346
65 355
65 372
65 379
65 387
65 388
65 393
66 89
66 94
66 111
66 116
66 119
66 134
66 136
66 157
66 160
66 173
66 242
66 248
66 291
66 303
66 311
66 329
67 71
67 72
67 78
67 84
67 95
67 105
67 109
67 120
67 132
67 133
67 135
67 142
67 156
67 158
67 161
67 176
67 202
67 210
67 212
67 213
67 231
67 233
67 239
67 261
67 266
67 291
67 296
67 301
67 312
67 326
67 341
67 359
68 97
68 109
68 111
68 125
68 138
68 166
68 170
68 173
68 187
68 206
68 209
68 223
68 224
68 256
68 264
68 268
68 303
68 323
68 394
69 82
69 90
69 104
69 132
69 140
69 178
69 248
69 264
69 271
69 336
69 337
69 351
69 378
70 95
70 115
70 136
70 146
70 158
70 202
70 225
70 265
70 270
70 279
70 321
70 328
70 365
70 377
70 387
71 73
71 83
71 106
71 108
71 111
71 113
71 114
71 115
71 127
71 144
71 159
71 163
71 171
71 183
71 187
71 199
71 210
71 239
71 244
71 277
71 316
71 334
71 335
71 340
71 364
71 378
71 384
71 393
72 74
72 80
72 81
72 92
72 99
72 103
72 121
72 136
72 146
72 151
72 159
72 180
72 181
72 201
72 205
72 209
72 212
72 220
72 232
72 240
72 269
72 284
72 290
72 316
72 328
72 340
72 348
72 357
72 368
72 388
72 392
73 105
73 108
73 128
73 131
73 132
73 140
73 143
73 149
73 155
73 164
73 178
73 183
73 199
73 202
73 207
73 217
73 231
73 246
73 254
73 266
73 273
73 283
73 329
73 362
73 397
74 79
74 82
74 85
74 101
74 112
74 118
74 155
74 162
74 192
74 219
74 222
74 249
74 305
74 310
74 319
74 322
74 327
74 328
74 354
74 361
75 100
75 101
75 102
75 107
75 110
75 118
75 121
75 130
75 137
75 143
75 165
75 176
75 178
75 179
75 181
75 186
75 205
75 237
75 238
75 241
75 244
75 255
75 276
75 277
75 282
75 290
75 293
75 295
75 306
75 332
75 337
75 357
75 370
75 389
76 77
76 79
76 80
76 81
76 83
76 89
76 117
76 122
76 135
76 156
76 157
76 159
76 170
76 176
76 187
76 191
76 223
76 239
76 253
76 264
76 270
76 272
76 289
76 320
76 323
76 349
76 357
76 362
76 392
77 78
77 98
77 101
77 108
77 121
77 122
77 171
77 174
77 182
77 198
77 202
77 217
77 219
77 247
77 251
77 261
77 267
77 274
77 312
77 326
77 331
77 342
77 353
77 359
77 367
77 370
77 395
78 80
78 82
78 85
78 108
78 116
78 117
78 124
78 132
78 135
78 136
78 137
78 153
78 162
78 174
78 177
78 183
78 193
78 194
78 199
78 229
78 233
78 249
78 254
78 261
78 274
78 276
78 280
78 287
78 300
78 310
78 329
78 350
78 379
78 382
78 399
79 87
79 92
79 110
79 114
79 121
79 122
79 139
79 148
79 161
79 182
79 222
79 242
79 254
79 263
79 277
79 288
79 301
79 312
79 315
79 322
79 324
79 334
79 348
79 356
79 361
79 386
79 397
80 83
80 91
80 104
80 129
80 150
80 177
80 183
80 195
80 197
80 282
80 352
80 356
80 371
81 96
81 115
81 123
81 135
81 146
81 165
81 189
81 190
81 235
81 241
81 281
81 289
81 308
81 311
81 327
81 330
81 355
82 99
82 100
82 105
82 114
82 117
82 130
82 136
82 149
82 152
82 167
82 189
82 205
82 227
82 251
82 275
82 280
82 310
82 320
82 330
82 346
82 364
82 365
83 84
83 87
83 93
83 99
83 111
83 121
83 140
83 146
83 156
83 164
83 193
83 205
83 260
83 265
83 273
83 277
83 288
83 307
83 318
83 331
84 88
84 93
84 95
84 112
84 115
84 126
84 138
84 173
84 216
84 240
84 242
84 246
84 300
84 348
84 360
84 385
84 398
85 114
85 125
85 141
85 150
85 172
85 182
85 200
85 238
85 263
85 280
85 308
85 359
85 364
85 382
86 87
86 90
86 96
86 114
86 119
86 120
86 138
86 157
86 165
86 167
86 173
86 222
86 269
86 331
86 393
87 94
87 95
87 99
87 106
87 127
87 131
87 146
87 152
87 164
87 170
87 174
87 178
87 179
87 182
87 201
87 217
87 246
87 276
87 279
87 302
87 307
87 324
87 329
87 356
87 366
87 390
87 391
87 393
88 92
88 93
88 115
88 119
88 125
88 133
88 139
88 177
88 217
88 288
88 309
88 381
88 386
89 107
89 109
89 116
89 122
89 144
89 147
89 154
89 157
89 169
89 173
89 174
89 175
89 183
89 192
89 194
89 281
89 292
89 299
89 327
89 333
89 385
90 120
90 138
90 139
90 207
90 211
90 218
90 229
90 231
90 237
90 254
90 259
91 106
91 113
91 114
91 116
91 126
91 127
91 133
91 137
91 151
91 168
91 169
91 173
91 180
91 187
91 201
91 207
91 232
91 246
91 247
91 267
91 268
91 279
91 295
91 299
91 309
91 317
91 319
91 321
91 341
91 373
91 384
92 93
92 94
92 100
92 106
92 123
92 131
92 133
92 135
92 139
92 141
92 146
92 149
92 157
92 158
92 175
92 178
92 202
92 212
92 231
92 235
92 236
92 286
92 294
92 355
92 356
92 363
92 367
93 95
93 107
93 118
93 127
93 130
93 138
93 141
93 143
93 150
93 180
93 193
93 194
93 196
93 201
93 202
93 227
93 230
93 234
93 235
93 256
93 269
93 274
93 278
93 293
93 325
93 339
93 392
93 393
94 95
94 96
94 99
94 130
94 151
94 214
94 241
94 281
94 291
94 314
95 107
95 128
95 153
95 154
95 176
95 198
95 202
95 233
95 251
95 272
95 313
95 327
95 341
95 354
95 368
96 102
96 136
96 151
96 152
96 167
96 184
96 188
96 319
96 374
96 385
97 109
97 114
97 127
97 132
97 136
97 140
97 147
97 194
97 217
97 229
97 234
97 250
97 254
97 258
97 306
97 317
97 370
97 378
97 380
97 398
98 120
98 121
98 139
98 152
98 175
98 176
98 225
98 282
98 285
98 339
98 342
98 343
98 354
98 362
99 110
99 120
99 126
99 138
99 156
99 166
99 177
99 220
99 239
99 254
99 269
99 276
99 279
99 294
99 300
99 306
100 150
100 160
100 177
100 216
100 229
100 231
100 235
100 285
100 293
100 313
100 378
100 393
101 136
101 142
101 143
101 165
101 180
101 187
101 226
101 250
101 272
101 278
101 281
101 315
101 387
102 116
102 139
102 144
102 172
102 176
102 180
102 185
102 191
102 192
102 210
102 231
102 252
102 290
102 350
102 365
103 112
103 113
103 147
103 152
103 173
103 176
103 199
103 207
103 216
103 220
103 242
103 251
103 269
103 301
104 233
104 250
104 301
104 303
104 321
104 331
104 390
105 109
105 126
105 133
105 134
105 139
105 145
105 169
105 199
105 205
105 216
105 246
105 271
105 280
105 294
105 314
105 332
105 396
106 125
106 136
106 163
106 172
106 210
106 234
106 241
106 244
106 246
106 257
106 273
106 301
106 309
107 112
107 118
107 125
107 147
107 165
107 184
107 192
107 201
107 213
107 218
107 220
107 235
107 258
107 335
108 116
108 136
108 170
108 207
108 228
108 230
108 236
108 237
108 241
108 250
108 281
108 287
108 334
108 341
108 351
108 389
108 391
108 395
109 133
109 138
109 141
109 142
109 143
109 151
109 156
109 159
109 203
109 209
109 211
109 212
109 218
109 240
109 246
109 247
109 262
109 265
109 277
109 279
109 315
109 327
109 332
109 340
109 366
109 374
110 117
110 122
110 156
110 160
110 161
110 181
110 182
110 206
110 210
110 219
110 226
110 229
110 252
110 263
110 295
110 364
110 399
111 115
111 122
111 125
111 129
111 133
111 146
111 170
111 171
111 184
111 190
111 204
111 213
111 224
111 228
111 240
111 243
111 265
111 283
111 304
111 306
111 309
111 320
111 338
111 353
112 118
112 139
112 154
112 169
112 184
112 185
112 186
112 208
112 272
112 287
112 301
112 309
112 335
112 352
112 375
113 121
113 127
113 149
113 156
113 182
113 183
113 209
113 213
113 271
113 274
113 297
114 152
114 338
114 369
114 381
115 124
115 130
115 134
115 140
115 148
115 162
115 165
115 215
115 229
115 230
115 246
115 266
115 308
115 347
116 117
116 123
116 164
116 182
116 205
116 206
116 231
116 238
116 261
116 287
116 297
116 302
116 310
116 329
116 349
116 360
116 386
116 394
117 169
117 192
117 272
117 299
117 314
117 321
117 334
117 380
118 135
118 146
118 154
118 160
118 169
118 191
118 266
118 289
118 346
119 147
119 166
119 243
119 269
119 302
119 329
119 341
119 347
119 364
120 125
120 136
120 141
120 146
120 185
120 189
120 197
120 198
120 240
120 245
120 253
120 260
120 297
120 367
121 142
121 162
121 163
121 164
121 168
121 179
121 182
121 184
121 212
121 213
121 215
121 216
121 220
121 225
121 250
121 256
121 337
121 358
121 375
122 124
122 143
122 155
122 158
122 211
122 241
122 335
122 375
122 392
123 143
123 168
123 232
123 233
123 299
123 330
123 351
123 391
123 394
123 397
124 132
124 134
124 156
124 180
124 213
124 218
124 224
124 230
124 260
124 270
124 277
124 286
124 309
124 314
124 316
124 332
124 333
124 356
124 359
124 374
125 142
125 176
125 193
125 200
125 224
125 236
125 244
125 277
125 325
125 335
125 347
125 373
125 381
126 199
126 215
126 255
126 345
127 140
127 154
127 209
127 225
127 242
127 279
127 291
127 326
127 357
127 373
128 132
128 158
128 162
128 175
128 187
128 197
128 260
128 286
128 306
128 315
128 337
128 344
128 369
128 377
129 130
129 131
129 143
129 149
129 152
129 154
129 172
129 187
129 190
129 195
129 212
129 221
129 225
129 239
129 240
129 260
129 282
129 299
129 321
129 343
129 372
130 151
130 161
130 170
130 180
130 186
130 218
130 226
130 250
130 278
130 301
130 399
131 155
131 172
131 179
131 187
131 189
131 194
131 203
131 208
131 213
131 214
131 259
131 272
131 277
132 145
132 150
132 178
132 179
132 182
132 196
132 198
132 201
132 218
132 225
132 256
132 276
132 294
132 308
132 324
132 380
133 141
133 142
133 164
133 174
133 214
133 224
133 259
133 299
133 345
133 367
133 385
134 158
134 209
134 216
134 258
134 269
134 284
134 317
134 329
134 334
134 365
134 394
135 142
135 158
135 160
135 189
135 243
135 248
135 253
135 260
135 267
135 274
135 310
135 326
135 330
135 393
136 148
136 204
136 215
136 365
137 160
137 162
137 185
137 186
137 192
137 206
137 216
137 250
137 265
137 275
137 293
137 340
137 354
137 358
137 360
137 384
138 194
138 195
138 196
138 225
138 257
138 295
138 355
139 172
139 198
139 219
139 225
139 303
139 319
139 322
140 144
140 158
140 163
140 166
140 181
140 222
140 243
140 276
140 361
140 366
140 382
141 148
141 161
141 174
141 216
141 264
141 285
141 397
142 162
142 166
142 214
142 249
142 264
142 265
142 283
142 286
142 309
142 326
142 333
142 369
142 373
143 168
143 190
143 191
143 227
143 228
143 236
143 239
143 253
143 314
143 324
143 348
143 353
143 382
143 384
144 148
144 155
144 157
144 179
144 266
144 326
144 353
144 367
145 162
145 170
145 186
145 212
145 215
145 245
145 341
145 372
145 374
145 390
145 397
146 147
146 200
146 259
146 323
146 329
146 357
146 361
146 378
147 157
147 159
147 172
147 184
147 195
147 205
147 233
147 263
147 281
147 287
147 302
147 327
147 379
147 392
148 152
148 177
148 194
148 199
148 201
148 224
148 230
148 298
148 337
148 348
148 350
148 353
148 359
148 392
149 157
149 195
149 278
149 285
149 324
149 340
149 382
150 167
150 186
150 191
150 244
150 262
150 280
150 339
150 342
150 352
150 358
151 152
151 162
151 183
151 184
151 188
151 245
151 251
151 270
151 332
151 333
151 335
151 353
151 374
152 192
152 252
152 264
152 266
152 297
152 312
152 313
152 316
153 158
153 171
153 221
153 322
154 161
154 195
154 211
154 245
154 246
154 264
154 278
154 286
154 292
154 296
154 342
154 365
155 167
155 223
155 247
155 267
155 272
155 275
155 276
155 311
155 315
155 341
155 351
155 359
155 379
156 164
156 169
156 203
156 216
156 313
156 318
156 335
156 376
156 383
157 170
157 189
157 198
157 200
157 208
157 281
157 299
157 369
158 163
158 172
158 182
158 188
158 224
158 282
158 307
158 385
158 386
158 396
159 226
159 343
160 184
160 194
160 195
160 208
160 209
160 217
160 263
160 289
160 309
160 316
160 326
160 332
160 337
161 167
161 174
161 233
161 249
161 291
161 316
161 355
161 376
161 385
161 388
162 180
162 235
162 265
162 335
162 339
162 372
163 172
163 177
163 185
163 206
163 217
163 243
163 268
163 296
163 333
163 334
163 386
163 393
164 167
164 168
164 181
164 191
164 196
164 199
164 207
164 215
164 254
164 332
164 369
164 378
164 391
165 206
165 213
165 234
165 235
165 254
165 260
165 267
165 309
165 345
165 371
166 169
166 186
166 189
166 197
166 236
166 242
166 243
166 253
166 276
166 293
166 327
166 336
166 366
166 379
167 219
167 252
167 290
167 310
167 331
167 399
168 175
168 188
168 197
168 224
168 283
168 308
168 325
168 334
168 335
168 357
168 358
168 380
168 398
169 183
169 205
169 332
169 388
170 175
170 177
170 199
170 227
170 249
171 190
171 191
171 209
171 210
171 273
171 317
171 324
171 340
171 361
171 372
171 381
171 387
172 224
172 256
172 272
172 309
172 322
172 327
173 182
173 188
173 200
173 210
173 259
173 297
173 328
173 347
173 366
173 372
174 190
174 196
174 251
174 289
174 312
174 315
174 333
174 374
175 224
175 228
175 297
175 338
176 196
176 201
176 214
176 231
176 318
176 348
176 350
176 359
177 189
177 261
177 353
178 196
178 200
178 206
178 209
178 228
178 238
178 279
178 338
179 187
179 194
179 200
179 201
179 227
179 253
179 262
179 325
179 372
180 192
180 205
180 232
180 238
180 249
180 268
180 280
180 296
180 308
180 312
180 317
180 338
180 351
180 361
180 384
181 219
181 230
181 248
181 321
181 345
181 388
182 203
182 240
182 244
182 295
182 388
183 205
183 223
183 243
183 256
183 266
183 359
184 208
184 281
184 299
184 371
185 193
185 214
185 215
185 250
185 262
185 290
185 328
186 188
186 220
186 252
186 320
186 357
187 193
187 234
187 237
187 240
187 255
187 258
187 262
187 278
187 280
187 295
187 297
187 307
187 367
187 374
188 221
188 240
188 251
188 326
188 396
189 203
189 206
189 220
189 259
189 276
189 277
189 288
189 293
189 296
189 301
189 325
189 327
189 330
189 340
189 353
189 380
190 196
190 200
190 207
190 221
190 301
190 306
190 330
190 356
190 372
190 377
190 386
191 223
191 232
191 240
191 255
191 256
191 323
191 339
191 389
191 399
192 198
192 210
192 223
192 260
192 282
192 329
192 350
192 371
193 237
193 247
193 263
193 269
193 270
193 321
193 360
193 361
194 212
194 291
194 327
194 366
194 384
195 199
195 218
195 221
195 266
195 268
195 277
195 285
195 293
195 314
195 374
196 277
196 285
196 306
196 312
197 234
197 288
197 338
197 341
197 351
197 392
198 243
198 273
198 308
198 311
198 374
198 390
199 280
199 380
200 231
200 282
200 284
200 310
200 361
200 371
201 208
201 225
201 228
201 280
201 285
201 290
201 326
201 352
202 223
202 241
202 269
202 284
202 339
202 351
203 219
203 243
203 298
204 223
204 263
204 302
204 321
204 352
204 389
205 252
205 255
205 257
205 284
205 289
205 291
205 294
205 305
205 330
205 339
205 342
205 350
205 352
205 357
205 362
206 399
207 278
207 312
207 319
207 344
207 369
207 371
207 373
208 227
208 229
208 243
208 283
208 326
208 333
208 351
208 370
208 382
209 237
209 239
209 264
209 275
209 276
209 342
209 357
209 358
209 372
210 259
210 263
210 295
210 353
210 360
210 362
210 394
211 226
211 228
211 260
211 266
211 267
211 290
211 339
211 344
211 345
211 350
211 351
211 355
211 365
211 377
212 234
212 244
212 256
212 259
212 284
212 314
212 328
213 217
213 353
213 361
213 376
213 379
213 383
214 241
214 244
214 360
215 222
215 231
215 235
215 238
215 266
215 322
215 362
215 364
215 368
215 369
215 383
215 385
215 391
216 271
216 305
216 354
216 361
217 258
217 288
217 335
217 354
217 360
217 378
218 219
218 238
218 257
218 298
218 317
218 341
218 346
218 389
219 225
219 243
219 245
219 264
219 307
219 347
219 352
220 247
220 252
220 266
220 305
220 396
221 238
221 258
221 270
221 306
222 237
222 378
223 229
223 266
223 296
223 297
223 392
224 232
224 241
224 282
224 295
224 311
224 337
224 350
224 394
225 273
225 284
225 292
225 297
225 298
225 307
225 327
225 349
226 228
227 235
227 267
227 300
227 325
227 338
227 377
227 385
227 396
228 302
228 338
228 371
228 384
229 233
229 273
229 286
229 323
229 324
230 273
230 295
230 310
230 316
230 363
231 299
231 302
231 360
231 371
231 397
232 248
232 255
232 271
232 325
233 239
233 395
234 249
234 268
234 300
234 312
234 322
234 337
234 387
234 398
235 271
235 275
235 315
235 336
235 339
235 348
235 359
236 242
236 260
236 287
236 354
236 366
236 373
236 392
237 263
237 382
238 253
238 301
238 345
238 349
238 369
238 397
239 288
239 297
239 318
239 331
239 354
240 260
240 324
240 346
241 349
241 378
241 389
242 274
242 322
242 346
243 265
243 280
243 288
243 346
243 358
243 382
244 338
244 344
244 381
245 378
246 270
246 308
246 355
246 387
246 390
247 278
247 305
247 313
247 391
248 257
248 262
248 326
248 328
249 258
249 278
249 282
249 291
249 318
249 343
249 354
249 393
250 294
250 298
250 311
250 367
250 395
251 286
251 299
251 370
253 391
253 394
254 300
254 375
255 268
256 355
257 272
257 343
257 351
257 389
258 289
258 331
258 340
258 347
259 261
259 262
259 266
259 293
259 383
260 306
260 328
260 386
261 268
261 323
261 336
261 342
262 264
262 346
263 376
264 270
264 343
265 286
265 297
265 301
265 335
265 387
266 274
266 363
267 311
267 384
267 393
267 394
268 272
268 309
268 336
269 292
269 345
270 292
270 299
270 304
270 306
270 365
270 398
271 281
271 340
271 352
271 382
272 380
273 314
273 328
273 337
273 385
273 392
274 313
274 379
275 319
275 362
275 367
276 381
277 362
277 395
278 291
278 328
278 345
278 361
278 362
278 375
279 320
279 382
280 294
280 320
281 317
281 337
282 304
282 325
282 334
283 305
283 306
283 328
283 389
284 289
284 331
285 289
285 299
285 305
285 318
285 351
285 358
285 362
286 287
286 306
286 334
286 343
286 354
286 389
287 303
289 302
289 318
290 322
291 336
291 343
291 356
291 391
293 298
293 323
293 336
293 376
294 315
295 320
295 368
296 300
296 307
296 332
296 393
297 300
297 317
297 358
298 350
298 360
298 365
298 390
299 300
299 316
299 330
299 345
301 395
302 310
303 304
303 353
303 398
304 308
304 345
304 363
304 394
304 396
305 320
306 313
307 309
307 390
308 336
308 348
309 340
309 342
309 350
309 387
309 399
310 325
310 355
310 357
310 364
311 315
311 322
311 390
313 397
314 344
314 373
314 394
315 333
315 358
316 317
317 345
317 387
318 368
318 389
319 342
319 385
321 336
321 341
322 329
322 370
323 379
323 399
324 364
324 370
324 385
324 396
325 362
326 361
326 381
327 385
329 349
330 349
330 358
330 364
330 374
331 346
333 352
333 392
334 341
335 369
336 384
337 386
337 393
338 349
338 384
339 350
340 353
342 352
344 386
345 368
346 391
347 348
348 397
349 378
350 359
350 365
350 388
352 367
353 364
354 360
354 362
354 381
355 381
356 360
356 369
356 392
359 377
359 385
361 396
361 399
364 367
364 396
365 397
367 375
368 380
370 372
372 375
373 377
373 386
373 397
374 379
376 380
380 384
383 388
383 391
383 392
383 396
390 392
397 399
