0 1
0 2
0 3
0 4
0 5
0 6
0 7
0 8
0 9
0 10
0 11
0 12
0 13
0 14
0 15
0 16
0 17
0 18
0 19
0 20
0 21
0 22
0 23
0 24
0 25
0 26
0 27
0 28
0 29
0 30
0 31
0 32
0 33
0 34
0 35
0 36
0 38
0 39
0 40
0 42
0 43
0 45
0 46
0 47
0 49
0 52
0 53
0 54
0 55
0 56
0 57
0 58
0 62
0 64
0 66
0 67
0 68
0 71
0 72
0 75
0 76
0 78
0 82
0 83
0 85
0 90
0 91
0 93
0 94
0 96
0 97
0 104
0 106
0 108
0 115
0 118
0 121
0 132
0 137
0 138
0 139
1 2
1 3
1 4
1 5
1 6
1 7
1 8
1 9
1 10
1 11
1 12
1 13
1 14
1 15
1 16
1 17
1 18
1 19
1 20
1 21
1 22
1 23
1 24
1 25
1 26
1 27
1 28
1 29
1 30
1 31
1 32
1 33
1 34
1 35
1 36
1 37
1 38
1 39
1 40
1 41
1 42
1 43
1 46
1 48
1 49
1 52
1 53
1 56
1 57
1 58
1 59
1 61
1 67
1 69
1 73
1 76
1 79
1 85
1 89
1 90
1 92
1 93
1 95
1 97
1 98
1 102
1 103
1 107
1 120
1 121
1 122
1 124
1 125
1 128
1 133
1 134
1 136
1 147
2 3
2 4
2 5
2 6
2 7
2 8
2 9
2 10
2 11
2 12
2 13
2 14
2 15
2 16
2 17
2 18
2 19
2 20
2 21
2 22
2 23
2 24
2 25
2 26
2 27
2 28
2 29
2 30
2 31
2 32
2 33
2 34
2 36
2 37
2 38
2 39
2 41
2 42
2 43
2 44
2 45
2 46
2 49
2 50
2 51
2 53
2 54
2 56
2 57
2 62
2 67
2 70
2 73
2 78
2 81
2 86
2 92
2 94
2 101
2 104
2 106
2 110
2 114
2 116
2 120
2 121
2 128
2 134
2 135
2 138
2 139
2 141
2 143
2 144
3 4
3 5
3 6
3 7
3 8
3 9
3 10
3 11
3 12
3 13
3 14
3 15
3 16
3 17
3 18
3 19
3 20
3 21
3 22
3 23
3 24
3 25
3 26
3 27
3 28
3 29
3 30
3 31
3 32
3 33
3 34
3 35
3 36
3 37
3 38
3 40
3 41
3 42
3 44
3 45
3 46
3 47
3 49
3 50
3 52
3 53
3 54
3 55
3 58
3 59
3 60
3 61
3 62
3 63
3 65
3 66
3 70
3 71
3 78
3 86
3 87
3 88
3 91
3 99
3 101
3 108
3 115
3 116
3 118
3 122
3 124
3 132
3 137
3 139
3 142
3 143
4 5
4 6
4 7
4 8
4 9
4 10
4 11
4 12
4 13
4 14
4 15
4 16
4 17
4 18
4 19
4 20
4 21
4 22
4 23
4 24
4 25
4 26
4 27
4 28
4 29
4 30
4 31
4 33
4 34
4 35
4 37
4 39
4 41
4 44
4 46
4 47
4 49
4 50
4 51
4 53
4 55
4 56
4 58
4 59
4 63
4 64
4 66
4 67
4 72
4 74
4 77
4 78
4 79
4 81
4 82
4 83
4 84
4 89
4 91
4 93
4 95
4 96
4 98
4 99
4 103
4 105
4 107
4 110
4 112
4 113
4 116
4 117
4 119
4 120
4 121
4 124
4 127
4 131
4 134
4 135
4 137
4 140
4 144
4 146
4 147
4 149
5 6
5 7
5 8
5 9
5 10
5 11
5 12
5 13
5 14
5 15
5 16
5 17
5 18
5 19
5 20
5 21
5 22
5 23
5 24
5 25
5 26
5 27
5 28
5 29
5 30
5 32
5 33
5 34
5 35
5 36
5 37
5 38
5 39
5 40
5 42
5 43
5 44
5 45
5 47
5 51
5 52
5 54
5 57
5 58
5 59
5 60
5 68
5 72
5 76
5 77
5 79
5 80
5 85
5 86
5 88
5 92
5 93
5 96
5 97
5 98
5 102
5 103
5 104
5 105
5 110
5 112
5 127
5 131
5 133
5 134
5 135
5 140
5 147
5 148
5 149
6 7
6 8
6 9
6 10
6 11
6 12
6 13
6 14
6 15
6 16
6 17
6 18
6 19
6 20
6 21
6 22
6 23
6 24
6 25
6 26
6 27
6 28
6 29
6 30
6 31
6 32
6 33
6 34
6 36
6 37
6 38
6 41
6 42
6 43
6 44
6 45
6 46
6 48
6 49
6 50
6 51
6 52
6 55
6 56
6 57
6 58
6 59
6 61
6 68
6 69
6 70
6 71
6 72
6 73
6 76
6 79
6 80
6 87
6 90
6 95
6 98
6 106
6 108
6 110
6 113
6 127
6 131
6 134
6 138
6 142
6 144
6 146
6 148
7 8
7 9
7 10
7 11
7 12
7 13
7 14
7 15
7 16
7 17
7 18
7 19
7 20
7 21
7 22
7 23
7 24
7 25
7 26
7 27
7 28
7 29
7 30
7 31
7 32
7 33
7 34
7 35
7 36
7 37
7 38
7 39
7 42
7 43
7 44
7 45
7 46
7 47
7 48
7 49
7 50
7 51
7 53
7 54
7 55
7 61
7 62
7 63
7 66
7 69
7 70
7 72
7 73
7 74
7 78
7 80
7 81
7 82
7 84
7 93
7 94
7 95
7 97
7 103
7 106
7 109
7 110
7 112
7 114
7 115
7 118
7 119
7 122
7 123
7 126
7 127
7 130
7 132
7 135
7 136
7 140
7 144
7 145
7 146
7 149
8 9
8 10
8 11
8 12
8 13
8 14
8 15
8 16
8 17
8 18
8 19
8 20
8 21
8 22
8 23
8 24
8 25
8 26
8 27
8 28
8 29
8 30
8 31
8 32
8 34
8 35
8 37
8 39
8 40
8 41
8 47
8 48
8 49
8 50
8 52
8 54
8 55
8 56
8 58
8 59
8 60
8 62
8 64
8 68
8 69
8 70
8 71
8 72
8 73
8 75
8 79
8 82
8 85
8 89
8 92
8 93
8 94
8 98
8 102
8 103
8 105
8 110
8 115
8 121
8 127
8 134
8 148
8 149
9 10
9 11
9 12
9 13
9 14
9 15
9 16
9 17
9 18
9 19
9 20
9 21
9 22
9 23
9 24
9 25
9 26
9 27
9 28
9 29
9 30
9 31
9 32
9 33
9 34
9 35
9 36
9 37
9 38
9 39
9 40
9 41
9 42
9 43
9 44
9 45
9 46
9 48
9 49
9 52
9 55
9 60
9 61
9 62
9 66
9 73
9 75
9 77
9 80
9 81
9 82
9 87
9 95
9 97
9 102
9 103
9 106
9 108
9 112
9 113
9 115
9 116
9 124
9 126
9 135
9 142
9 144
9 149
10 11
10 12
10 13
10 14
10 15
10 16
10 17
10 18
10 19
10 20
10 21
10 22
10 23
10 24
10 25
10 26
10 27
10 28
10 29
10 30
10 31
10 34
10 35
10 36
10 37
10 38
10 39
10 40
10 42
10 44
10 46
10 47
10 51
10 52
10 55
10 56
10 57
10 58
10 61
10 64
10 67
10 68
10 70
10 73
10 74
10 76
10 77
10 79
10 80
10 84
10 86
10 94
10 95
10 100
10 101
10 103
10 104
10 105
10 106
10 108
10 109
10 112
10 114
10 116
10 117
10 118
10 122
10 124
10 126
10 131
10 132
10 135
10 136
10 137
10 138
10 140
10 142
10 146
10 147
10 148
11 12
11 13
11 14
11 15
11 16
11 17
11 18
11 19
11 20
11 21
11 22
11 23
11 24
11 25
11 26
11 27
11 28
11 29
11 30
11 31
11 32
11 33
11 34
11 35
11 36
11 37
11 38
11 39
11 40
11 41
11 42
11 44
11 45
11 47
11 48
11 51
11 53
11 55
11 61
11 62
11 67
11 69
11 72
11 75
11 79
11 82
11 84
11 85
11 88
11 89
11 94
11 96
11 98
11 99
11 101
11 104
11 106
11 108
11 109
11 110
11 112
11 120
11 122
11 123
11 124
11 132
11 136
11 137
11 138
11 141
11 142
11 144
11 146
11 147
12 13
12 14
12 15
12 16
12 17
12 18
12 19
12 20
12 21
12 22
12 23
12 24
12 25
12 26
12 27
12 28
12 29
12 30
12 31
12 32
12 33
12 34
12 36
12 37
12 38
12 39
12 40
12 41
12 46
12 47
12 52
12 54
12 58
12 59
12 60
12 62
12 63
12 64
12 65
12 67
12 68
12 69
12 71
12 74
12 78
12 82
12 85
12 86
12 87
12 92
12 93
12 97
12 98
12 101
12 103
12 104
12 108
12 110
12 113
12 117
12 120
12 124
12 125
12 126
12 131
12 133
12 139
12 143
12 146
13 14
13 15
13 16
13 17
13 18
13 19
13 20
13 21
13 22
13 23
13 24
13 25
13 26
13 27
13 28
13 29
13 30
13 31
13 32
13 33
13 34
13 35
13 36
13 37
13 38
13 41
13 44
13 46
13 47
13 48
13 51
13 52
13 53
13 54
13 55
13 56
13 57
13 63
13 66
13 68
13 71
13 72
13 74
13 76
13 77
13 79
13 80
13 82
13 84
13 85
13 89
13 90
13 94
13 95
13 101
13 102
13 107
13 108
13 110
13 112
13 113
13 117
13 119
13 120
13 121
13 122
13 127
13 128
13 129
13 130
13 133
13 142
13 143
13 144
13 145
13 148
14 15
14 16
14 17
14 18
14 19
14 20
14 21
14 22
14 23
14 24
14 25
14 26
14 27
14 28
14 29
14 30
14 31
14 32
14 35
14 36
14 37
14 38
14 40
14 42
14 43
14 44
14 45
14 46
14 48
14 49
14 50
14 52
14 53
14 54
14 55
14 58
14 59
14 61
14 62
14 64
14 68
14 74
14 75
14 76
14 77
14 80
14 81
14 86
14 87
14 88
14 89
14 102
14 104
14 111
14 124
14 127
14 128
14 131
14 135
14 148
15 16
15 17
15 18
15 19
15 20
15 21
15 22
15 23
15 24
15 25
15 26
15 27
15 28
15 29
15 30
15 31
15 32
15 33
15 34
15 35
15 36
15 37
15 38
15 40
15 41
15 44
15 45
15 47
15 48
15 49
15 52
15 53
15 54
15 58
15 60
15 62
15 63
15 66
15 67
15 69
15 71
15 72
15 73
15 74
15 76
15 79
15 83
15 85
15 86
15 87
15 88
15 94
15 96
15 98
15 101
15 106
15 109
15 110
15 111
15 116
15 119
15 131
15 132
15 133
15 134
15 136
15 142
15 143
15 144
15 146
15 148
15 149
16 17
16 18
16 19
16 20
16 21
16 22
16 23
16 24
16 25
16 26
16 27
16 28
16 29
16 30
16 31
16 32
16 33
16 34
16 36
16 37
16 38
16 40
16 41
16 42
16 43
16 44
16 45
16 47
16 48
16 49
16 54
16 58
16 60
16 62
16 64
16 65
16 70
16 74
16 79
16 80
16 81
16 84
16 85
16 86
16 88
16 90
16 92
16 93
16 99
16 101
16 102
16 103
16 104
16 107
16 111
16 112
16 113
16 115
16 116
16 118
16 120
16 122
16 126
16 129
16 132
16 133
16 139
16 143
16 145
16 146
16 149
17 18
17 19
17 20
17 21
17 22
17 23
17 24
17 25
17 26
17 27
17 28
17 29
17 30
17 31
17 32
17 33
17 34
17 35
17 36
17 37
17 38
17 39
17 40
17 41
17 42
17 44
17 45
17 47
17 48
17 49
17 50
17 51
17 52
17 54
17 56
17 57
17 59
17 60
17 62
17 64
17 65
17 66
17 69
17 70
17 74
17 75
17 76
17 77
17 78
17 79
17 83
17 86
17 93
17 94
17 96
17 97
17 99
17 102
17 105
17 106
17 107
17 109
17 112
17 114
17 117
17 120
17 123
17 124
17 126
17 130
17 131
17 132
17 134
17 140
17 142
18 19
18 20
18 21
18 22
18 23
18 24
18 25
18 26
18 27
18 28
18 29
18 30
18 31
18 32
18 33
18 34
18 35
18 37
18 38
18 39
18 41
18 47
18 48
18 52
18 53
18 54
18 56
18 57
18 58
18 59
18 62
18 63
18 66
18 67
18 68
18 75
18 76
18 78
18 80
18 81
18 82
18 84
18 87
18 88
18 89
18 90
18 92
18 93
18 95
18 97
18 101
18 106
18 109
18 111
18 112
18 114
18 118
18 119
18 120
18 121
18 123
18 128
18 129
18 132
18 137
18 144
18 147
19 20
19 21
19 22
19 23
19 24
19 25
19 26
19 27
19 28
19 29
19 30
19 31
19 32
19 33
19 34
19 35
19 36
19 38
19 39
19 40
19 41
19 42
19 43
19 44
19 46
19 48
19 51
19 53
19 54
19 55
19 58
19 60
19 61
19 64
19 65
19 66
19 67
19 68
19 72
19 74
19 75
19 78
19 82
19 83
19 85
19 87
19 90
19 91
19 96
19 99
19 101
19 102
19 104
19 108
19 110
19 111
19 112
19 116
19 117
19 119
19 120
19 128
19 130
19 137
19 142
19 143
20 21
20 22
20 23
20 24
20 25
20 26
20 27
20 28
20 29
20 30
20 32
20 33
20 35
20 36
20 39
20 40
20 41
20 42
20 43
20 44
20 45
20 46
20 48
20 49
20 52
20 54
20 55
20 57
20 59
20 62
20 66
20 67
20 68
20 71
20 74
20 77
20 80
20 81
20 88
20 89
20 90
20 91
20 92
20 93
20 95
20 96
20 97
20 99
20 105
20 109
20 111
20 112
20 113
20 114
20 117
20 121
20 124
20 125
20 126
20 127
20 130
20 131
20 132
20 133
20 134
20 135
20 137
20 140
20 147
20 148
20 149
21 22
21 23
21 24
21 25
21 26
21 27
21 28
21 29
21 30
21 31
21 32
21 33
21 34
21 35
21 36
21 37
21 38
21 39
21 40
21 43
21 44
21 45
21 46
21 48
21 49
21 51
21 52
21 54
21 56
21 57
21 59
21 62
21 63
21 65
21 66
21 67
21 68
21 69
21 72
21 73
21 74
21 75
21 77
21 80
21 81
21 83
21 86
21 87
21 88
21 89
21 91
21 105
21 106
21 108
21 112
21 114
21 125
21 126
21 127
21 128
21 129
21 131
21 134
21 141
21 148
22 23
22 24
22 25
22 26
22 27
22 28
22 29
22 30
22 31
22 32
22 33
22 37
22 38
22 41
22 42
22 43
22 44
22 45
22 47
22 48
22 49
22 50
22 51
22 54
22 55
22 57
22 62
22 64
22 65
22 69
22 71
22 76
22 79
22 80
22 82
22 83
22 85
22 87
22 91
22 95
22 97
22 101
22 102
22 105
22 111
22 114
22 116
22 117
22 126
22 127
22 128
22 131
22 133
22 134
22 138
22 140
22 146
22 147
23 24
23 25
23 26
23 27
23 28
23 29
23 30
23 31
23 32
23 33
23 34
23 35
23 37
23 38
23 41
23 42
23 43
23 46
23 48
23 49
23 50
23 51
23 52
23 55
23 58
23 59
23 64
23 65
23 66
23 67
23 69
23 70
23 71
23 74
23 75
23 76
23 82
23 85
23 86
23 90
23 92
23 98
23 99
23 105
23 107
23 109
23 110
23 113
23 117
23 119
23 120
23 125
23 127
23 133
23 134
23 138
23 139
23 143
23 145
23 147
24 25
24 26
24 27
24 28
24 29
24 30
24 31
24 32
24 33
24 34
24 35
24 37
24 40
24 41
24 42
24 47
24 48
24 49
24 50
24 52
24 53
24 55
24 56
24 57
24 58
24 60
24 61
24 63
24 64
24 65
24 66
24 70
24 72
24 73
24 74
24 76
24 77
24 78
24 80
24 81
24 82
24 84
24 87
24 88
24 90
24 92
24 94
24 96
24 107
24 109
24 110
24 118
24 129
24 130
24 134
24 142
24 146
25 26
25 27
25 28
25 29
25 31
25 33
25 34
25 35
25 36
25 38
25 39
25 40
25 41
25 42
25 47
25 50
25 51
25 52
25 53
25 56
25 71
25 80
25 83
25 85
25 86
25 87
25 110
25 111
25 117
25 119
25 121
25 123
25 124
25 125
25 127
25 129
25 130
25 133
25 137
25 138
25 140
25 141
25 142
25 148
26 27
26 28
26 29
26 30
26 31
26 32
26 33
26 34
26 35
26 36
26 37
26 39
26 40
26 41
26 43
26 45
26 46
26 50
26 51
26 52
26 54
26 55
26 56
26 58
26 60
26 61
26 64
26 65
26 66
26 69
26 70
26 73
26 74
26 78
26 80
26 81
26 82
26 84
26 89
26 91
26 93
26 100
26 101
26 102
26 103
26 107
26 111
26 114
26 116
26 117
26 118
26 121
26 127
26 128
26 129
26 130
26 132
26 136
26 138
26 140
26 141
26 144
26 146
26 148
26 149
27 28
27 29
27 30
27 31
27 32
27 33
27 34
27 35
27 36
27 37
27 38
27 39
27 40
27 41
27 42
27 43
27 44
27 45
27 46
27 47
27 50
27 51
27 53
27 54
27 57
27 59
27 60
27 61
27 63
27 64
27 65
27 68
27 71
27 75
27 77
27 80
27 82
27 84
27 88
27 89
27 93
27 96
27 97
27 98
27 100
27 102
27 104
27 106
27 107
27 111
27 114
27 116
27 118
27 119
27 120
27 121
27 125
27 126
27 127
27 133
27 137
27 142
27 143
27 144
27 145
27 148
28 29
28 30
28 31
28 32
28 33
28 34
28 35
28 36
28 39
28 40
28 43
28 50
28 51
28 52
28 54
28 55
28 56
28 57
28 59
28 60
28 63
28 64
28 66
28 67
28 69
28 72
28 73
28 75
28 78
28 83
28 84
28 87
28 88
28 94
28 98
28 124
28 125
28 129
28 139
29 30
29 31
29 32
29 33
29 35
29 36
29 37
29 39
29 40
29 42
29 43
29 45
29 47
29 51
29 55
29 58
29 59
29 60
29 61
29 62
29 64
29 67
29 69
29 70
29 72
29 73
29 77
29 78
29 80
29 85
29 87
29 89
29 90
29 92
29 97
29 99
29 102
29 103
29 105
29 106
29 107
29 109
29 113
29 120
29 121
29 125
29 127
29 130
29 131
29 134
29 135
29 136
29 141
29 145
29 146
29 147
30 31
30 32
30 33
30 34
30 35
30 36
30 37
30 39
30 40
30 41
30 43
30 45
30 46
30 47
30 48
30 51
30 53
30 55
30 56
30 60
30 61
30 63
30 64
30 65
30 66
30 67
30 70
30 71
30 74
30 76
30 79
30 80
30 81
30 82
30 83
30 84
30 85
30 86
30 87
30 89
30 92
30 93
30 95
30 96
30 98
30 100
30 102
30 104
30 105
30 108
30 111
30 115
30 118
30 119
30 120
30 121
30 123
30 126
30 133
30 134
30 138
30 140
30 146
31 32
31 33
31 35
31 38
31 39
31 41
31 42
31 43
31 44
31 46
31 48
31 49
31 53
31 57
31 58
31 59
31 61
31 64
31 65
31 66
31 67
31 68
31 69
31 70
31 71
31 72
31 73
31 74
31 78
31 79
31 80
31 81
31 82
31 83
31 84
31 87
31 88
31 90
31 91
31 93
31 94
31 95
31 96
31 100
31 101
31 104
31 106
31 107
31 109
31 115
31 116
31 118
31 124
31 128
31 129
31 130
31 132
31 134
31 143
31 144
31 145
31 146
32 34
32 35
32 36
32 37
32 39
32 40
32 42
32 43
32 44
32 45
32 46
32 48
32 50
32 51
32 52
32 53
32 54
32 57
32 58
32 61
32 65
32 68
32 69
32 70
32 72
32 74
32 77
32 78
32 79
32 82
32 88
32 91
32 93
32 97
32 98
32 99
32 100
32 101
32 116
32 117
32 123
32 126
32 132
32 135
32 136
32 137
32 141
32 142
32 149
33 34
33 35
33 36
33 37
33 38
33 39
33 40
33 42
33 43
33 45
33 46
33 47
33 48
33 49
33 51
33 52
33 53
33 56
33 57
33 60
33 61
33 63
33 64
33 65
33 72
33 73
33 74
33 75
33 76
33 77
33 78
33 79
33 80
33 81
33 83
33 89
33 91
33 94
33 97
33 102
33 103
33 105
33 107
33 108
33 112
33 113
33 118
33 122
33 123
33 126
33 130
33 135
33 136
33 143
33 144
33 148
34 36
34 37
34 38
34 39
34 42
34 44
34 45
34 46
34 48
34 50
34 51
34 54
34 56
34 57
34 58
34 59
34 60
34 63
34 64
34 66
34 81
34 82
34 83
34 87
34 88
34 90
34 94
34 102
34 106
34 107
34 108
34 117
34 119
34 120
34 125
34 128
34 129
34 130
34 133
34 135
34 144
34 149
35 36
35 38
35 39
35 41
35 42
35 43
35 44
35 45
35 46
35 47
35 50
35 51
35 53
35 54
35 55
35 57
35 60
35 61
35 62
35 63
35 65
35 68
35 69
35 70
35 71
35 72
35 74
35 81
35 87
35 90
35 92
35 93
35 94
35 95
35 97
35 99
35 103
35 104
35 107
35 108
35 123
35 124
35 127
35 129
35 131
35 133
35 135
35 137
35 141
35 143
35 145
35 147
35 148
35 149
36 38
36 39
36 40
36 41
36 42
36 44
36 47
36 48
36 50
36 51
36 53
36 54
36 59
36 60
36 63
36 64
36 66
36 67
36 74
36 79
36 88
36 90
36 91
36 93
36 96
36 98
36 99
36 100
36 101
36 102
36 103
36 110
36 116
36 117
36 118
36 121
36 123
36 125
36 132
36 133
36 136
36 143
36 148
37 38
37 40
37 41
37 43
37 44
37 45
37 46
37 48
37 49
37 50
37 51
37 53
37 55
37 57
37 58
37 59
37 61
37 62
37 63
37 65
37 67
37 68
37 74
37 76
37 81
37 85
37 86
37 88
37 89
37 90
37 92
37 93
37 94
37 96
37 97
37 102
37 104
37 107
37 113
37 115
37 120
37 123
37 126
37 139
37 141
37 145
37 148
38 39
38 40
38 41
38 42
38 43
38 45
38 46
38 47
38 48
38 49
38 52
38 53
38 56
38 57
38 58
38 59
38 60
38 61
38 63
38 65
38 66
38 68
38 69
38 70
38 73
38 76
38 77
38 79
38 81
38 84
38 85
38 86
38 88
38 92
38 93
38 95
38 99
38 102
38 105
38 106
38 109
38 113
38 114
38 116
38 118
38 122
38 123
38 127
38 133
38 137
38 138
38 143
38 146
39 40
39 42
39 43
39 44
39 45
39 47
39 50
39 55
39 56
39 61
39 62
39 63
39 67
39 74
39 75
39 76
39 78
39 79
39 82
39 88
39 90
39 93
39 95
39 96
39 102
39 106
39 115
39 124
39 128
39 136
39 137
39 140
39 147
39 149
40 41
40 43
40 44
40 45
40 49
40 50
40 52
40 53
40 57
40 59
40 60
40 63
40 66
40 68
40 70
40 71
40 72
40 77
40 79
40 100
40 104
40 105
40 108
40 110
40 112
40 115
40 117
40 120
40 126
40 129
40 130
40 131
40 132
40 137
40 138
40 141
40 143
40 144
40 147
41 43
41 45
41 47
41 49
41 50
41 54
41 55
41 64
41 65
41 68
41 70
41 72
41 74
41 76
41 78
41 85
41 86
41 92
41 95
41 100
41 101
41 103
41 105
41 114
41 117
41 127
41 135
41 138
41 141
41 142
41 144
41 147
42 43
42 44
42 48
42 50
42 51
42 53
42 55
42 56
42 62
42 65
42 66
42 67
42 69
42 70
42 71
42 72
42 75
42 76
42 84
42 89
42 97
42 102
42 105
42 109
42 112
42 115
42 117
42 121
42 125
42 129
42 131
42 133
42 138
42 146
43 44
43 46
43 49
43 50
43 51
43 54
43 55
43 56
43 57
43 61
43 64
43 65
43 67
43 75
43 77
43 79
43 81
43 89
43 94
43 96
43 99
43 100
43 102
43 104
43 106
43 110
43 111
43 113
43 121
43 122
43 123
43 131
43 134
43 136
43 139
43 140
43 145
43 146
44 45
44 46
44 47
44 48
44 50
44 52
44 56
44 59
44 60
44 61
44 63
44 65
44 66
44 68
44 71
44 73
44 75
44 78
44 80
44 83
44 85
44 86
44 87
44 91
44 92
44 94
44 95
44 96
44 99
44 100
44 101
44 102
44 103
44 104
44 105
44 111
44 112
44 113
44 115
44 117
44 119
44 127
44 131
44 139
44 140
44 141
44 145
44 147
45 46
45 47
45 48
45 49
45 50
45 51
45 52
45 53
45 55
45 56
45 58
45 60
45 63
45 64
45 65
45 68
45 70
45 71
45 74
45 77
45 79
45 81
45 84
45 90
45 102
45 107
45 121
45 126
45 130
45 136
45 139
45 141
45 145
46 47
46 49
46 53
46 54
46 59
46 62
46 68
46 69
46 70
46 75
46 76
46 78
46 79
46 80
46 81
46 82
46 83
46 86
46 88
46 94
46 95
46 96
46 98
46 99
46 100
46 101
46 113
46 114
46 118
46 120
46 121
46 122
46 123
46 128
46 129
46 139
46 143
46 148
47 49
47 51
47 56
47 57
47 58
47 60
47 61
47 65
47 68
47 69
47 70
47 72
47 73
47 74
47 75
47 76
47 77
47 79
47 80
47 81
47 83
47 94
47 99
47 100
47 104
47 109
47 113
47 114
47 115
47 122
47 125
47 129
47 130
47 137
47 145
47 146
47 147
48 49
48 50
48 52
48 58
48 60
48 61
48 65
48 67
48 71
48 72
48 73
48 77
48 80
48 84
48 86
48 89
48 90
48 93
48 94
48 97
48 100
48 103
48 113
48 114
48 119
48 122
48 127
48 130
48 143
48 145
48 149
49 50
49 53
49 57
49 59
49 62
49 67
49 68
49 69
49 70
49 71
49 73
49 76
49 78
49 83
49 84
49 85
49 86
49 87
49 89
49 90
49 91
49 97
49 98
49 99
49 101
49 103
49 105
49 110
49 119
49 126
49 129
49 131
49 135
49 138
50 53
50 56
50 57
50 59
50 61
50 63
50 65
50 67
50 72
50 73
50 75
50 78
50 79
50 81
50 83
50 84
50 85
50 89
50 98
50 101
50 103
50 105
50 107
50 108
50 112
50 113
50 119
50 122
50 138
51 52
51 54
51 55
51 56
51 58
51 59
51 62
51 66
51 67
51 74
51 76
51 78
51 86
51 87
51 93
51 96
51 97
51 101
51 103
51 104
51 111
51 114
51 115
51 120
51 124
51 126
51 130
51 131
51 133
51 136
51 140
52 54
52 56
52 57
52 58
52 59
52 60
52 63
52 64
52 67
52 72
52 73
52 74
52 77
52 84
52 87
52 89
52 93
52 94
52 95
52 98
52 99
52 101
52 106
52 108
52 111
52 112
52 115
52 121
52 124
52 126
52 131
52 133
52 134
52 137
52 138
52 144
52 148
53 56
53 58
53 59
53 62
53 63
53 67
53 69
53 75
53 77
53 78
53 83
53 89
53 90
53 93
53 94
53 98
53 103
53 104
53 109
53 115
53 116
53 123
53 128
53 130
53 132
53 136
53 139
53 140
53 147
54 55
54 57
54 63
54 65
54 68
54 77
54 79
54 89
54 90
54 92
54 100
54 103
54 106
54 107
54 112
54 119
55 60
55 61
55 62
55 63
55 68
55 71
55 73
55 77
55 80
55 83
55 85
55 88
55 95
55 97
55 99
55 100
55 101
55 108
55 109
55 110
55 111
55 113
55 114
55 119
55 127
55 132
55 134
55 137
55 139
55 143
56 64
56 66
56 69
56 71
56 79
56 82
56 88
56 92
56 93
56 103
56 104
56 107
56 109
56 130
56 134
56 135
56 136
56 147
57 60
57 61
57 62
57 63
57 69
57 71
57 73
57 77
57 78
57 82
57 83
57 84
57 89
57 91
57 96
57 97
57 98
57 99
57 104
57 109
57 112
57 120
57 121
57 124
57 125
57 128
57 129
57 131
57 132
57 136
58 60
58 61
58 62
58 63
58 64
58 65
58 66
58 68
58 69
58 70
58 75
58 77
58 81
58 84
58 89
58 95
58 97
58 99
58 101
58 105
58 110
58 122
58 125
58 126
58 129
58 131
58 134
58 135
58 139
58 144
59 62
59 69
59 70
59 72
59 73
59 75
59 77
59 82
59 84
59 85
59 91
59 92
59 98
59 107
59 108
59 110
59 115
59 116
59 119
59 122
59 125
59 129
59 138
59 145
60 80
60 85
60 88
60 95
60 96
60 100
60 107
60 108
60 119
60 124
60 132
60 144
61 64
61 66
61 70
61 71
61 73
61 87
61 93
61 96
61 106
61 114
61 116
61 118
61 141
61 147
61 149
62 69
62 75
62 85
62 86
62 100
62 106
62 108
62 109
62 113
62 117
62 118
62 121
62 122
62 128
62 129
62 133
62 137
62 139
62 141
62 148
63 64
63 66
63 71
63 72
63 75
63 78
63 81
63 83
63 91
63 96
63 99
63 101
63 103
63 110
63 113
63 114
63 115
63 119
64 65
64 74
64 76
64 83
64 86
64 87
64 93
64 106
64 116
64 118
64 120
64 123
64 125
64 132
64 140
64 149
65 68
65 69
65 73
65 75
65 79
65 80
65 82
65 83
65 84
65 87
65 91
65 92
65 100
65 103
65 105
65 108
65 111
65 113
65 116
65 117
65 121
65 122
65 123
65 125
65 127
65 128
65 132
65 146
66 67
66 71
66 72
66 82
66 85
66 86
66 87
66 92
66 96
66 99
66 107
66 109
66 114
66 123
66 128
66 134
66 137
66 139
66 141
66 146
67 70
67 71
67 73
67 80
67 82
67 83
67 92
67 95
67 96
67 97
67 99
67 100
67 110
67 111
67 116
67 118
67 119
67 121
67 124
67 126
67 127
67 139
67 142
67 147
68 71
68 76
68 78
68 80
68 83
68 86
68 90
68 105
68 112
68 114
68 117
68 121
68 123
68 126
68 129
68 136
68 141
68 146
69 70
69 72
69 75
69 77
69 92
69 94
69 96
69 102
69 110
69 119
69 129
69 144
69 148
70 75
70 86
70 98
70 104
70 106
70 109
70 111
70 112
70 115
70 117
70 123
70 128
70 129
70 134
70 141
71 76
71 77
71 81
71 84
71 86
71 89
71 91
71 99
71 105
71 109
71 112
71 114
71 128
71 142
71 149
72 73
72 84
72 86
72 87
72 88
72 89
72 91
72 98
72 102
72 107
72 108
72 110
72 118
72 119
72 125
72 127
72 130
72 137
72 145
72 147
72 148
73 76
73 78
73 83
73 85
73 88
73 94
73 101
73 114
73 116
73 125
73 128
73 131
73 139
73 144
74 75
74 81
74 86
74 91
74 94
74 99
74 101
74 103
74 107
74 112
74 117
74 120
74 122
74 123
74 125
74 126
74 128
74 130
74 132
74 136
74 140
74 145
75 76
75 79
75 81
75 83
75 91
75 96
75 104
75 105
75 113
75 117
75 122
75 128
75 131
75 139
75 146
76 84
76 89
76 91
76 94
76 95
76 96
76 104
76 118
76 119
76 135
76 138
76 139
76 143
76 144
76 147
77 78
77 81
77 83
77 91
77 92
77 97
77 100
77 101
77 110
77 112
77 114
77 116
77 129
77 145
78 82
78 90
78 92
78 95
78 99
78 101
78 105
78 112
78 116
78 121
78 127
78 140
78 142
79 88
79 92
79 95
79 104
79 114
79 115
79 117
79 124
79 126
79 145
79 149
80 84
80 88
80 95
80 100
80 105
80 109
80 110
80 111
80 114
80 126
80 130
80 140
81 82
81 85
81 88
81 90
81 95
81 98
81 102
81 107
81 109
81 120
81 123
81 131
81 133
81 136
81 145
82 84
82 97
82 100
82 112
82 114
82 116
82 124
82 128
82 132
82 141
82 146
83 89
83 90
83 91
83 106
83 108
83 126
83 135
83 139
83 140
83 143
83 145
83 149
84 85
84 87
84 91
84 94
84 108
84 118
84 130
84 137
84 143
85 87
85 90
85 91
85 98
85 110
85 113
85 121
85 122
85 125
85 143
85 148
86 88
86 90
86 107
86 120
86 123
86 125
86 131
86 140
86 143
87 92
87 102
87 111
87 112
87 114
87 124
87 136
87 139
87 141
87 144
88 90
88 91
88 100
88 103
88 111
88 119
88 128
88 132
88 145
88 148
89 92
89 93
89 94
89 95
89 96
89 100
89 109
89 113
89 120
89 140
89 149
90 91
90 109
90 116
90 119
90 133
90 142
91 97
91 98
91 116
91 122
91 132
91 133
91 142
92 111
92 113
92 124
92 141
92 147
93 98
93 100
93 104
93 109
93 111
93 115
93 116
93 119
93 129
93 136
93 138
93 142
93 144
93 145
94 97
94 98
94 105
94 107
94 128
94 130
94 134
94 136
94 137
94 139
94 142
94 147
95 99
95 106
95 108
95 116
95 118
95 124
95 129
95 135
95 137
95 138
95 139
96 97
96 100
96 118
96 125
96 130
96 132
96 135
96 136
96 142
97 98
97 100
97 104
97 111
97 115
97 117
97 125
97 133
97 138
97 142
97 145
97 148
98 102
98 103
98 109
98 111
98 138
98 139
98 147
98 149
99 100
99 107
99 115
99 118
99 122
99 123
99 143
100 106
100 117
100 120
100 122
100 126
100 130
100 140
100 143
100 144
100 148
101 105
101 109
101 115
101 118
101 123
101 133
101 137
101 142
101 143
102 103
102 104
102 105
102 106
102 107
102 108
102 111
102 115
102 117
102 118
102 119
102 122
102 136
102 141
103 106
103 118
103 127
103 149
104 121
104 123
104 127
104 135
105 115
105 140
106 108
106 110
106 113
106 122
106 133
106 135
106 137
107 108
107 113
107 120
107 125
107 145
108 111
108 113
108 125
108 126
108 144
109 111
109 120
109 122
109 135
109 137
109 138
109 140
109 146
110 122
110 127
110 130
110 131
110 134
110 137
110 141
110 147
111 114
111 115
111 117
111 134
111 141
111 143
112 118
112 126
112 144
112 147
113 123
113 127
113 133
113 136
113 142
113 145
113 147
113 148
114 115
114 120
114 121
114 122
114 123
114 125
114 128
114 132
114 139
115 124
115 146
117 119
117 124
117 128
117 129
117 134
117 141
118 129
118 131
118 133
118 146
119 141
120 121
120 123
120 124
120 130
120 135
120 140
120 149
121 124
121 134
121 136
121 141
121 142
121 149
122 125
122 135
122 140
122 144
122 146
123 137
123 138
123 149
124 128
124 130
124 131
124 135
124 138
124 143
125 132
125 135
125 136
125 142
126 142
126 145
126 146
126 149
127 140
127 149
128 129
128 135
128 143
129 148
130 133
130 134
130 136
131 132
131 138
131 145
132 145
133 138
133 141
133 142
133 149
134 139
135 138
135 139
135 148
137 140
140 141
140 147
141 148
142 144
144 146
147 149
