0 1
0 2
0 3
0 4
0 5
0 6
0 7
0 8
0 9
0 10
0 11
0 12
0 13
0 14
0 15
0 16
0 17
0 18
0 19
0 20
0 21
0 22
0 23
0 24
0 25
0 26
0 27
0 28
0 29
0 30
0 31
0 32
0 33
0 34
0 35
0 36
0 39
0 41
0 44
0 45
0 47
0 48
0 49
0 50
0 51
0 53
0 54
0 56
0 59
0 60
0 62
0 63
0 64
0 67
0 72
0 73
0 75
0 79
0 84
0 86
0 87
1 2
1 3
1 4
1 5
1 6
1 7
1 8
1 9
1 10
1 11
1 12
1 13
1 14
1 15
1 16
1 17
1 18
1 19
1 20
1 21
1 22
1 23
1 24
1 25
1 26
1 27
1 28
1 29
1 30
1 31
1 32
1 33
1 34
1 35
1 36
1 38
1 40
1 41
1 43
1 44
1 45
1 46
1 47
1 48
1 51
1 52
1 54
1 56
1 59
1 60
1 61
1 62
1 64
1 65
1 69
1 71
1 78
1 81
1 83
1 84
1 86
2 3
2 4
2 5
2 6
2 7
2 8
2 9
2 10
2 11
2 12
2 13
2 14
2 15
2 16
2 17
2 18
2 19
2 20
2 21
2 22
2 23
2 24
2 25
2 26
2 27
2 28
2 29
2 30
2 31
2 32
2 33
2 34
2 35
2 36
2 37
2 38
2 39
2 40
2 41
2 43
2 44
2 46
2 47
2 50
2 52
2 53
2 56
2 57
2 58
2 59
2 60
2 62
2 66
2 69
2 72
2 75
2 76
2 80
2 81
2 83
2 84
2 87
2 88
2 89
3 4
3 5
3 6
3 7
3 8
3 9
3 10
3 11
3 12
3 13
3 14
3 15
3 16
3 17
3 18
3 19
3 20
3 21
3 22
3 23
3 24
3 25
3 26
3 27
3 28
3 29
3 30
3 31
3 32
3 33
3 35
3 36
3 37
3 38
3 40
3 41
3 42
3 43
3 44
3 46
3 47
3 52
3 56
3 57
3 59
3 60
3 63
3 65
3 66
3 68
3 69
3 72
3 73
3 77
3 80
3 81
3 84
3 86
3 88
3 89
4 5
4 6
4 7
4 8
4 9
4 10
4 11
4 12
4 13
4 14
4 15
4 16
4 17
4 18
4 19
4 20
4 21
4 22
4 23
4 24
4 25
4 26
4 27
4 28
4 29
4 30
4 31
4 32
4 33
4 34
4 35
4 36
4 37
4 38
4 39
4 40
4 42
4 43
4 47
4 48
4 49
4 52
4 53
4 54
4 55
4 56
4 57
4 58
4 59
4 61
4 62
4 68
4 71
4 72
4 74
4 75
4 77
4 81
4 83
4 85
5 6
5 7
5 8
5 9
5 10
5 11
5 12
5 13
5 14
5 15
5 16
5 17
5 18
5 19
5 20
5 21
5 22
5 23
5 24
5 25
5 26
5 27
5 28
5 29
5 30
5 31
5 32
5 33
5 34
5 36
5 37
5 38
5 39
5 42
5 43
5 48
5 49
5 50
5 52
5 53
5 55
5 56
5 57
5 58
5 61
5 62
5 63
5 64
5 67
5 68
5 69
5 70
5 71
5 73
5 76
5 81
5 83
5 84
5 86
5 87
5 88
6 7
6 8
6 9
6 10
6 11
6 12
6 13
6 14
6 15
6 16
6 17
6 18
6 19
6 20
6 21
6 22
6 23
6 24
6 25
6 26
6 27
6 28
6 29
6 30
6 31
6 32
6 33
6 35
6 36
6 37
6 39
6 40
6 41
6 43
6 44
6 45
6 46
6 47
6 51
6 52
6 53
6 54
6 56
6 59
6 60
6 61
6 62
6 66
6 70
6 71
6 77
6 78
6 80
6 85
6 86
6 89
7 8
7 9
7 10
7 11
7 12
7 13
7 14
7 15
7 16
7 17
7 18
7 19
7 20
7 21
7 22
7 23
7 24
7 25
7 26
7 27
7 28
7 29
7 30
7 32
7 34
7 35
7 37
7 38
7 41
7 45
7 46
7 50
7 51
7 52
7 53
7 54
7 57
7 58
7 59
7 60
7 61
7 62
7 63
7 65
7 66
7 73
7 75
7 77
7 78
7 80
7 87
7 88
8 9
8 10
8 11
8 12
8 13
8 14
8 15
8 16
8 17
8 18
8 19
8 20
8 21
8 22
8 23
8 24
8 25
8 26
8 27
8 28
8 29
8 30
8 31
8 32
8 33
8 35
8 36
8 39
8 40
8 41
8 42
8 43
8 44
8 45
8 46
8 49
8 51
8 52
8 53
8 55
8 58
8 60
8 61
8 65
8 66
8 69
8 70
8 72
8 74
8 78
8 80
8 82
8 83
8 87
8 89
9 10
9 11
9 12
9 13
9 14
9 15
9 16
9 17
9 18
9 19
9 20
9 21
9 22
9 23
9 24
9 25
9 26
9 27
9 28
9 29
9 30
9 31
9 32
9 33
9 34
9 35
9 36
9 37
9 39
9 41
9 42
9 49
9 50
9 53
9 54
9 55
9 56
9 57
9 58
9 60
9 61
9 63
9 64
9 65
9 66
9 68
9 75
9 78
9 80
9 81
9 84
9 88
9 89
10 11
10 12
10 13
10 14
10 15
10 16
10 17
10 18
10 19
10 20
10 21
10 22
10 23
10 24
10 25
10 26
10 27
10 28
10 29
10 30
10 31
10 32
10 33
10 34
10 35
10 36
10 38
10 39
10 40
10 41
10 42
10 43
10 44
10 46
10 48
10 49
10 50
10 52
10 54
10 58
10 60
10 61
10 67
10 68
10 69
10 70
10 73
10 74
10 76
10 77
10 80
10 81
10 82
10 83
10 86
11 12
11 13
11 14
11 15
11 16
11 17
11 18
11 19
11 20
11 21
11 22
11 23
11 24
11 25
11 26
11 27
11 28
11 29
11 30
11 31
11 32
11 33
11 34
11 36
11 37
11 38
11 39
11 41
11 42
11 43
11 44
11 49
11 51
11 53
11 54
11 55
11 56
11 57
11 58
11 60
11 62
11 63
11 67
11 68
11 71
11 72
11 73
11 74
11 80
11 83
12 13
12 14
12 15
12 16
12 17
12 18
12 19
12 20
12 21
12 22
12 23
12 24
12 25
12 26
12 27
12 28
12 29
12 30
12 31
12 32
12 33
12 34
12 35
12 36
12 37
12 38
12 39
12 40
12 41
12 42
12 43
12 44
12 45
12 47
12 48
12 49
12 50
12 51
12 52
12 54
12 55
12 58
12 59
12 62
12 63
12 69
12 70
12 71
12 72
12 78
12 81
12 83
12 85
12 86
12 87
13 14
13 15
13 16
13 17
13 18
13 19
13 20
13 21
13 22
13 23
13 24
13 25
13 26
13 27
13 28
13 29
13 30
13 31
13 32
13 33
13 34
13 35
13 36
13 37
13 38
13 39
13 40
13 42
13 43
13 44
13 45
13 46
13 47
13 49
13 50
13 51
13 53
13 54
13 55
13 57
13 60
13 68
13 73
13 79
13 81
13 83
13 85
13 86
13 87
13 88
14 15
14 16
14 17
14 18
14 19
14 20
14 21
14 22
14 23
14 24
14 25
14 26
14 27
14 28
14 29
14 30
14 31
14 32
14 33
14 34
14 35
14 36
14 37
14 38
14 39
14 40
14 42
14 43
14 44
14 45
14 49
14 52
14 53
14 55
14 58
14 60
14 61
14 63
14 64
14 68
14 70
14 72
14 73
14 74
14 75
14 78
14 86
15 16
15 17
15 18
15 19
15 20
15 21
15 22
15 23
15 24
15 25
15 26
15 27
15 28
15 29
15 30
15 31
15 32
15 34
15 35
15 36
15 37
15 39
15 40
15 42
15 43
15 44
15 45
15 47
15 48
15 51
15 52
15 53
15 54
15 61
15 62
15 63
15 64
15 65
15 67
15 70
15 71
15 72
15 74
15 75
15 77
15 80
15 82
15 83
15 85
16 17
16 18
16 19
16 20
16 21
16 22
16 23
16 24
16 25
16 26
16 27
16 28
16 29
16 30
16 31
16 32
16 33
16 34
16 35
16 37
16 38
16 39
16 40
16 41
16 42
16 43
16 45
16 48
16 50
16 52
16 54
16 56
16 58
16 59
16 62
16 64
16 65
16 67
16 69
16 70
16 72
16 73
16 78
16 79
16 81
16 83
16 84
16 86
16 87
16 88
16 89
17 18
17 19
17 20
17 21
17 22
17 23
17 24
17 25
17 26
17 27
17 28
17 29
17 30
17 31
17 32
17 33
17 34
17 35
17 37
17 39
17 40
17 41
17 43
17 44
17 45
17 46
17 47
17 49
17 50
17 51
17 52
17 53
17 54
17 55
17 56
17 65
17 66
17 71
17 72
17 73
17 76
17 78
17 79
17 82
17 83
17 86
18 19
18 20
18 21
18 22
18 23
18 24
18 25
18 26
18 27
18 28
18 29
18 31
18 32
18 33
18 34
18 35
18 37
18 38
18 39
18 40
18 41
18 42
18 45
18 47
18 48
18 49
18 50
18 52
18 53
18 56
18 64
18 66
18 68
18 72
18 75
18 78
18 79
18 81
18 82
18 86
18 89
19 20
19 21
19 22
19 23
19 24
19 25
19 26
19 27
19 28
19 29
19 30
19 31
19 32
19 33
19 34
19 35
19 36
19 37
19 38
19 39
19 42
19 43
19 45
19 46
19 47
19 48
19 49
19 50
19 51
19 52
19 53
19 54
19 55
19 56
19 58
19 61
19 62
19 63
19 65
19 66
19 71
19 77
19 80
19 81
19 84
20 21
20 22
20 23
20 24
20 25
20 26
20 27
20 28
20 29
20 30
20 31
20 32
20 33
20 34
20 36
20 37
20 38
20 39
20 40
20 43
20 44
20 47
20 50
20 51
20 52
20 54
20 55
20 57
20 58
20 59
20 60
20 61
20 63
20 64
20 66
20 69
20 71
20 73
20 74
20 75
20 76
20 77
20 79
20 82
20 83
20 84
20 87
21 22
21 23
21 24
21 25
21 26
21 27
21 28
21 29
21 30
21 31
21 32
21 33
21 34
21 35
21 37
21 38
21 39
21 40
21 42
21 43
21 44
21 45
21 47
21 48
21 49
21 50
21 52
21 53
21 54
21 56
21 58
21 59
21 61
21 64
21 65
21 67
21 70
21 72
21 74
21 76
21 77
21 79
21 85
21 87
21 88
22 23
22 24
22 25
22 26
22 27
22 28
22 29
22 30
22 31
22 32
22 33
22 34
22 36
22 37
22 38
22 41
22 43
22 44
22 45
22 46
22 54
22 55
22 56
22 57
22 59
22 62
22 63
22 64
22 65
22 67
22 68
22 70
22 73
22 75
22 78
22 80
22 82
22 84
23 24
23 25
23 26
23 27
23 28
23 29
23 30
23 31
23 32
23 33
23 34
23 35
23 36
23 37
23 38
23 39
23 40
23 41
23 44
23 45
23 46
23 48
23 50
23 51
23 52
23 54
23 55
23 56
23 57
23 58
23 60
23 62
23 63
23 64
23 69
23 71
23 75
23 76
23 77
23 78
23 80
23 81
23 83
23 84
23 85
23 88
23 89
24 25
24 26
24 27
24 28
24 29
24 30
24 31
24 32
24 33
24 36
24 38
24 39
24 40
24 41
24 42
24 43
24 44
24 45
24 46
24 47
24 48
24 49
24 53
24 55
24 58
24 63
24 64
24 65
24 66
24 67
24 68
24 69
24 70
24 71
24 72
24 76
24 77
24 78
24 81
24 82
24 83
24 86
25 26
25 27
25 28
25 29
25 30
25 31
25 32
25 33
25 34
25 35
25 36
25 37
25 38
25 39
25 40
25 41
25 42
25 45
25 46
25 48
25 49
25 50
25 55
25 57
25 59
25 62
25 63
25 66
25 69
25 70
25 71
25 72
25 73
25 74
25 75
25 76
25 79
25 82
25 85
25 86
25 88
25 89
26 27
26 28
26 29
26 30
26 31
26 32
26 33
26 34
26 35
26 36
26 37
26 38
26 39
26 40
26 42
26 45
26 46
26 48
26 50
26 52
26 53
26 54
26 56
26 60
26 61
26 64
26 66
26 68
26 70
26 71
26 73
26 74
26 77
26 78
26 79
26 81
26 84
26 88
27 28
27 29
27 30
27 31
27 35
27 36
27 37
27 38
27 39
27 40
27 41
27 42
27 43
27 45
27 46
27 47
27 48
27 50
27 51
27 52
27 53
27 55
27 57
27 58
27 59
27 60
27 61
27 63
27 64
27 66
27 67
27 71
27 74
27 75
27 77
27 78
27 79
27 81
27 82
27 84
27 86
28 29
28 30
28 31
28 32
28 33
28 34
28 35
28 36
28 37
28 41
28 42
28 46
28 49
28 50
28 51
28 53
28 54
28 55
28 57
28 63
28 64
28 65
28 66
28 67
28 68
28 72
28 73
28 74
28 75
28 77
28 78
28 83
28 88
29 30
29 31
29 32
29 34
29 35
29 36
29 38
29 39
29 40
29 41
29 42
29 43
29 44
29 48
29 50
29 52
29 54
29 55
29 56
29 59
29 64
29 65
29 66
29 68
29 69
29 71
29 76
29 80
29 87
30 33
30 34
30 35
30 37
30 38
30 40
30 41
30 43
30 45
30 46
30 47
30 50
30 51
30 52
30 53
30 55
30 56
30 60
30 63
30 65
30 66
30 67
30 70
30 74
30 75
30 76
30 77
30 79
30 81
30 82
30 84
30 87
30 88
31 33
31 34
31 35
31 36
31 37
31 38
31 40
31 41
31 42
31 43
31 44
31 45
31 46
31 49
31 51
31 52
31 54
31 56
31 57
31 58
31 60
31 61
31 62
31 63
31 64
31 69
31 72
31 75
31 76
31 79
31 82
31 88
31 89
32 33
32 34
32 36
32 37
32 38
32 40
32 42
32 43
32 44
32 45
32 46
32 48
32 49
32 50
32 52
32 55
32 56
32 57
32 58
32 62
32 64
32 66
32 67
32 68
32 69
32 72
32 76
32 77
32 79
32 80
32 83
32 86
32 88
33 34
33 35
33 36
33 39
33 41
33 43
33 44
33 46
33 47
33 48
33 49
33 50
33 51
33 54
33 57
33 59
33 61
33 65
33 67
33 69
33 70
33 71
33 73
33 74
33 75
33 77
33 80
33 82
33 83
33 85
33 88
34 35
34 36
34 37
34 38
34 43
34 44
34 45
34 46
34 47
34 50
34 51
34 56
34 57
34 58
34 60
34 61
34 65
34 70
34 71
34 72
34 74
34 76
34 81
34 84
34 86
34 87
35 38
35 39
35 40
35 41
35 42
35 44
35 45
35 48
35 49
35 50
35 53
35 55
35 57
35 58
35 59
35 60
35 61
35 62
35 64
35 65
35 66
35 67
35 69
35 76
35 79
35 80
35 89
36 37
36 39
36 41
36 42
36 46
36 47
36 48
36 49
36 51
36 55
36 58
36 59
36 66
36 69
36 74
36 77
36 79
36 83
36 87
36 88
36 89
37 38
37 39
37 40
37 41
37 43
37 44
37 47
37 48
37 49
37 53
37 54
37 55
37 58
37 60
37 63
37 64
37 65
37 66
37 67
37 68
37 69
37 70
37 74
37 76
37 80
37 82
37 83
37 85
37 87
37 89
38 40
38 41
38 42
38 43
38 44
38 45
38 46
38 47
38 48
38 51
38 52
38 53
38 54
38 55
38 56
38 57
38 58
38 59
38 60
38 61
38 63
38 65
38 67
38 68
38 71
38 76
38 78
38 79
38 80
38 82
38 83
38 84
38 88
38 89
39 40
39 41
39 42
39 47
39 49
39 51
39 55
39 57
39 62
39 64
39 66
39 68
39 74
39 75
39 77
39 83
39 85
39 89
40 42
40 44
40 46
40 47
40 48
40 49
40 51
40 55
40 57
40 58
40 61
40 62
40 63
40 64
40 66
40 71
40 77
40 78
40 79
40 81
40 84
40 85
40 87
40 89
41 42
41 44
41 46
41 47
41 48
41 50
41 51
41 53
41 58
41 59
41 61
41 63
41 64
41 66
41 74
41 75
41 76
41 78
41 81
41 82
41 84
41 85
41 86
41 87
42 44
42 45
42 47
42 49
42 51
42 52
42 56
42 59
42 61
42 64
42 68
42 69
42 79
42 80
42 81
42 84
42 87
42 88
43 45
43 46
43 49
43 51
43 53
43 57
43 59
43 61
43 64
43 70
43 72
43 73
43 80
43 82
43 88
43 89
44 45
44 46
44 47
44 48
44 51
44 54
44 56
44 57
44 59
44 61
44 62
44 65
44 67
44 69
44 70
44 72
44 78
44 79
44 80
44 81
44 84
45 46
45 47
45 48
45 49
45 50
45 54
45 56
45 57
45 60
45 63
45 67
45 69
45 74
45 76
45 77
45 78
45 80
45 81
46 47
46 48
46 52
46 53
46 55
46 59
46 60
46 61
46 62
46 70
46 72
46 74
46 77
46 79
46 82
46 84
46 88
47 48
47 49
47 50
47 51
47 54
47 58
47 62
47 64
47 65
47 67
47 68
47 69
47 73
47 75
47 79
47 80
47 81
47 84
47 85
47 89
48 50
48 51
48 53
48 57
48 61
48 63
48 69
48 76
48 78
49 53
49 54
49 55
49 57
49 59
49 60
49 68
49 71
49 73
49 78
49 81
49 88
49 89
50 59
50 60
50 62
50 63
50 66
50 67
50 68
50 70
50 71
50 74
50 77
50 82
50 85
50 89
51 52
51 55
51 56
51 57
51 58
51 65
51 66
51 68
51 69
51 70
51 72
51 76
51 80
51 87
52 56
52 59
52 61
52 62
52 63
52 64
52 68
52 69
52 75
52 76
52 79
53 57
53 60
53 61
53 62
53 63
53 65
53 77
54 58
54 59
54 62
54 67
54 68
54 70
54 72
54 73
54 74
54 82
54 85
54 87
55 56
55 64
55 65
55 67
55 68
55 70
55 71
55 73
55 74
55 75
55 83
55 85
55 88
56 60
56 65
56 67
56 71
56 72
56 73
56 77
56 79
56 84
56 85
56 86
57 59
57 66
57 68
57 76
57 78
57 84
58 60
58 62
58 65
58 66
58 74
58 75
58 76
58 84
58 85
58 89
59 67
59 75
59 80
59 83
59 86
59 89
60 71
60 72
60 77
60 88
60 89
61 62
61 65
61 66
61 67
61 68
61 69
61 73
61 75
61 79
61 80
61 82
62 63
62 67
62 71
62 73
62 74
62 75
62 77
62 81
62 82
62 85
62 86
62 87
63 67
63 68
63 69
63 75
63 78
63 87
64 65
64 70
64 73
64 74
64 76
64 77
64 78
64 79
64 82
64 85
64 88
65 70
65 72
65 73
65 78
65 79
65 81
65 83
65 85
65 87
66 67
66 72
66 73
66 74
66 76
66 78
66 82
66 85
66 87
66 88
67 69
67 70
67 71
67 75
67 78
67 80
67 84
67 86
67 89
68 70
68 71
68 73
68 79
68 82
68 84
69 70
69 71
69 85
69 87
70 73
70 82
71 72
71 74
71 76
71 79
71 80
71 82
71 87
72 81
72 82
72 84
72 86
72 87
72 88
73 76
73 83
73 86
74 75
74 76
74 86
75 79
76 77
76 83
76 85
76 86
76 88
77 80
77 86
77 89
78 81
78 85
78 86
78 87
79 82
79 88
80 84
80 85
81 83
81 85
81 86
82 83
83 87
83 89
84 85
84 89
85 89
87 89
