0 1
0 2
0 3
0 4
0 5
0 6
0 7
0 8
0 9
0 10
0 11
0 12
0 13
0 14
0 15
0 16
0 22
0 30
0 33
0 35
0 37
0 38
0 45
0 46
0 50
0 52
0 57
0 59
0 61
0 62
0 74
0 80
0 83
0 88
0 89
0 90
0 92
1 2
1 3
1 4
1 5
1 6
1 7
1 8
1 9
1 10
1 11
1 12
1 14
1 15
1 16
1 17
1 18
1 21
1 23
1 25
1 27
1 30
1 32
1 33
1 34
1 39
1 45
1 48
1 49
1 55
1 56
1 60
1 65
1 80
1 84
1 86
1 92
2 3
2 4
2 5
2 6
2 7
2 8
2 15
2 16
2 20
2 23
2 25
2 27
2 34
2 36
2 56
2 59
2 64
2 75
2 76
2 79
2 81
2 83
2 89
3 4
3 5
3 6
3 7
3 8
3 9
3 10
3 12
3 14
3 16
3 22
3 23
3 25
3 26
3 31
3 34
3 37
3 39
3 41
3 42
3 44
3 48
3 54
3 55
3 67
3 74
3 77
3 82
4 5
4 6
4 7
4 9
4 11
4 13
4 17
4 18
4 19
4 22
4 23
4 24
4 27
4 38
4 43
4 51
4 52
4 57
4 64
4 66
4 68
4 75
4 76
4 78
4 84
4 92
4 93
5 6
5 7
5 8
5 9
5 10
5 11
5 12
5 14
5 16
5 17
5 23
5 29
5 30
5 49
5 51
5 69
5 74
5 77
5 79
5 88
5 89
6 7
6 8
6 10
6 11
6 12
6 13
6 15
6 19
6 21
6 22
6 24
6 30
6 33
6 35
6 37
6 43
6 51
6 60
6 61
6 67
6 90
7 8
7 9
7 10
7 11
7 12
7 13
7 14
7 16
7 17
7 20
7 29
7 31
7 32
7 42
7 49
7 52
7 59
7 61
7 62
7 66
7 72
7 77
7 82
7 93
8 9
8 11
8 13
8 15
8 17
8 21
8 25
8 26
8 28
8 31
8 33
8 38
8 40
8 41
8 44
8 53
8 58
8 73
8 77
8 85
8 89
9 10
9 14
9 19
9 21
9 31
9 32
9 33
9 40
9 42
9 46
9 51
9 56
9 58
9 59
9 61
9 63
9 68
9 75
9 76
9 80
9 82
9 83
9 87
9 91
10 13
10 15
10 18
10 19
10 20
10 21
10 23
10 24
10 26
10 27
10 28
10 31
10 35
10 36
10 39
10 40
10 41
10 50
10 51
10 52
10 60
10 74
10 75
10 88
10 94
11 12
11 13
11 14
11 16
11 18
11 21
11 23
11 24
11 27
11 28
11 32
11 36
11 40
11 46
11 47
11 50
11 60
11 61
11 68
11 71
11 76
11 79
11 90
12 19
12 20
12 45
12 49
12 53
12 69
12 75
12 79
12 84
12 94
13 15
13 17
13 18
13 20
13 24
13 31
13 37
13 48
13 50
13 70
13 71
13 84
14 19
14 20
14 22
14 25
14 26
14 27
14 28
14 29
14 34
14 37
14 46
14 48
14 54
14 55
14 63
14 72
14 76
15 19
15 22
15 24
15 26
15 29
15 30
15 35
15 36
15 40
15 41
15 42
15 43
15 44
15 47
15 53
15 63
15 67
15 72
15 75
15 79
15 83
15 84
15 86
15 90
15 94
16 17
16 18
16 20
16 26
16 30
16 35
16 36
16 40
16 45
16 47
16 52
16 54
16 58
16 65
16 67
16 72
16 74
16 78
16 79
16 82
16 83
16 85
16 89
16 91
16 92
17 18
17 21
17 25
17 34
17 55
17 60
17 65
17 80
18 32
18 54
18 64
18 70
19 28
19 30
19 33
19 35
19 38
19 39
19 47
19 51
19 62
19 64
19 65
19 68
19 77
19 86
19 93
20 22
20 29
20 43
20 57
20 63
20 71
21 24
21 37
21 43
21 47
21 67
21 88
22 27
22 28
22 39
22 42
22 46
22 48
22 53
22 65
22 92
23 25
23 28
23 29
23 31
23 33
23 38
23 46
23 51
23 55
23 69
23 70
23 71
23 73
23 80
23 86
24 54
24 83
24 85
25 26
25 32
25 39
25 42
25 43
25 45
25 53
25 59
25 61
25 85
26 34
26 36
26 41
26 43
26 67
26 86
26 90
27 44
27 53
27 67
27 70
27 94
28 29
28 32
28 41
28 48
29 36
31 35
31 38
31 44
31 50
31 56
31 58
31 73
31 87
32 41
32 45
32 50
33 34
33 48
33 66
33 74
33 81
34 44
34 49
34 54
34 57
34 58
34 63
34 66
34 69
34 70
34 85
35 37
35 47
35 56
35 58
35 64
35 68
35 78
36 39
36 40
36 68
36 90
37 38
37 60
37 62
38 42
38 46
38 47
38 49
38 56
38 57
38 62
38 64
38 70
39 54
39 55
40 44
40 61
40 66
40 81
40 82
40 90
40 93
41 70
41 76
42 45
42 57
43 66
43 78
43 80
43 94
44 52
44 59
44 78
45 49
45 50
45 58
45 71
45 72
45 75
46 71
46 73
46 76
47 62
47 65
47 87
47 88
49 55
49 83
49 84
50 52
50 86
51 53
51 56
51 57
51 85
52 59
52 62
52 63
52 65
52 66
52 69
52 71
52 73
53 73
54 68
54 73
54 93
55 89
55 94
56 79
57 80
57 81
57 85
57 87
57 93
58 77
58 88
59 60
59 72
59 88
59 93
60 72
60 87
60 91
61 63
61 64
61 91
63 77
65 92
66 69
66 89
66 91
67 81
68 69
68 84
69 91
71 74
72 86
72 87
72 91
73 78
74 87
75 78
76 81
76 82
77 81
78 82
87 94
89 92
