0 1
0 2
0 3
0 4
0 5
0 6
0 7
0 8
0 9
0 10
0 11
0 12
0 13
0 14
0 15
0 16
0 17
0 18
0 19
0 20
0 21
0 22
0 23
0 24
0 25
0 26
0 27
0 28
0 29
0 30
0 31
0 32
0 33
0 34
0 35
0 36
0 38
0 39
0 40
0 41
0 42
0 43
0 44
0 45
0 48
0 49
0 50
0 52
0 53
0 56
0 57
0 58
0 61
0 64
0 67
0 68
0 72
0 74
0 75
0 81
0 85
0 97
0 99
0 109
0 111
0 114
0 117
0 119
0 122
0 123
0 124
0 126
0 128
0 132
0 133
0 134
0 136
0 142
0 150
0 151
0 155
0 162
0 164
0 165
0 171
0 174
0 179
0 181
0 184
0 185
0 186
0 189
0 192
0 197
0 200
0 207
0 211
0 213
0 221
0 222
0 226
0 227
0 229
0 230
0 240
0 242
0 243
0 251
0 255
0 258
0 259
0 271
0 272
0 276
0 280
0 284
0 285
0 292
0 293
0 294
0 295
0 297
0 304
0 310
0 320
0 322
0 327
0 328
0 337
0 339
0 340
0 341
1 2
1 3
1 4
1 5
1 6
1 7
1 8
1 9
1 10
1 11
1 12
1 13
1 14
1 15
1 16
1 17
1 18
1 19
1 20
1 21
1 22
1 23
1 24
1 25
1 26
1 27
1 28
1 29
1 30
1 31
1 32
1 33
1 34
1 35
1 36
1 37
1 38
1 39
1 40
1 41
1 42
1 44
1 45
1 46
1 48
1 49
1 50
1 52
1 53
1 54
1 56
1 58
1 60
1 61
1 62
1 64
1 67
1 68
1 69
1 72
1 73
1 76
1 85
1 86
1 89
1 90
1 91
1 94
1 97
1 100
1 101
1 103
1 104
1 106
1 108
1 109
1 111
1 115
1 116
1 119
1 123
1 125
1 132
1 133
1 135
1 137
1 141
1 143
1 151
1 153
1 159
1 163
1 164
1 167
1 169
1 173
1 176
1 177
1 185
1 193
1 195
1 197
1 200
1 202
1 210
1 213
1 218
1 221
1 225
1 228
1 230
1 242
1 244
1 247
1 248
1 252
1 254
1 260
1 265
1 268
1 274
1 277
1 279
1 287
1 291
1 292
1 296
1 308
1 310
1 311
1 312
1 321
1 333
1 337
1 347
2 3
2 4
2 5
2 6
2 7
2 8
2 9
2 10
2 11
2 12
2 13
2 14
2 15
2 16
2 17
2 18
2 19
2 20
2 21
2 22
2 23
2 24
2 25
2 26
2 27
2 28
2 29
2 30
2 31
2 32
2 33
2 34
2 36
2 37
2 38
2 39
2 41
2 42
2 43
2 44
2 45
2 46
2 47
2 49
2 51
2 55
2 57
2 58
2 60
2 61
2 63
2 65
2 66
2 67
2 68
2 69
2 70
2 72
2 73
2 77
2 78
2 84
2 89
2 90
2 91
2 93
2 94
2 98
2 99
2 103
2 109
2 110
2 113
2 116
2 120
2 121
2 126
2 127
2 128
2 133
2 135
2 140
2 141
2 142
2 151
2 156
2 158
2 165
2 168
2 171
2 173
2 177
2 179
2 187
2 188
2 191
2 196
2 200
2 201
2 203
2 204
2 206
2 221
2 223
2 226
2 229
2 238
2 239
2 240
2 242
2 246
2 247
2 257
2 273
2 278
2 281
2 283
2 296
2 298
2 301
2 303
2 312
2 314
2 321
2 322
2 327
2 328
2 331
2 332
2 333
2 334
2 340
2 341
2 343
2 346
2 347
3 4
3 5
3 6
3 7
3 8
3 9
3 10
3 11
3 12
3 13
3 14
3 15
3 16
3 17
3 18
3 19
3 20
3 21
3 22
3 23
3 24
3 25
3 26
3 27
3 28
3 29
3 30
3 31
3 32
3 33
3 37
3 39
3 40
3 41
3 42
3 44
3 45
3 46
3 49
3 51
3 52
3 53
3 57
3 58
3 59
3 60
3 61
3 62
3 63
3 67
3 68
3 69
3 71
3 75
3 79
3 81
3 82
3 83
3 85
3 92
3 94
3 100
3 101
3 108
3 109
3 113
3 115
3 121
3 122
3 126
3 135
3 140
3 143
3 150
3 151
3 154
3 157
3 158
3 159
3 160
3 170
3 172
3 173
3 179
3 180
3 183
3 185
3 189
3 209
3 210
3 218
3 219
3 223
3 225
3 234
3 245
3 250
3 252
3 256
3 259
3 266
3 270
3 275
3 276
3 279
3 283
3 287
3 291
3 295
3 296
3 306
3 308
3 311
3 314
3 318
3 323
3 325
3 331
3 332
4 5
4 6
4 7
4 8
4 9
4 10
4 11
4 12
4 13
4 14
4 15
4 16
4 17
4 18
4 19
4 20
4 21
4 22
4 23
4 24
4 25
4 26
4 27
4 28
4 29
4 30
4 31
4 32
4 33
4 34
4 35
4 36
4 37
4 38
4 39
4 40
4 41
4 42
4 43
4 47
4 48
4 51
4 52
4 53
4 57
4 60
4 61
4 65
4 66
4 67
4 69
4 70
4 73
4 76
4 77
4 81
4 88
4 89
4 90
4 93
4 94
4 96
4 98
4 102
4 106
4 108
4 109
4 112
4 114
4 115
4 121
4 129
4 131
4 142
4 145
4 146
4 148
4 152
4 153
4 154
4 155
4 160
4 163
4 164
4 168
4 170
4 174
4 180
4 184
4 186
4 190
4 203
4 204
4 206
4 208
4 212
4 215
4 220
4 222
4 227
4 232
4 237
4 240
4 252
4 255
4 262
4 263
4 264
4 267
4 275
4 277
4 282
4 286
4 320
4 324
4 330
4 332
4 338
4 339
4 340
4 343
4 348
4 349
5 6
5 7
5 8
5 9
5 10
5 11
5 12
5 13
5 14
5 15
5 16
5 17
5 18
5 19
5 20
5 21
5 22
5 23
5 24
5 25
5 26
5 27
5 28
5 29
5 30
5 32
5 33
5 34
5 36
5 37
5 38
5 39
5 40
5 41
5 43
5 44
5 47
5 48
5 49
5 51
5 54
5 55
5 56
5 59
5 60
5 61
5 65
5 67
5 72
5 74
5 86
5 88
5 92
5 93
5 97
5 101
5 102
5 105
5 108
5 109
5 114
5 116
5 117
5 118
5 120
5 124
5 127
5 138
5 140
5 142
5 153
5 165
5 166
5 173
5 183
5 184
5 191
5 192
5 199
5 206
5 207
5 208
5 210
5 213
5 214
5 220
5 221
5 230
5 242
5 243
5 248
5 253
5 256
5 262
5 270
5 280
5 296
5 298
5 302
5 313
5 316
5 334
5 349
6 7
6 8
6 9
6 10
6 11
6 12
6 13
6 14
6 15
6 16
6 17
6 18
6 19
6 20
6 21
6 22
6 23
6 24
6 25
6 26
6 27
6 28
6 29
6 30
6 31
6 32
6 33
6 34
6 35
6 36
6 38
6 39
6 40
6 43
6 46
6 51
6 53
6 54
6 55
6 60
6 62
6 64
6 67
6 68
6 72
6 73
6 74
6 75
6 77
6 78
6 83
6 84
6 85
6 90
6 92
6 96
6 101
6 102
6 104
6 105
6 107
6 111
6 112
6 114
6 115
6 121
6 123
6 125
6 129
6 141
6 142
6 146
6 147
6 150
6 151
6 152
6 153
6 161
6 162
6 166
6 167
6 168
6 170
6 172
6 174
6 175
6 181
6 183
6 188
6 190
6 192
6 196
6 203
6 205
6 207
6 209
6 212
6 219
6 225
6 229
6 233
6 234
6 235
6 237
6 242
6 244
6 252
6 256
6 264
6 267
6 292
6 295
6 303
6 315
6 319
6 323
6 330
6 333
6 340
6 341
6 348
6 349
7 8
7 9
7 10
7 11
7 12
7 13
7 14
7 15
7 16
7 17
7 18
7 19
7 20
7 21
7 22
7 23
7 24
7 25
7 26
7 27
7 28
7 29
7 30
7 31
7 32
7 33
7 35
7 37
7 38
7 39
7 41
7 42
7 43
7 45
7 48
7 50
7 52
7 53
7 55
7 56
7 57
7 60
7 63
7 64
7 65
7 66
7 68
7 70
7 71
7 72
7 73
7 75
7 78
7 79
7 80
7 84
7 89
7 92
7 96
7 98
7 100
7 102
7 103
7 105
7 111
7 117
7 118
7 120
7 121
7 122
7 127
7 128
7 137
7 143
7 151
7 152
7 163
7 166
7 170
7 174
7 178
7 195
7 199
7 206
7 218
7 223
7 227
7 229
7 235
7 241
7 243
7 249
7 252
7 258
7 259
7 273
7 284
7 285
7 286
7 298
7 301
7 311
7 318
7 323
7 324
7 330
7 348
7 349
8 9
8 10
8 11
8 12
8 13
8 14
8 15
8 16
8 17
8 18
8 19
8 20
8 21
8 22
8 23
8 24
8 25
8 26
8 27
8 28
8 29
8 30
8 31
8 35
8 36
8 37
8 39
8 40
8 41
8 42
8 43
8 44
8 45
8 46
8 51
8 52
8 54
8 56
8 58
8 59
8 60
8 62
8 63
8 69
8 70
8 73
8 76
8 78
8 82
8 84
8 85
8 86
8 88
8 90
8 95
8 96
8 97
8 98
8 99
8 101
8 102
8 114
8 115
8 116
8 120
8 121
8 122
8 123
8 124
8 131
8 133
8 134
8 135
8 137
8 142
8 144
8 145
8 154
8 155
8 159
8 161
8 165
8 167
8 169
8 171
8 173
8 182
8 190
8 194
8 201
8 203
8 204
8 207
8 208
8 209
8 213
8 215
8 216
8 219
8 232
8 233
8 235
8 238
8 241
8 246
8 249
8 252
8 263
8 265
8 271
8 272
8 281
8 282
8 285
8 293
8 305
8 306
8 311
8 318
8 321
8 322
8 332
8 333
8 337
8 338
8 343
8 344
9 10
9 11
9 12
9 13
9 14
9 15
9 16
9 17
9 18
9 19
9 20
9 21
9 22
9 23
9 24
9 25
9 26
9 27
9 28
9 29
9 30
9 31
9 32
9 33
9 36
9 38
9 39
9 40
9 41
9 42
9 43
9 44
9 45
9 46
9 48
9 50
9 52
9 53
9 54
9 55
9 58
9 59
9 60
9 65
9 66
9 69
9 70
9 72
9 73
9 74
9 75
9 76
9 77
9 78
9 82
9 84
9 85
9 88
9 91
9 96
9 97
9 100
9 105
9 114
9 115
9 116
9 117
9 118
9 119
9 125
9 126
9 128
9 130
9 132
9 137
9 143
9 144
9 147
9 149
9 154
9 155
9 157
9 169
9 179
9 182
9 185
9 191
9 195
9 199
9 205
9 214
9 223
9 226
9 229
9 242
9 243
9 254
9 259
9 261
9 262
9 270
9 273
9 277
9 279
9 282
9 297
9 303
9 309
9 314
9 315
9 323
9 340
9 343
9 349
10 11
10 12
10 13
10 14
10 15
10 16
10 17
10 18
10 19
10 20
10 21
10 22
10 23
10 24
10 25
10 26
10 27
10 28
10 29
10 30
10 31
10 32
10 33
10 34
10 35
10 37
10 39
10 40
10 43
10 46
10 47
10 48
10 55
10 60
10 62
10 63
10 64
10 66
10 71
10 72
10 73
10 78
10 79
10 81
10 83
10 84
10 87
10 91
10 93
10 94
10 95
10 96
10 98
10 100
10 105
10 106
10 109
10 110
10 113
10 120
10 122
10 124
10 130
10 134
10 136
10 140
10 147
10 149
10 153
10 155
10 164
10 166
10 167
10 168
10 172
10 173
10 176
10 183
10 188
10 195
10 197
10 204
10 205
10 209
10 211
10 214
10 221
10 223
10 239
10 242
10 243
10 249
10 253
10 261
10 263
10 265
10 266
10 269
10 282
10 306
10 311
10 317
10 319
10 320
10 322
10 323
10 326
10 336
10 343
10 345
11 12
11 13
11 14
11 15
11 16
11 17
11 18
11 19
11 20
11 21
11 22
11 23
11 24
11 25
11 26
11 27
11 28
11 29
11 30
11 31
11 32
11 33
11 34
11 35
11 36
11 37
11 38
11 39
11 40
11 42
11 43
11 44
11 45
11 46
11 47
11 48
11 50
11 52
11 54
11 55
11 56
11 58
11 59
11 63
11 64
11 65
11 68
11 69
11 70
11 71
11 72
11 77
11 78
11 82
11 84
11 87
11 88
11 91
11 92
11 96
11 97
11 98
11 99
11 100
11 106
11 108
11 109
11 110
11 115
11 117
11 119
11 120
11 128
11 129
11 135
11 137
11 141
11 145
11 149
11 151
11 155
11 156
11 161
11 162
11 167
11 190
11 191
11 194
11 198
11 200
11 202
11 206
11 210
11 211
11 214
11 216
11 225
11 238
11 240
11 242
11 251
11 258
11 271
11 272
11 283
11 285
11 286
11 288
11 292
11 312
11 314
11 317
11 319
11 338
12 13
12 14
12 15
12 16
12 17
12 18
12 19
12 20
12 21
12 22
12 23
12 24
12 25
12 26
12 27
12 28
12 29
12 30
12 31
12 32
12 33
12 34
12 35
12 36
12 38
12 39
12 41
12 42
12 44
12 45
12 46
12 47
12 49
12 50
12 51
12 56
12 57
12 59
12 60
12 61
12 63
12 66
12 68
12 69
12 70
12 72
12 73
12 74
12 75
12 76
12 80
12 81
12 82
12 85
12 88
12 89
12 91
12 94
12 104
12 105
12 107
12 108
12 109
12 111
12 116
12 117
12 119
12 120
12 122
12 124
12 130
12 132
12 134
12 136
12 137
12 138
12 143
12 152
12 154
12 155
12 160
12 162
12 163
12 164
12 165
12 168
12 169
12 174
12 175
12 181
12 184
12 186
12 188
12 190
12 192
12 196
12 197
12 204
12 212
12 215
12 220
12 223
12 225
12 229
12 232
12 237
12 240
12 251
12 252
12 253
12 254
12 260
12 265
12 267
12 268
12 270
12 271
12 273
12 279
12 281
12 285
12 286
12 291
12 297
12 306
12 324
12 335
12 337
12 342
13 14
13 15
13 16
13 17
13 18
13 19
13 20
13 21
13 22
13 23
13 24
13 25
13 26
13 27
13 28
13 29
13 30
13 31
13 32
13 33
13 34
13 35
13 37
13 38
13 39
13 40
13 43
13 44
13 47
13 49
13 50
13 52
13 53
13 55
13 56
13 67
13 68
13 76
13 79
13 81
13 82
13 83
13 86
13 87
13 88
13 94
13 95
13 96
13 99
13 103
13 104
13 105
13 107
13 113
13 114
13 117
13 118
13 119
13 124
13 127
13 129
13 134
13 136
13 140
13 141
13 142
13 143
13 148
13 149
13 152
13 154
13 156
13 160
13 163
13 164
13 168
13 174
13 179
13 182
13 184
13 190
13 200
13 211
13 214
13 220
13 222
13 223
13 225
13 239
13 240
13 244
13 245
13 248
13 250
13 254
13 258
13 271
13 273
13 276
13 280
13 281
13 284
13 289
13 290
13 291
13 293
13 295
13 301
13 307
13 311
13 312
13 319
13 325
13 343
13 344
14 15
14 16
14 17
14 18
14 19
14 20
14 21
14 22
14 23
14 24
14 25
14 26
14 27
14 28
14 29
14 31
14 32
14 33
14 34
14 35
14 36
14 37
14 38
14 40
14 42
14 43
14 44
14 47
14 48
14 49
14 53
14 56
14 57
14 61
14 66
14 67
14 69
14 74
14 79
14 81
14 82
14 86
14 89
14 90
14 91
14 92
14 94
14 97
14 100
14 107
14 108
14 109
14 113
14 123
14 131
14 138
14 140
14 147
14 151
14 157
14 159
14 160
14 162
14 170
14 177
14 178
14 183
14 187
14 189
14 193
14 194
14 195
14 198
14 202
14 210
14 212
14 216
14 223
14 232
14 239
14 245
14 246
14 260
14 268
14 274
14 289
14 293
14 300
14 306
14 308
14 310
14 311
14 316
14 320
14 322
14 334
14 337
14 339
14 345
15 16
15 17
15 18
15 19
15 20
15 21
15 22
15 23
15 24
15 25
15 26
15 27
15 28
15 29
15 30
15 31
15 32
15 33
15 34
15 35
15 36
15 37
15 38
15 40
15 42
15 44
15 45
15 46
15 50
15 51
15 52
15 56
15 58
15 70
15 71
15 72
15 75
15 76
15 79
15 80
15 81
15 83
15 84
15 85
15 88
15 89
15 90
15 94
15 99
15 100
15 104
15 105
15 106
15 107
15 110
15 111
15 112
15 113
15 114
15 117
15 120
15 121
15 122
15 124
15 129
15 130
15 131
15 133
15 134
15 138
15 140
15 141
15 143
15 144
15 145
15 147
15 149
15 151
15 156
15 158
15 165
15 166
15 170
15 180
15 185
15 187
15 189
15 191
15 193
15 198
15 204
15 209
15 213
15 214
15 216
15 217
15 218
15 220
15 229
15 233
15 234
15 239
15 248
15 252
15 255
15 256
15 257
15 259
15 268
15 273
15 274
15 276
15 278
15 280
15 285
15 286
15 287
15 288
15 292
15 295
15 296
15 302
15 308
15 311
15 315
15 317
15 320
15 322
15 328
15 348
16 17
16 18
16 19
16 20
16 21
16 22
16 23
16 24
16 25
16 26
16 27
16 28
16 29
16 30
16 31
16 32
16 33
16 34
16 35
16 36
16 37
16 38
16 39
16 40
16 42
16 43
16 45
16 46
16 47
16 48
16 49
16 51
16 53
16 54
16 55
16 56
16 57
16 59
16 63
16 69
16 72
16 74
16 77
16 78
16 81
16 83
16 87
16 90
16 92
16 95
16 104
16 106
16 112
16 113
16 114
16 120
16 127
16 129
16 131
16 132
16 138
16 139
16 141
16 142
16 147
16 155
16 156
16 157
16 159
16 161
16 169
16 170
16 173
16 178
16 182
16 186
16 188
16 190
16 191
16 193
16 196
16 198
16 201
16 208
16 222
16 228
16 231
16 234
16 235
16 237
16 241
16 247
16 248
16 257
16 259
16 260
16 261
16 264
16 266
16 270
16 273
16 274
16 275
16 279
16 280
16 285
16 286
16 287
16 291
16 293
16 301
16 302
16 310
16 311
16 313
16 323
16 325
16 334
16 338
16 341
16 347
17 18
17 19
17 20
17 21
17 22
17 23
17 24
17 25
17 26
17 27
17 28
17 29
17 30
17 31
17 32
17 34
17 35
17 36
17 38
17 40
17 41
17 42
17 43
17 44
17 45
17 46
17 47
17 48
17 54
17 55
17 56
17 65
17 67
17 69
17 70
17 73
17 74
17 75
17 76
17 77
17 79
17 82
17 84
17 87
17 89
17 91
17 92
17 94
17 95
17 97
17 98
17 100
17 104
17 115
17 123
17 126
17 129
17 133
17 134
17 136
17 137
17 139
17 140
17 143
17 145
17 150
17 152
17 155
17 160
17 167
17 170
17 171
17 178
17 181
17 183
17 189
17 191
17 196
17 198
17 212
17 215
17 220
17 222
17 225
17 226
17 228
17 229
17 236
17 237
17 239
17 241
17 243
17 247
17 250
17 251
17 255
17 257
17 258
17 259
17 260
17 263
17 265
17 266
17 274
17 277
17 278
17 288
17 300
17 306
17 309
17 315
17 324
17 325
17 332
17 340
17 347
17 349
18 19
18 20
18 21
18 22
18 23
18 24
18 25
18 26
18 27
18 28
18 29
18 30
18 31
18 32
18 34
18 35
18 37
18 38
18 39
18 40
18 45
18 46
18 47
18 48
18 49
18 50
18 51
18 52
18 53
18 54
18 55
18 56
18 59
18 60
18 61
18 62
18 63
18 64
18 66
18 68
18 72
18 73
18 74
18 75
18 78
18 80
18 83
18 86
18 87
18 88
18 89
18 92
18 94
18 95
18 97
18 98
18 100
18 101
18 102
18 105
18 106
18 110
18 111
18 114
18 116
18 119
18 121
18 125
18 127
18 129
18 131
18 132
18 133
18 134
18 142
18 144
18 153
18 154
18 157
18 162
18 167
18 171
18 172
18 180
18 183
18 184
18 186
18 189
18 197
18 198
18 200
18 202
18 205
18 206
18 208
18 209
18 216
18 217
18 231
18 235
18 239
18 242
18 243
18 247
18 250
18 262
18 264
18 267
18 270
18 282
18 284
18 297
18 299
18 302
18 304
18 305
18 307
18 312
18 315
18 317
18 322
18 323
18 325
18 333
18 334
18 338
18 343
19 20
19 21
19 22
19 23
19 24
19 25
19 26
19 27
19 28
19 29
19 30
19 31
19 32
19 34
19 35
19 36
19 37
19 38
19 39
19 40
19 41
19 42
19 45
19 46
19 47
19 48
19 50
19 52
19 53
19 55
19 57
19 59
19 60
19 62
19 63
19 64
19 65
19 71
19 73
19 76
19 77
19 78
19 81
19 83
19 85
19 86
19 88
19 90
19 92
19 93
19 94
19 95
19 97
19 102
19 108
19 109
19 111
19 114
19 122
19 138
19 142
19 146
19 148
19 149
19 156
19 159
19 164
19 168
19 179
19 180
19 181
19 188
19 190
19 196
19 198
19 203
19 206
19 207
19 215
19 226
19 227
19 234
19 235
19 237
19 244
19 247
19 253
19 260
19 263
19 276
19 279
19 288
19 292
19 300
19 307
19 310
19 311
19 313
19 318
19 320
19 324
19 327
19 339
19 341
20 21
20 22
20 23
20 24
20 25
20 26
20 27
20 28
20 29
20 30
20 31
20 32
20 33
20 34
20 35
20 36
20 38
20 41
20 42
20 43
20 44
20 45
20 46
20 47
20 48
20 49
20 50
20 51
20 53
20 54
20 56
20 57
20 58
20 59
20 61
20 62
20 67
20 70
20 73
20 79
20 80
20 81
20 82
20 86
20 92
20 93
20 95
20 96
20 98
20 99
20 103
20 108
20 110
20 113
20 116
20 118
20 121
20 124
20 132
20 135
20 140
20 142
20 143
20 144
20 147
20 148
20 149
20 152
20 155
20 158
20 163
20 169
20 172
20 175
20 176
20 177
20 187
20 188
20 189
20 190
20 195
20 196
20 198
20 200
20 202
20 206
20 214
20 215
20 219
20 225
20 231
20 240
20 243
20 244
20 252
20 255
20 268
20 270
20 272
20 275
20 279
20 282
20 286
20 290
20 298
20 303
20 304
20 309
20 321
20 323
20 328
20 342
21 22
21 23
21 24
21 25
21 26
21 27
21 28
21 29
21 30
21 31
21 33
21 35
21 36
21 37
21 38
21 39
21 40
21 41
21 43
21 44
21 46
21 47
21 49
21 50
21 51
21 52
21 54
21 56
21 57
21 60
21 62
21 66
21 68
21 70
21 71
21 73
21 75
21 79
21 80
21 82
21 84
21 89
21 91
21 94
21 96
21 99
21 103
21 104
21 106
21 108
21 111
21 116
21 122
21 123
21 129
21 130
21 133
21 134
21 141
21 142
21 146
21 147
21 150
21 153
21 158
21 162
21 165
21 171
21 176
21 177
21 184
21 186
21 198
21 201
21 202
21 206
21 211
21 218
21 220
21 221
21 226
21 228
21 229
21 242
21 243
21 245
21 249
21 251
21 253
21 259
21 266
21 269
21 272
21 274
21 290
21 291
21 296
21 302
21 321
21 322
21 344
21 348
21 349
22 23
22 24
22 25
22 26
22 27
22 28
22 29
22 30
22 31
22 32
22 33
22 34
22 35
22 36
22 37
22 38
22 40
22 42
22 43
22 44
22 45
22 46
22 54
22 55
22 59
22 61
22 62
22 63
22 64
22 66
22 67
22 69
22 70
22 72
22 74
22 75
22 76
22 82
22 84
22 85
22 86
22 91
22 92
22 101
22 103
22 104
22 105
22 106
22 107
22 111
22 112
22 127
22 141
22 147
22 148
22 159
22 162
22 164
22 170
22 171
22 173
22 177
22 181
22 182
22 196
22 201
22 202
22 203
22 205
22 207
22 208
22 209
22 222
22 223
22 224
22 235
22 236
22 256
22 261
22 272
22 282
22 283
22 285
22 286
22 288
22 296
22 299
22 306
22 317
22 319
22 320
22 324
22 327
22 336
22 341
22 347
23 24
23 25
23 26
23 27
23 28
23 29
23 30
23 31
23 32
23 33
23 34
23 35
23 36
23 37
23 39
23 41
23 42
23 43
23 45
23 46
23 47
23 48
23 49
23 50
23 51
23 52
23 54
23 55
23 57
23 58
23 61
23 62
23 64
23 65
23 69
23 74
23 75
23 76
23 79
23 82
23 86
23 87
23 91
23 93
23 94
23 98
23 99
23 100
23 101
23 111
23 113
23 116
23 120
23 130
23 139
23 145
23 146
23 149
23 151
23 153
23 159
23 160
23 161
23 169
23 176
23 183
23 184
23 185
23 186
23 187
23 188
23 189
23 201
23 205
23 213
23 214
23 215
23 221
23 225
23 230
23 231
23 246
23 250
23 253
23 266
23 275
23 277
23 280
23 294
23 301
23 302
23 303
23 304
23 325
23 334
23 346
23 348
24 25
24 26
24 27
24 28
24 29
24 30
24 31
24 32
24 33
24 34
24 35
24 36
24 37
24 38
24 39
24 40
24 41
24 42
24 43
24 45
24 46
24 48
24 50
24 51
24 52
24 54
24 55
24 58
24 59
24 60
24 61
24 64
24 68
24 74
24 75
24 82
24 83
24 84
24 85
24 86
24 87
24 90
24 94
24 95
24 96
24 97
24 100
24 105
24 108
24 109
24 115
24 117
24 120
24 129
24 132
24 133
24 134
24 136
24 139
24 141
24 145
24 146
24 148
24 150
24 154
24 156
24 157
24 165
24 168
24 169
24 170
24 176
24 178
24 183
24 190
24 198
24 200
24 201
24 211
24 212
24 217
24 227
24 236
24 238
24 257
24 259
24 264
24 269
24 270
24 280
24 286
24 301
24 303
24 308
24 316
24 327
24 332
24 342
24 343
24 349
25 26
25 27
25 28
25 29
25 30
25 31
25 32
25 33
25 34
25 35
25 36
25 37
25 38
25 39
25 40
25 41
25 42
25 43
25 44
25 47
25 50
25 52
25 53
25 54
25 55
25 56
25 57
25 58
25 60
25 62
25 63
25 64
25 72
25 74
25 75
25 77
25 82
25 83
25 87
25 88
25 89
25 90
25 93
25 95
25 100
25 104
25 107
25 108
25 110
25 117
25 118
25 121
25 125
25 126
25 129
25 130
25 138
25 145
25 147
25 150
25 152
25 154
25 162
25 164
25 172
25 173
25 175
25 179
25 180
25 183
25 186
25 188
25 191
25 194
25 199
25 201
25 202
25 205
25 209
25 213
25 215
25 216
25 222
25 225
25 234
25 235
25 236
25 239
25 245
25 246
25 256
25 261
25 266
25 272
25 284
25 299
25 300
25 306
25 309
25 317
25 320
25 330
25 338
25 340
25 346
26 27
26 28
26 29
26 30
26 32
26 33
26 34
26 36
26 37
26 38
26 40
26 41
26 42
26 43
26 45
26 46
26 47
26 49
26 51
26 52
26 53
26 54
26 55
26 57
26 58
26 59
26 60
26 61
26 62
26 63
26 64
26 65
26 66
26 67
26 68
26 69
26 72
26 73
26 75
26 80
26 82
26 83
26 84
26 85
26 89
26 92
26 93
26 96
26 97
26 103
26 104
26 107
26 108
26 109
26 112
26 117
26 118
26 121
26 122
26 123
26 125
26 128
26 131
26 135
26 137
26 140
26 142
26 143
26 144
26 150
26 153
26 156
26 157
26 161
26 169
26 172
26 173
26 175
26 179
26 181
26 183
26 188
26 192
26 194
26 195
26 197
26 199
26 210
26 212
26 214
26 217
26 218
26 219
26 226
26 242
26 250
26 257
26 263
26 265
26 266
26 267
26 268
26 269
26 276
26 278
26 283
26 287
26 294
26 299
26 306
26 307
26 308
26 311
26 313
26 314
26 315
26 321
26 325
26 326
26 334
26 343
26 349
27 28
27 29
27 30
27 31
27 32
27 33
27 34
27 36
27 37
27 38
27 39
27 40
27 41
27 42
27 43
27 44
27 45
27 47
27 48
27 49
27 50
27 51
27 53
27 55
27 63
27 64
27 69
27 72
27 77
27 79
27 80
27 82
27 83
27 85
27 87
27 91
27 93
27 100
27 106
27 111
27 116
27 118
27 119
27 123
27 131
27 134
27 136
27 144
27 161
27 168
27 169
27 170
27 186
27 189
27 190
27 192
27 200
27 202
27 204
27 206
27 212
27 217
27 224
27 231
27 239
27 250
27 254
27 260
27 263
27 266
27 277
27 282
27 283
27 287
27 290
27 292
27 296
27 297
27 300
27 301
27 307
27 316
27 322
27 323
27 328
27 330
27 333
27 338
27 339
27 341
27 343
27 345
27 346
27 348
28 29
28 30
28 31
28 32
28 33
28 34
28 35
28 36
28 37
28 38
28 39
28 41
28 42
28 43
28 44
28 45
28 46
28 47
28 48
28 49
28 50
28 51
28 53
28 57
28 58
28 61
28 63
28 64
28 65
28 66
28 68
28 70
28 72
28 74
28 75
28 77
28 79
28 82
28 83
28 86
28 89
28 92
28 93
28 96
28 99
28 100
28 101
28 102
28 103
28 105
28 106
28 112
28 116
28 117
28 119
28 120
28 124
28 130
28 131
28 132
28 137
28 139
28 143
28 145
28 146
28 147
28 148
28 150
28 151
28 155
28 156
28 157
28 159
28 163
28 165
28 166
28 167
28 168
28 171
28 172
28 173
28 176
28 180
28 181
28 182
28 184
28 187
28 194
28 198
28 199
28 216
28 217
28 225
28 227
28 229
28 239
28 240
28 241
28 244
28 245
28 247
28 251
28 252
28 255
28 261
28 265
28 268
28 271
28 286
28 289
28 301
28 302
28 312
28 315
28 317
28 327
28 336
28 343
28 345
29 30
29 31
29 32
29 33
29 34
29 35
29 36
29 37
29 39
29 41
29 42
29 44
29 46
29 47
29 51
29 53
29 54
29 55
29 57
29 61
29 62
29 64
29 66
29 69
29 70
29 71
29 72
29 73
29 74
29 76
29 77
29 78
29 80
29 82
29 83
29 84
29 85
29 87
29 89
29 90
29 97
29 98
29 99
29 105
29 108
29 109
29 110
29 112
29 113
29 114
29 118
29 121
29 123
29 125
29 126
29 127
29 129
29 131
29 145
29 147
29 148
29 149
29 155
29 156
29 157
29 159
29 163
29 164
29 165
29 168
29 169
29 172
29 174
29 175
29 176
29 179
29 181
29 182
29 184
29 186
29 196
29 207
29 210
29 217
29 218
29 227
29 231
29 234
29 239
29 244
29 251
29 253
29 255
29 257
29 261
29 264
29 268
29 270
29 277
29 278
29 279
29 282
29 287
29 291
29 294
29 300
29 307
29 309
29 310
29 311
29 316
29 331
30 31
30 33
30 34
30 35
30 37
30 38
30 39
30 40
30 41
30 42
30 48
30 49
30 50
30 53
30 56
30 58
30 59
30 61
30 62
30 65
30 66
30 69
30 70
30 71
30 72
30 73
30 75
30 78
30 79
30 81
30 83
30 87
30 89
30 90
30 91
30 92
30 93
30 96
30 97
30 105
30 110
30 111
30 112
30 115
30 116
30 118
30 119
30 122
30 123
30 124
30 125
30 126
30 129
30 133
30 134
30 136
30 140
30 144
30 146
30 148
30 152
30 161
30 164
30 169
30 174
30 177
30 188
30 189
30 194
30 196
30 197
30 198
30 208
30 212
30 216
30 220
30 230
30 233
30 236
30 246
30 256
30 259
30 271
30 274
30 279
30 282
30 283
30 287
30 290
30 301
30 304
30 314
30 321
30 341
30 344
31 32
31 33
31 34
31 35
31 37
31 38
31 39
31 40
31 41
31 42
31 44
31 45
31 46
31 47
31 48
31 49
31 50
31 51
31 52
31 53
31 54
31 57
31 59
31 60
31 61
31 62
31 63
31 64
31 65
31 68
31 73
31 77
31 80
31 81
31 83
31 85
31 89
31 91
31 94
31 101
31 114
31 118
31 124
31 126
31 128
31 132
31 134
31 136
31 140
31 149
31 151
31 154
31 158
31 160
31 167
31 171
31 175
31 176
31 177
31 179
31 185
31 186
31 187
31 188
31 189
31 190
31 192
31 200
31 206
31 217
31 229
31 233
31 240
31 246
31 251
31 254
31 257
31 259
31 262
31 264
31 280
31 291
31 294
31 295
31 296
31 308
31 313
31 324
31 337
32 33
32 34
32 35
32 36
32 40
32 41
32 43
32 45
32 46
32 48
32 49
32 50
32 51
32 56
32 59
32 60
32 61
32 62
32 64
32 65
32 67
32 68
32 70
32 71
32 74
32 75
32 76
32 79
32 80
32 82
32 83
32 84
32 85
32 86
32 87
32 90
32 92
32 97
32 98
32 102
32 103
32 104
32 105
32 107
32 110
32 112
32 113
32 117
32 122
32 125
32 126
32 127
32 129
32 131
32 138
32 140
32 143
32 145
32 147
32 149
32 153
32 154
32 159
32 160
32 161
32 163
32 165
32 166
32 167
32 169
32 174
32 177
32 178
32 182
32 183
32 190
32 193
32 198
32 199
32 207
32 208
32 209
32 212
32 213
32 221
32 227
32 232
32 234
32 235
32 236
32 240
32 248
32 266
32 269
32 274
32 276
32 278
32 279
32 284
32 287
32 288
32 289
32 290
32 291
32 293
32 298
32 304
32 316
32 318
32 322
32 326
32 330
32 332
32 333
32 334
32 335
32 347
33 34
33 35
33 36
33 37
33 38
33 39
33 42
33 44
33 47
33 48
33 49
33 50
33 51
33 54
33 55
33 56
33 58
33 59
33 63
33 65
33 67
33 68
33 69
33 71
33 72
33 73
33 75
33 80
33 81
33 83
33 89
33 92
33 94
33 96
33 98
33 99
33 100
33 102
33 103
33 109
33 116
33 120
33 121
33 125
33 127
33 130
33 131
33 132
33 134
33 135
33 138
33 140
33 145
33 150
33 151
33 154
33 156
33 161
33 162
33 167
33 178
33 183
33 184
33 185
33 188
33 193
33 194
33 201
33 202
33 203
33 204
33 205
33 209
33 218
33 232
33 234
33 238
33 240
33 249
33 254
33 257
33 264
33 267
33 270
33 274
33 288
33 289
33 293
33 303
33 308
33 309
33 314
33 321
33 325
33 329
33 331
33 333
33 336
33 339
33 341
33 342
33 347
34 35
34 36
34 37
34 38
34 39
34 41
34 44
34 46
34 49
34 50
34 53
34 56
34 57
34 58
34 59
34 60
34 63
34 68
34 71
34 72
34 73
34 79
34 80
34 86
34 87
34 88
34 92
34 95
34 97
34 99
34 101
34 102
34 105
34 106
34 107
34 110
34 111
34 112
34 115
34 118
34 120
34 122
34 124
34 125
34 128
34 130
34 131
34 132
34 133
34 135
34 139
34 141
34 142
34 143
34 155
34 157
34 160
34 163
34 165
34 166
34 167
34 171
34 180
34 181
34 182
34 188
34 190
34 192
34 193
34 198
34 200
34 202
34 206
34 210
34 216
34 217
34 218
34 220
34 222
34 223
34 241
34 242
34 244
34 245
34 253
34 258
34 261
34 262
34 264
34 265
34 267
34 268
34 273
34 281
34 283
34 285
34 286
34 289
34 295
34 296
34 299
34 305
34 306
34 308
34 315
34 321
34 326
34 330
34 333
34 348
35 36
35 37
35 40
35 41
35 47
35 48
35 51
35 52
35 54
35 55
35 57
35 59
35 60
35 61
35 62
35 63
35 64
35 65
35 66
35 67
35 71
35 72
35 73
35 75
35 77
35 81
35 82
35 86
35 90
35 94
35 95
35 96
35 97
35 103
35 109
35 115
35 116
35 117
35 119
35 123
35 128
35 130
35 132
35 135
35 136
35 142
35 144
35 151
35 153
35 154
35 156
35 162
35 164
35 166
35 168
35 180
35 183
35 189
35 192
35 193
35 195
35 202
35 214
35 219
35 230
35 235
35 245
35 249
35 250
35 251
35 260
35 264
35 269
35 273
35 274
35 277
35 280
35 282
35 283
35 288
35 290
35 300
35 301
35 307
35 310
35 315
35 318
35 320
35 325
35 327
35 342
35 349
36 39
36 40
36 42
36 43
36 44
36 45
36 46
36 47
36 48
36 52
36 53
36 54
36 56
36 57
36 58
36 59
36 60
36 61
36 62
36 63
36 66
36 68
36 69
36 70
36 71
36 73
36 76
36 77
36 78
36 80
36 86
36 88
36 90
36 91
36 94
36 98
36 99
36 100
36 101
36 104
36 106
36 107
36 109
36 110
36 112
36 114
36 117
36 118
36 128
36 136
36 138
36 139
36 146
36 149
36 154
36 155
36 157
36 162
36 165
36 166
36 168
36 170
36 171
36 180
36 192
36 199
36 204
36 209
36 211
36 212
36 214
36 217
36 221
36 223
36 224
36 233
36 236
36 240
36 241
36 248
36 260
36 266
36 279
36 280
36 283
36 284
36 294
36 297
36 301
36 304
36 314
36 315
36 317
36 321
36 322
36 327
36 329
36 335
36 337
36 340
36 345
37 40
37 41
37 43
37 44
37 45
37 48
37 49
37 51
37 53
37 55
37 57
37 58
37 60
37 61
37 62
37 66
37 68
37 74
37 75
37 79
37 80
37 81
37 85
37 86
37 88
37 89
37 93
37 95
37 96
37 105
37 107
37 110
37 111
37 112
37 115
37 116
37 118
37 123
37 125
37 126
37 129
37 130
37 135
37 137
37 139
37 146
37 147
37 149
37 152
37 155
37 157
37 158
37 182
37 186
37 201
37 203
37 210
37 215
37 219
37 222
37 231
37 234
37 250
37 263
37 264
37 273
37 283
37 285
37 286
37 293
37 295
37 296
37 297
37 299
37 305
37 312
37 324
37 342
37 343
37 345
38 43
38 44
38 45
38 48
38 49
38 51
38 54
38 57
38 58
38 60
38 61
38 66
38 67
38 68
38 71
38 75
38 76
38 78
38 80
38 81
38 84
38 86
38 88
38 91
38 102
38 103
38 105
38 107
38 111
38 113
38 119
38 124
38 138
38 145
38 155
38 160
38 162
38 166
38 171
38 175
38 182
38 183
38 196
38 208
38 209
38 215
38 224
38 225
38 228
38 232
38 233
38 236
38 254
38 255
38 257
38 258
38 271
38 275
38 292
38 294
38 296
38 300
38 312
38 317
38 331
38 337
38 347
39 41
39 42
39 45
39 47
39 52
39 53
39 54
39 55
39 58
39 59
39 62
39 63
39 66
39 68
39 69
39 70
39 75
39 78
39 83
39 84
39 87
39 92
39 94
39 98
39 101
39 104
39 106
39 107
39 108
39 111
39 112
39 115
39 117
39 119
39 123
39 125
39 128
39 131
39 134
39 138
39 152
39 153
39 155
39 160
39 163
39 169
39 177
39 178
39 192
39 196
39 199
39 204
39 216
39 219
39 223
39 235
39 243
39 244
39 248
39 257
39 264
39 272
39 276
39 289
39 302
39 309
39 310
39 322
39 323
39 326
39 337
39 340
39 341
39 345
39 347
40 41
40 43
40 44
40 46
40 47
40 49
40 50
40 51
40 52
40 53
40 57
40 65
40 67
40 68
40 79
40 83
40 88
40 100
40 102
40 103
40 104
40 106
40 108
40 113
40 118
40 121
40 126
40 128
40 130
40 131
40 149
40 150
40 161
40 162
40 168
40 171
40 176
40 177
40 181
40 186
40 197
40 206
40 208
40 210
40 213
40 220
40 237
40 242
40 251
40 262
40 263
40 265
40 269
40 271
40 276
40 280
40 284
40 297
40 298
40 302
40 306
40 327
40 331
40 334
40 345
40 346
41 43
41 44
41 45
41 46
41 47
41 48
41 49
41 50
41 51
41 52
41 54
41 55
41 56
41 57
41 59
41 60
41 61
41 62
41 65
41 66
41 69
41 71
41 72
41 73
41 74
41 79
41 84
41 89
41 90
41 91
41 93
41 98
41 99
41 102
41 108
41 110
41 114
41 119
41 120
41 124
41 127
41 128
41 130
41 136
41 138
41 139
41 141
41 144
41 150
41 154
41 155
41 157
41 159
41 160
41 166
41 168
41 178
41 181
41 182
41 183
41 186
41 188
41 189
41 190
41 192
41 197
41 201
41 202
41 226
41 228
41 234
41 241
41 246
41 255
41 257
41 261
41 262
41 268
41 269
41 271
41 273
41 281
41 288
41 293
41 294
41 305
41 309
41 317
41 325
41 334
41 338
42 48
42 49
42 50
42 52
42 53
42 57
42 58
42 61
42 64
42 66
42 67
42 68
42 71
42 74
42 75
42 78
42 79
42 82
42 86
42 89
42 90
42 98
42 99
42 100
42 104
42 110
42 113
42 116
42 117
42 118
42 123
42 125
42 126
42 138
42 139
42 141
42 143
42 144
42 147
42 158
42 159
42 164
42 166
42 167
42 173
42 176
42 179
42 184
42 193
42 194
42 199
42 200
42 201
42 211
42 220
42 230
42 232
42 238
42 247
42 250
42 279
42 280
42 285
42 288
42 297
42 303
42 318
42 321
42 326
42 328
42 336
42 342
43 44
43 46
43 49
43 51
43 52
43 53
43 58
43 59
43 61
43 62
43 65
43 71
43 76
43 77
43 78
43 79
43 80
43 81
43 83
43 88
43 89
43 95
43 99
43 100
43 109
43 111
43 116
43 121
43 122
43 132
43 134
43 136
43 148
43 149
43 157
43 158
43 162
43 167
43 172
43 175
43 178
43 190
43 192
43 194
43 199
43 201
43 206
43 207
43 211
43 216
43 226
43 227
43 233
43 247
43 259
43 260
43 262
43 266
43 267
43 269
43 273
43 280
43 300
43 307
43 316
43 320
43 321
43 322
43 348
44 45
44 47
44 48
44 49
44 50
44 52
44 56
44 57
44 58
44 59
44 60
44 61
44 64
44 66
44 67
44 70
44 73
44 80
44 85
44 87
44 88
44 90
44 93
44 96
44 98
44 99
44 101
44 104
44 106
44 108
44 113
44 114
44 126
44 131
44 132
44 137
44 139
44 149
44 151
44 155
44 157
44 160
44 169
44 172
44 180
44 182
44 183
44 185
44 193
44 201
44 205
44 206
44 209
44 212
44 224
44 226
44 237
44 243
44 247
44 248
44 249
44 255
44 259
44 261
44 268
44 272
44 276
44 285
44 290
44 297
44 299
44 305
44 329
44 337
44 338
44 340
44 343
44 345
44 346
45 50
45 52
45 53
45 54
45 55
45 56
45 63
45 65
45 67
45 69
45 76
45 77
45 78
45 80
45 82
45 84
45 85
45 90
45 95
45 104
45 107
45 110
45 115
45 122
45 123
45 124
45 126
45 129
45 133
45 139
45 142
45 146
45 151
45 155
45 164
45 178
45 184
45 190
45 194
45 200
45 205
45 223
45 227
45 237
45 243
45 251
45 252
45 254
45 259
45 263
45 278
45 295
45 299
45 339
45 346
46 47
46 49
46 51
46 52
46 53
46 54
46 55
46 58
46 62
46 68
46 77
46 79
46 90
46 92
46 101
46 103
46 104
46 105
46 107
46 108
46 111
46 112
46 115
46 117
46 123
46 128
46 132
46 134
46 139
46 140
46 142
46 144
46 153
46 165
46 171
46 172
46 174
46 191
46 193
46 201
46 214
46 215
46 226
46 230
46 231
46 236
46 238
46 245
46 253
46 255
46 273
46 277
46 288
46 291
46 345
46 346
46 349
47 50
47 55
47 57
47 62
47 64
47 65
47 68
47 70
47 74
47 79
47 81
47 87
47 90
47 100
47 101
47 106
47 109
47 110
47 113
47 117
47 119
47 120
47 121
47 123
47 137
47 138
47 141
47 144
47 150
47 156
47 164
47 167
47 170
47 171
47 180
47 185
47 187
47 195
47 216
47 221
47 227
47 233
47 241
47 244
47 248
47 253
47 254
47 255
47 264
47 269
47 270
47 271
47 272
47 274
47 276
47 288
47 289
47 292
47 293
47 298
47 306
47 320
47 326
47 336
47 339
47 343
47 346
48 50
48 55
48 56
48 58
48 60
48 62
48 63
48 65
48 66
48 67
48 68
48 74
48 76
48 77
48 79
48 80
48 81
48 82
48 83
48 84
48 98
48 101
48 103
48 105
48 108
48 109
48 116
48 118
48 120
48 125
48 128
48 138
48 148
48 150
48 152
48 156
48 161
48 168
48 176
48 187
48 191
48 194
48 196
48 198
48 207
48 213
48 217
48 221
48 226
48 230
48 233
48 241
48 261
48 265
48 267
48 272
48 276
48 277
48 283
48 285
48 290
48 314
48 318
48 319
48 324
48 325
48 330
48 331
48 334
48 342
49 52
49 56
49 66
49 67
49 74
49 76
49 79
49 87
49 96
49 97
49 103
49 112
49 119
49 130
49 131
49 137
49 138
49 139
49 150
49 153
49 155
49 156
49 161
49 163
49 174
49 175
49 176
49 178
49 182
49 189
49 193
49 197
49 198
49 200
49 211
49 213
49 217
49 231
49 235
49 238
49 241
49 251
49 254
49 263
49 271
49 290
49 296
49 300
49 301
49 305
49 316
49 340
49 343
50 51
50 54
50 56
50 59
50 63
50 65
50 70
50 77
50 78
50 79
50 83
50 88
50 93
50 95
50 96
50 99
50 100
50 101
50 122
50 130
50 137
50 146
50 150
50 154
50 156
50 158
50 160
50 168
50 172
50 194
50 197
50 204
50 207
50 210
50 223
50 227
50 230
50 231
50 233
50 235
50 240
50 241
50 248
50 251
50 252
50 255
50 262
50 266
50 268
50 294
50 296
50 299
50 305
50 313
50 318
50 329
50 335
50 346
51 54
51 59
51 60
51 61
51 63
51 64
51 71
51 73
51 74
51 84
51 91
51 99
51 107
51 109
51 114
51 117
51 126
51 127
51 133
51 148
51 149
51 151
51 163
51 183
51 184
51 193
51 220
51 224
51 236
51 239
51 246
51 247
51 250
51 256
51 283
51 287
51 288
51 295
51 300
51 303
51 307
51 308
51 328
51 337
51 341
51 348
52 56
52 58
52 61
52 64
52 65
52 67
52 73
52 76
52 81
52 86
52 87
52 88
52 93
52 95
52 101
52 102
52 107
52 124
52 130
52 133
52 135
52 136
52 140
52 143
52 147
52 156
52 162
52 169
52 177
52 187
52 188
52 191
52 201
52 204
52 209
52 210
52 221
52 248
52 252
52 253
52 257
52 273
52 289
52 308
52 317
52 320
52 324
52 325
52 334
52 339
53 54
53 57
53 59
53 64
53 66
53 67
53 70
53 71
53 72
53 74
53 75
53 76
53 77
53 78
53 79
53 80
53 86
53 91
53 94
53 97
53 98
53 99
53 105
53 106
53 108
53 110
53 111
53 112
53 116
53 119
53 120
53 125
53 129
53 137
53 138
53 145
53 154
53 159
53 163
53 165
53 168
53 169
53 170
53 171
53 176
53 177
53 180
53 181
53 183
53 187
53 189
53 194
53 207
53 210
53 219
53 224
53 233
53 236
53 240
53 242
53 249
53 263
53 264
53 272
53 274
53 277
53 283
53 296
53 304
53 307
53 309
53 319
53 330
53 331
53 342
54 55
54 56
54 62
54 63
54 66
54 67
54 70
54 71
54 77
54 78
54 82
54 84
54 85
54 88
54 89
54 95
54 97
54 100
54 103
54 110
54 112
54 120
54 122
54 125
54 127
54 131
54 132
54 133
54 138
54 140
54 147
54 152
54 157
54 160
54 175
54 182
54 187
54 189
54 194
54 195
54 197
54 208
54 212
54 220
54 222
54 223
54 225
54 227
54 235
54 240
54 241
54 247
54 249
54 260
54 299
54 308
54 319
54 329
54 330
54 332
54 340
54 346
55 58
55 59
55 60
55 62
55 64
55 69
55 76
55 77
55 78
55 80
55 85
55 96
55 97
55 98
55 99
55 101
55 103
55 107
55 115
55 116
55 143
55 146
55 175
55 188
55 193
55 195
55 196
55 209
55 225
55 226
55 231
55 239
55 246
55 249
55 260
55 265
55 267
55 271
55 279
55 281
55 288
55 289
55 325
55 346
56 57
56 58
56 59
56 66
56 68
56 71
56 72
56 74
56 78
56 81
56 86
56 88
56 90
56 93
56 107
56 109
56 112
56 117
56 129
56 134
56 141
56 145
56 147
56 148
56 152
56 154
56 161
56 163
56 169
56 174
56 180
56 193
56 195
56 198
56 200
56 204
56 207
56 208
56 213
56 216
56 226
56 230
56 234
56 247
56 253
56 255
56 264
56 266
56 275
56 281
56 287
56 294
56 304
56 313
56 315
56 320
56 329
56 344
56 346
57 63
57 65
57 67
57 74
57 75
57 81
57 82
57 87
57 88
57 89
57 92
57 93
57 98
57 100
57 102
57 106
57 112
57 113
57 114
57 122
57 126
57 127
57 133
57 137
57 138
57 140
57 146
57 147
57 156
57 166
57 171
57 177
57 183
57 184
57 191
57 192
57 193
57 206
57 210
57 218
57 238
57 239
57 245
57 249
57 250
57 253
57 267
57 269
57 276
57 281
57 296
57 298
57 306
57 310
57 319
57 325
57 327
57 329
57 331
57 333
57 336
57 347
58 62
58 64
58 65
58 69
58 70
58 71
58 85
58 90
58 92
58 93
58 96
58 100
58 102
58 110
58 115
58 116
58 119
58 120
58 121
58 123
58 131
58 144
58 146
58 157
58 159
58 161
58 162
58 175
58 180
58 185
58 197
58 200
58 201
58 209
58 214
58 218
58 220
58 221
58 224
58 254
58 258
58 284
58 290
58 309
58 311
58 320
58 326
58 327
59 63
59 76
59 77
59 78
59 91
59 92
59 94
59 95
59 97
59 100
59 108
59 110
59 114
59 117
59 120
59 125
59 129
59 136
59 143
59 144
59 148
59 151
59 165
59 171
59 172
59 177
59 178
59 203
59 205
59 218
59 225
59 249
59 254
59 261
59 267
59 272
59 279
59 280
59 294
59 298
59 320
59 325
59 326
59 330
59 335
59 336
59 339
59 341
59 345
60 64
60 65
60 67
60 68
60 69
60 70
60 75
60 78
60 79
60 83
60 89
60 90
60 94
60 99
60 101
60 103
60 112
60 114
60 125
60 131
60 132
60 137
60 138
60 139
60 140
60 144
60 149
60 151
60 157
60 160
60 171
60 173
60 181
60 182
60 183
60 185
60 187
60 188
60 200
60 201
60 214
60 215
60 218
60 221
60 222
60 230
60 231
60 238
60 241
60 245
60 248
60 250
60 251
60 254
60 262
60 275
60 280
60 295
60 301
60 303
60 305
60 312
60 313
60 315
60 316
60 330
60 335
60 344
60 349
61 69
61 71
61 72
61 85
61 86
61 87
61 95
61 97
61 99
61 101
61 109
61 110
61 115
61 117
61 126
61 134
61 141
61 182
61 200
61 205
61 210
61 212
61 214
61 226
61 227
61 254
61 266
61 279
61 282
61 289
61 300
61 302
61 304
61 307
61 315
61 322
61 329
61 331
61 340
62 63
62 65
62 69
62 70
62 71
62 74
62 76
62 77
62 87
62 93
62 95
62 98
62 101
62 103
62 106
62 111
62 113
62 119
62 122
62 127
62 128
62 133
62 134
62 139
62 140
62 143
62 160
62 162
62 164
62 170
62 172
62 182
62 194
62 204
62 205
62 208
62 219
62 223
62 228
62 235
62 248
62 249
62 262
62 266
62 271
62 272
62 275
62 283
62 284
62 285
62 287
62 293
62 313
62 320
62 321
62 323
62 326
62 329
62 344
62 346
62 348
63 64
63 66
63 69
63 70
63 72
63 76
63 78
63 80
63 83
63 85
63 86
63 89
63 91
63 93
63 95
63 98
63 99
63 100
63 106
63 107
63 109
63 114
63 115
63 116
63 125
63 131
63 135
63 138
63 144
63 145
63 146
63 147
63 152
63 155
63 156
63 158
63 172
63 178
63 181
63 182
63 183
63 192
63 206
63 210
63 213
63 226
63 227
63 229
63 240
63 241
63 246
63 256
63 260
63 265
63 268
63 273
63 282
63 292
63 301
63 305
63 307
63 308
63 314
63 323
63 328
63 331
63 342
64 65
64 66
64 73
64 76
64 80
64 82
64 83
64 89
64 95
64 96
64 97
64 98
64 102
64 105
64 121
64 122
64 127
64 129
64 131
64 135
64 141
64 142
64 143
64 165
64 172
64 174
64 179
64 180
64 184
64 185
64 189
64 196
64 201
64 208
64 211
64 228
64 232
64 234
64 236
64 238
64 263
64 276
64 291
64 305
64 313
64 314
64 319
64 326
64 338
65 71
65 73
65 93
65 99
65 100
65 102
65 103
65 113
65 118
65 128
65 132
65 135
65 138
65 149
65 172
65 174
65 177
65 181
65 184
65 192
65 202
65 203
65 215
65 222
65 230
65 237
65 241
65 244
65 246
65 257
65 269
65 271
65 278
65 299
65 308
65 310
65 312
65 321
66 67
66 70
66 71
66 74
66 76
66 80
66 99
66 102
66 103
66 114
66 123
66 124
66 125
66 127
66 133
66 134
66 146
66 150
66 151
66 153
66 157
66 163
66 164
66 168
66 180
66 187
66 190
66 191
66 201
66 207
66 209
66 214
66 219
66 220
66 222
66 224
66 228
66 232
66 233
66 236
66 241
66 242
66 252
66 262
66 263
66 275
66 284
66 294
66 299
66 302
66 303
66 313
66 318
66 324
66 327
66 330
66 333
66 345
67 69
67 71
67 75
67 84
67 87
67 91
67 93
67 104
67 106
67 108
67 116
67 123
67 124
67 130
67 132
67 135
67 144
67 145
67 147
67 151
67 158
67 159
67 162
67 169
67 171
67 174
67 178
67 180
67 183
67 186
67 188
67 189
67 199
67 203
67 204
67 209
67 224
67 230
67 231
67 235
67 252
67 273
67 288
67 290
67 305
67 306
67 313
67 328
67 338
67 343
67 347
68 70
68 71
68 73
68 76
68 77
68 81
68 84
68 92
68 94
68 95
68 96
68 99
68 101
68 103
68 114
68 115
68 117
68 118
68 129
68 134
68 136
68 137
68 139
68 142
68 143
68 149
68 152
68 153
68 167
68 172
68 180
68 186
68 190
68 197
68 198
68 199
68 201
68 205
68 207
68 211
68 216
68 226
68 228
68 231
68 256
68 268
68 272
68 283
68 321
68 322
68 331
68 344
68 345
68 348
69 72
69 75
69 80
69 84
69 92
69 97
69 102
69 108
69 119
69 122
69 126
69 130
69 136
69 137
69 142
69 152
69 163
69 166
69 178
69 186
69 193
69 195
69 205
69 208
69 212
69 214
69 215
69 217
69 224
69 226
69 227
69 233
69 234
69 236
69 237
69 238
69 245
69 246
69 247
69 249
69 252
69 255
69 261
69 270
69 273
69 280
69 289
69 299
69 305
69 308
69 310
69 314
69 324
69 328
70 78
70 82
70 90
70 91
70 94
70 97
70 101
70 108
70 111
70 131
70 138
70 140
70 146
70 150
70 164
70 174
70 176
70 178
70 193
70 201
70 214
70 215
70 226
70 234
70 236
70 238
70 240
70 261
70 285
70 290
70 303
70 311
70 323
70 332
70 335
71 77
71 81
71 83
71 88
71 90
71 96
71 97
71 99
71 104
71 125
71 126
71 127
71 128
71 131
71 132
71 138
71 141
71 145
71 150
71 153
71 169
71 176
71 192
71 193
71 199
71 203
71 208
71 238
71 239
71 247
71 250
71 256
71 261
71 265
71 267
71 269
71 270
71 289
71 292
71 296
71 298
71 309
71 328
71 334
71 342
71 347
72 74
72 78
72 79
72 81
72 88
72 90
72 91
72 95
72 100
72 104
72 105
72 108
72 110
72 114
72 115
72 118
72 120
72 121
72 122
72 125
72 128
72 130
72 132
72 135
72 145
72 146
72 150
72 152
72 167
72 170
72 177
72 181
72 189
72 192
72 200
72 203
72 209
72 218
72 223
72 238
72 241
72 248
72 250
72 260
72 288
72 297
72 301
72 303
72 304
72 317
72 329
72 330
72 332
72 334
72 336
72 344
72 346
73 77
73 78
73 80
73 84
73 87
73 105
73 113
73 136
73 143
73 154
73 164
73 171
73 189
73 190
73 197
73 202
73 208
73 215
73 218
73 232
73 265
73 266
73 273
73 276
73 278
73 284
73 313
73 329
73 349
74 76
74 77
74 80
74 81
74 84
74 85
74 93
74 94
74 95
74 98
74 104
74 110
74 112
74 115
74 116
74 123
74 124
74 126
74 139
74 145
74 158
74 161
74 167
74 183
74 185
74 194
74 200
74 212
74 218
74 222
74 226
74 237
74 256
74 280
74 282
74 285
74 286
74 291
74 312
74 317
74 320
74 341
74 345
74 348
74 349
75 80
75 82
75 89
75 92
75 94
75 108
75 113
75 135
75 141
75 142
75 160
75 196
75 198
75 200
75 204
75 206
75 221
75 224
75 232
75 242
75 259
75 278
75 298
75 317
75 319
75 321
75 326
75 337
75 339
75 340
76 85
76 86
76 87
76 91
76 92
76 96
76 97
76 102
76 103
76 104
76 108
76 112
76 114
76 118
76 119
76 122
76 135
76 136
76 138
76 158
76 163
76 165
76 166
76 169
76 172
76 180
76 185
76 196
76 198
76 200
76 202
76 220
76 225
76 226
76 228
76 232
76 244
76 256
76 258
76 266
76 270
76 271
76 274
76 292
76 298
76 300
76 323
76 326
76 330
76 347
77 84
77 85
77 87
77 96
77 104
77 106
77 119
77 121
77 124
77 127
77 133
77 139
77 143
77 148
77 154
77 165
77 175
77 178
77 180
77 185
77 186
77 217
77 220
77 238
77 256
77 258
77 261
77 269
77 280
77 289
77 293
77 305
77 309
77 310
77 312
77 324
77 341
77 346
77 348
78 79
78 85
78 86
78 88
78 95
78 102
78 105
78 113
78 117
78 128
78 133
78 164
78 166
78 173
78 186
78 188
78 191
78 195
78 196
78 211
78 216
78 220
78 232
78 243
78 255
78 263
78 270
78 272
78 276
78 291
78 297
78 331
78 339
79 81
79 82
79 88
79 102
79 105
79 119
79 122
79 124
79 128
79 132
79 137
79 141
79 146
79 158
79 159
79 161
79 167
79 174
79 185
79 191
79 198
79 217
79 228
79 254
79 257
79 267
79 278
79 281
79 301
79 316
79 318
79 319
79 337
79 338
80 81
80 83
80 84
80 86
80 87
80 88
80 91
80 95
80 96
80 103
80 104
80 111
80 114
80 118
80 123
80 130
80 139
80 140
80 143
80 148
80 160
80 162
80 168
80 172
80 176
80 177
80 179
80 183
80 192
80 197
80 228
80 244
80 256
80 262
80 267
80 273
80 279
80 286
80 298
80 308
80 327
80 328
80 336
81 83
81 86
81 88
81 93
81 98
81 103
81 105
81 111
81 112
81 113
81 119
81 122
81 127
81 128
81 129
81 134
81 137
81 142
81 146
81 147
81 149
81 156
81 158
81 161
81 183
81 195
81 199
81 204
81 214
81 218
81 219
81 222
81 227
81 228
81 229
81 236
81 249
81 251
81 253
81 256
81 280
81 288
81 307
81 309
81 335
81 338
82 87
82 107
82 109
82 115
82 135
82 136
82 139
82 152
82 156
82 168
82 174
82 179
82 188
82 192
82 204
82 208
82 227
82 243
82 246
82 249
82 251
82 262
82 287
82 291
82 293
82 305
82 315
82 324
82 335
83 89
83 90
83 91
83 102
83 104
83 106
83 116
83 120
83 133
83 137
83 139
83 140
83 147
83 153
83 154
83 155
83 156
83 165
83 166
83 175
83 180
83 181
83 186
83 189
83 192
83 195
83 202
83 218
83 224
83 243
83 244
83 251
83 271
83 275
83 280
83 284
83 285
83 291
83 292
83 294
83 308
83 311
83 319
83 331
83 335
83 345
84 85
84 86
84 89
84 94
84 110
84 118
84 119
84 121
84 132
84 137
84 139
84 142
84 156
84 160
84 163
84 169
84 170
84 176
84 182
84 185
84 186
84 189
84 202
84 206
84 207
84 208
84 232
84 233
84 252
84 266
84 267
84 269
84 270
84 304
84 313
84 321
84 330
85 91
85 101
85 102
85 107
85 113
85 120
85 124
85 126
85 142
85 146
85 153
85 157
85 158
85 160
85 165
85 170
85 171
85 172
85 177
85 179
85 184
85 218
85 222
85 223
85 227
85 229
85 241
85 262
85 264
85 266
85 278
85 287
85 295
85 335
85 338
85 345
85 349
86 87
86 91
86 102
86 105
86 107
86 117
86 118
86 123
86 125
86 132
86 140
86 142
86 149
86 150
86 161
86 188
86 195
86 198
86 203
86 204
86 209
86 213
86 221
86 226
86 228
86 232
86 245
86 246
86 248
86 252
86 258
86 270
86 274
86 287
86 294
86 312
86 318
86 322
86 345
87 94
87 110
87 115
87 119
87 121
87 122
87 127
87 130
87 133
87 134
87 137
87 148
87 161
87 171
87 173
87 178
87 181
87 187
87 191
87 206
87 211
87 213
87 218
87 225
87 231
87 246
87 248
87 282
87 292
87 294
87 334
88 92
88 93
88 107
88 119
88 125
88 127
88 162
88 166
88 179
88 194
88 210
88 233
88 248
88 283
88 285
88 297
88 302
88 308
88 310
88 326
89 92
89 96
89 104
89 105
89 109
89 113
89 126
89 148
89 152
89 158
89 170
89 189
89 195
89 221
89 226
89 234
89 291
89 319
89 345
90 95
90 97
90 98
90 101
90 102
90 107
90 109
90 123
90 128
90 130
90 133
90 144
90 147
90 154
90 161
90 168
90 175
90 176
90 179
90 182
90 185
90 190
90 198
90 205
90 226
90 234
90 239
90 244
90 248
90 259
90 272
90 274
90 278
90 287
90 299
90 321
90 336
90 345
91 93
91 106
91 107
91 110
91 112
91 116
91 118
91 122
91 127
91 130
91 166
91 173
91 178
91 194
91 196
91 197
91 216
91 231
91 265
91 290
91 341
92 93
92 101
92 113
92 117
92 128
92 132
92 134
92 135
92 138
92 141
92 156
92 157
92 159
92 181
92 184
92 186
92 196
92 205
92 212
92 224
92 227
92 259
92 260
92 262
92 266
92 272
92 298
92 327
92 340
93 104
93 106
93 114
93 123
93 136
93 139
93 146
93 161
93 162
93 163
93 175
93 188
93 197
93 205
93 210
93 215
93 219
93 221
93 225
93 231
93 234
93 236
93 241
93 261
93 263
93 291
93 302
93 304
93 318
93 322
93 326
93 327
93 332
93 341
94 103
94 106
94 109
94 121
94 122
94 124
94 128
94 129
94 138
94 152
94 179
94 187
94 195
94 197
94 198
94 220
94 225
94 247
94 259
94 262
94 264
94 276
94 300
94 312
94 315
94 328
94 334
95 130
95 136
95 147
95 148
95 159
95 170
95 173
95 175
95 194
95 221
95 242
95 249
95 252
95 259
95 286
95 303
95 313
95 336
96 98
96 110
96 115
96 141
96 143
96 149
96 156
96 157
96 164
96 170
96 182
96 191
96 201
96 202
96 203
96 205
96 209
96 216
96 231
96 258
96 260
96 265
96 287
96 296
96 313
96 316
96 335
97 108
97 137
97 145
97 158
97 160
97 173
97 178
97 184
97 207
97 215
97 240
97 279
97 280
97 283
97 311
97 312
97 331
97 332
97 342
97 344
98 101
98 102
98 107
98 126
98 137
98 141
98 147
98 165
98 176
98 184
98 197
98 200
98 207
98 211
98 215
98 226
98 232
98 238
98 241
98 244
98 246
98 267
98 270
98 275
98 278
98 281
98 318
98 337
99 103
99 111
99 112
99 113
99 124
99 150
99 154
99 157
99 158
99 179
99 184
99 189
99 231
99 233
99 242
99 281
99 314
99 335
99 336
99 344
100 123
100 142
100 165
100 167
100 174
100 188
100 202
100 205
100 208
100 235
100 239
100 253
100 259
100 260
100 261
100 264
100 273
100 297
100 298
100 300
100 311
100 317
100 331
101 106
101 111
101 112
101 120
101 129
101 130
101 132
101 133
101 134
101 136
101 148
101 159
101 169
101 195
101 197
101 198
101 203
101 214
101 215
101 224
101 225
101 232
101 233
101 240
101 247
101 253
101 254
101 268
101 289
101 299
101 301
101 315
101 330
101 333
101 336
102 118
102 120
102 121
102 123
102 125
102 128
102 129
102 138
102 144
102 145
102 181
102 187
102 196
102 199
102 202
102 205
102 219
102 229
102 236
102 251
102 257
102 263
102 273
102 275
102 277
102 285
102 292
102 298
102 300
102 301
102 307
102 344
103 106
103 107
103 111
103 115
103 117
103 121
103 122
103 126
103 134
103 135
103 137
103 142
103 146
103 155
103 156
103 159
103 164
103 166
103 168
103 175
103 181
103 184
103 187
103 196
103 206
103 209
103 231
103 242
103 253
103 255
103 258
103 260
103 278
103 282
103 293
103 297
103 298
103 301
103 302
103 305
103 329
103 331
103 337
104 113
104 114
104 141
104 148
104 157
104 158
104 161
104 173
104 180
104 207
104 208
104 216
104 221
104 222
104 233
104 235
104 238
104 239
104 240
104 245
104 247
104 254
104 258
104 263
104 277
104 279
104 292
104 293
104 294
105 109
105 111
105 112
105 120
105 124
105 131
105 148
105 149
105 155
105 173
105 185
105 187
105 189
105 191
105 192
105 225
105 235
105 237
105 250
105 255
105 267
105 272
105 276
105 301
105 307
105 314
106 116
106 118
106 121
106 123
106 130
106 137
106 144
106 149
106 152
106 178
106 183
106 185
106 187
106 203
106 212
106 213
106 220
106 228
106 232
106 246
106 247
106 248
106 249
106 254
106 277
106 284
106 294
106 300
106 304
106 318
106 337
106 339
106 349
107 113
107 114
107 119
107 120
107 144
107 146
107 151
107 153
107 158
107 166
107 179
107 182
107 198
107 208
107 211
107 214
107 218
107 222
107 223
107 232
107 243
107 250
107 255
107 257
107 269
107 275
107 278
107 280
107 314
107 326
107 331
107 337
107 341
108 118
108 124
108 127
108 129
108 133
108 145
108 151
108 162
108 176
108 185
108 192
108 209
108 221
108 222
108 234
108 262
108 265
108 266
108 267
108 305
108 331
108 332
108 334
109 110
109 111
109 112
109 115
109 137
109 139
109 151
109 168
109 172
109 179
109 189
109 191
109 202
109 203
109 212
109 214
109 224
109 225
109 228
109 229
109 237
109 240
109 252
109 300
110 115
110 124
110 126
110 144
110 145
110 148
110 153
110 190
110 199
110 200
110 207
110 215
110 221
110 222
110 252
110 289
110 297
110 302
110 307
110 310
110 344
111 118
111 121
111 125
111 133
111 135
111 150
111 160
111 162
111 167
111 182
111 184
111 189
111 191
111 197
111 211
111 217
111 227
111 228
111 230
111 234
111 237
111 239
111 260
111 264
111 265
111 276
111 277
111 287
111 294
111 303
111 314
111 342
112 121
112 129
112 140
112 144
112 158
112 167
112 173
112 175
112 192
112 213
112 215
112 219
112 253
112 257
112 272
112 289
112 306
112 316
112 342
113 128
113 131
113 133
113 136
113 150
113 155
113 159
113 175
113 201
113 204
113 210
113 211
113 213
113 238
113 258
113 271
113 287
113 290
113 294
113 296
113 300
113 326
113 328
113 349
114 116
114 127
114 139
114 142
114 146
114 152
114 156
114 162
114 163
114 171
114 178
114 192
114 206
114 208
114 219
114 228
114 250
114 251
114 264
114 266
114 267
114 275
114 278
114 282
114 283
114 287
114 295
114 305
114 318
114 326
114 332
114 333
115 117
115 119
115 125
115 127
115 131
115 146
115 159
115 160
115 179
115 199
115 200
115 205
115 208
115 236
115 249
115 256
115 273
115 293
115 299
115 314
115 319
115 338
116 129
116 130
116 132
116 135
116 136
116 150
116 155
116 163
116 204
116 210
116 220
116 251
116 260
116 268
116 270
116 293
116 315
116 347
116 348
117 147
117 157
117 170
117 185
117 187
117 217
117 229
117 239
117 242
117 250
117 253
117 264
117 268
117 275
117 277
117 293
117 301
117 303
117 306
117 307
117 308
117 309
117 324
117 330
117 335
117 342
117 346
118 120
118 121
118 124
118 126
118 127
118 128
118 131
118 132
118 135
118 143
118 148
118 152
118 153
118 169
118 173
118 174
118 178
118 185
118 207
118 211
118 224
118 235
118 261
118 267
118 279
118 298
118 307
118 308
119 126
119 136
119 142
119 152
119 155
119 161
119 170
119 203
119 218
119 224
119 225
119 234
119 244
119 245
119 256
119 286
119 302
119 310
119 336
119 348
120 135
120 136
120 150
120 151
120 153
120 175
120 191
120 194
120 200
120 212
120 217
120 232
120 247
120 252
120 257
120 271
120 282
120 295
120 300
120 307
120 312
120 320
120 331
120 337
121 125
121 135
121 139
121 170
121 180
121 181
121 186
121 193
121 197
121 224
121 249
121 255
121 262
121 265
121 290
121 349
122 124
122 126
122 128
122 136
122 145
122 150
122 172
122 177
122 181
122 187
122 207
122 230
122 233
122 243
122 268
122 284
122 304
122 310
122 329
122 332
122 336
123 152
123 159
123 164
123 169
123 173
123 177
123 186
123 190
123 199
123 207
123 211
123 212
123 232
123 239
123 240
123 264
123 275
123 280
123 294
123 343
124 127
124 133
124 140
124 144
124 146
124 149
124 154
124 157
124 160
124 165
124 173
124 174
124 176
124 179
124 181
124 184
124 190
124 191
124 192
124 204
124 206
124 216
124 228
124 231
124 235
124 237
124 238
124 239
124 243
124 244
124 248
124 259
124 281
124 287
124 292
124 296
124 313
124 325
124 331
124 341
124 348
125 141
125 158
125 177
125 195
125 217
125 222
125 256
125 263
125 295
125 317
125 334
125 340
125 342
125 344
126 127
126 135
126 148
126 172
126 173
126 174
126 177
126 202
126 211
126 225
126 243
126 244
126 247
126 253
126 260
126 261
126 302
126 312
126 322
126 330
126 344
126 346
126 348
127 131
127 140
127 153
127 156
127 160
127 165
127 169
127 188
127 193
127 204
127 212
127 213
127 236
127 247
127 248
127 249
127 253
127 261
127 268
127 270
127 277
127 281
127 283
127 292
127 305
127 310
127 314
127 341
128 129
128 134
128 139
128 141
128 146
128 159
128 160
128 165
128 173
128 175
128 177
128 184
128 188
128 200
128 212
128 219
128 221
128 227
128 229
128 248
128 252
128 256
128 258
128 260
128 264
128 299
128 305
128 306
128 309
128 317
128 331
129 130
129 145
129 153
129 158
129 167
129 172
129 174
129 182
129 185
129 194
129 196
129 203
129 213
129 217
129 222
129 228
129 260
129 291
129 293
129 307
129 321
129 323
129 325
129 337
129 339
130 133
130 134
130 144
130 149
130 165
130 166
130 170
130 177
130 178
130 179
130 180
130 204
130 205
130 212
130 216
130 230
130 237
130 239
130 246
130 250
130 284
130 288
130 289
130 290
130 300
130 319
130 332
130 333
130 344
130 347
131 143
131 144
131 149
131 150
131 158
131 164
131 167
131 176
131 188
131 205
131 212
131 242
131 247
131 251
131 263
131 264
131 271
131 301
131 304
131 323
131 341
131 342
131 347
132 135
132 157
132 175
132 185
132 187
132 199
132 220
132 224
132 250
132 254
132 261
132 269
132 284
132 290
132 292
132 303
132 304
132 316
132 319
132 341
133 145
133 148
133 151
133 152
133 168
133 176
133 184
133 199
133 223
133 233
133 236
133 241
133 245
133 256
133 283
133 286
133 299
133 301
133 303
133 306
133 324
133 347
134 136
134 140
134 141
134 145
134 147
134 148
134 152
134 157
134 159
134 163
134 175
134 193
134 210
134 223
134 225
134 241
134 242
134 253
134 268
134 272
134 273
134 278
134 281
134 287
134 290
134 292
134 298
134 300
134 318
134 329
134 336
135 143
135 151
135 164
135 174
135 177
135 178
135 190
135 194
135 199
135 207
135 211
135 213
135 220
135 227
135 231
135 233
135 237
135 240
135 245
135 249
135 257
135 267
135 271
135 322
135 345
136 139
136 141
136 143
136 154
136 163
136 165
136 175
136 178
136 199
136 203
136 219
136 225
136 233
136 234
136 241
136 242
136 249
136 258
136 276
136 283
136 288
136 297
136 316
136 332
137 141
137 144
137 158
137 163
137 164
137 171
137 174
137 181
137 186
137 187
137 193
137 222
137 230
137 236
137 238
137 243
137 253
137 284
137 288
137 290
137 294
137 313
137 315
137 316
137 322
137 332
137 335
137 336
137 343
137 346
138 140
138 143
138 164
138 191
138 192
138 199
138 202
138 216
138 235
138 250
138 251
138 274
138 281
138 288
138 292
138 297
138 317
138 320
138 328
138 339
138 340
139 148
139 150
139 156
139 163
139 166
139 169
139 198
139 204
139 205
139 215
139 222
139 226
139 227
139 228
139 238
139 245
139 249
139 270
139 276
139 295
139 338
139 344
140 149
140 164
140 174
140 181
140 228
140 245
140 260
140 261
140 263
140 273
140 329
140 339
140 343
141 144
141 153
141 159
141 169
141 195
141 223
141 224
141 229
141 250
141 259
141 262
141 275
141 297
141 325
141 343
142 159
142 194
142 207
142 235
142 252
142 258
142 265
142 272
142 273
142 278
142 285
142 287
142 317
142 325
142 333
143 145
143 154
143 159
143 161
143 173
143 174
143 179
143 190
143 191
143 203
143 211
143 213
143 216
143 218
143 223
143 229
143 231
143 240
143 245
143 262
143 263
143 274
143 297
143 298
143 311
143 330
143 337
144 153
144 154
144 157
144 160
144 162
144 168
144 170
144 171
144 173
144 176
144 185
144 190
144 196
144 208
144 209
144 228
144 229
144 230
144 234
144 241
144 242
144 263
144 269
144 270
144 278
144 287
144 288
144 303
144 311
144 312
144 328
144 331
144 337
144 344
145 147
145 163
145 170
145 172
145 191
145 214
145 220
145 227
145 231
145 254
145 275
145 277
145 287
145 300
145 307
145 309
145 316
145 347
146 151
146 163
146 166
146 172
146 175
146 180
146 228
146 236
146 238
146 251
146 266
146 267
146 269
146 282
146 295
146 296
146 310
146 337
147 148
147 151
147 161
147 166
147 169
147 197
147 206
147 243
147 251
147 252
147 256
147 261
147 282
147 285
147 319
147 329
147 330
147 340
148 161
148 170
148 180
148 184
148 187
148 191
148 203
148 210
148 216
148 221
148 236
148 239
148 247
148 250
148 254
148 256
148 257
148 258
148 268
148 281
148 295
148 307
148 312
148 319
148 325
148 334
149 153
149 154
149 173
149 189
149 198
149 210
149 232
149 243
149 247
149 248
149 269
149 272
149 276
149 284
149 286
149 292
149 322
149 326
149 338
150 153
150 154
150 161
150 162
150 163
150 171
150 177
150 196
150 201
150 213
150 214
150 229
150 234
150 245
150 280
150 291
150 306
150 307
150 315
150 316
150 320
150 331
150 336
150 348
151 152
151 161
151 167
151 176
151 207
151 216
151 222
151 234
151 235
151 245
151 269
151 289
151 337
151 341
152 176
152 187
152 190
152 197
152 280
152 290
152 296
152 321
152 323
152 344
153 155
153 166
153 195
153 202
153 206
153 210
153 213
153 216
153 217
153 237
153 249
153 277
153 289
153 342
154 167
154 168
154 186
154 194
154 195
154 205
154 210
154 223
154 247
154 251
154 265
154 278
154 279
154 281
154 288
154 305
154 308
154 317
154 339
155 179
155 180
155 201
155 212
155 226
155 227
155 288
155 300
155 325
155 335
155 344
156 158
156 164
156 168
156 203
156 211
156 215
156 229
156 232
156 236
156 284
156 294
156 299
156 300
156 318
156 321
157 158
157 182
157 188
157 201
157 216
157 222
157 234
157 236
157 259
157 263
157 268
157 276
157 292
157 303
157 313
157 323
157 336
157 340
157 342
158 162
158 165
158 175
158 191
158 205
158 208
158 217
158 220
158 233
158 242
158 251
158 276
158 331
158 335
158 336
158 343
159 181
159 184
159 190
159 203
159 221
159 223
159 238
159 240
159 250
159 251
159 252
159 255
159 258
159 263
159 294
159 295
159 299
159 309
159 312
159 318
159 319
159 331
159 339
160 162
160 166
160 167
160 194
160 197
160 213
160 214
160 215
160 218
160 231
160 246
160 255
160 260
160 277
160 286
160 308
160 309
160 311
160 314
160 316
160 329
160 334
161 166
161 167
161 171
161 203
161 208
161 215
161 227
161 237
161 241
161 243
161 267
161 285
161 286
161 303
161 312
161 323
161 344
161 346
162 175
162 185
162 189
162 213
162 223
162 224
162 249
162 268
162 269
162 286
162 304
162 309
162 322
163 202
163 207
163 224
163 231
163 245
163 255
163 264
163 304
163 332
164 167
164 182
164 191
164 204
164 207
164 219
164 233
164 257
164 264
164 269
164 281
164 282
164 300
164 333
165 177
165 193
165 211
165 219
165 224
165 226
165 234
165 252
165 262
165 272
165 281
165 348
166 168
166 178
166 193
166 203
166 210
166 218
166 245
166 271
166 293
166 295
166 319
166 321
166 334
167 174
167 182
167 196
167 214
167 219
167 224
167 235
167 237
167 258
167 264
167 272
167 279
167 303
167 310
167 312
167 319
167 320
167 327
168 171
168 179
168 183
168 191
168 218
168 221
168 229
168 237
168 239
168 241
168 243
168 246
168 254
168 258
168 260
168 268
168 281
168 290
168 295
168 298
168 302
168 313
168 315
168 340
169 170
169 172
169 174
169 199
169 268
169 279
169 334
169 339
169 341
170 176
170 186
170 188
170 192
170 195
170 204
170 209
170 235
170 262
170 281
170 326
170 342
171 193
171 199
171 212
171 263
171 265
171 345
171 346
172 177
172 185
172 186
172 194
172 196
172 197
172 200
172 219
172 229
172 242
172 245
172 272
172 273
172 296
172 311
172 335
173 179
173 203
173 213
173 215
173 217
173 228
173 242
173 256
173 259
173 262
173 291
173 292
173 308
173 315
173 320
174 178
174 180
174 181
174 196
174 217
174 246
174 251
174 269
174 270
174 278
174 282
174 285
174 291
174 298
174 331
174 340
175 176
175 179
175 214
175 257
175 265
175 279
175 283
175 306
175 313
176 211
176 216
176 222
176 243
176 246
176 262
176 274
176 297
176 321
176 330
176 340
177 196
177 202
177 219
177 237
177 239
177 259
177 290
177 295
177 299
177 302
177 315
177 322
177 332
177 349
178 205
178 206
178 220
178 227
178 228
178 269
178 300
178 318
178 320
178 327
178 334
178 336
179 203
179 241
179 298
179 303
179 329
179 340
180 182
180 183
180 186
180 187
180 197
180 209
180 232
180 237
180 238
180 246
180 253
180 261
180 270
180 283
180 291
180 299
180 309
180 317
180 329
180 339
180 347
181 187
181 206
181 242
181 254
181 273
181 274
181 282
181 286
181 291
181 293
181 314
181 342
182 199
182 205
182 294
182 297
182 327
182 328
182 330
182 349
183 195
183 210
183 219
183 224
183 244
183 259
183 293
183 331
183 338
184 211
184 230
184 299
184 302
184 309
184 336
184 337
185 187
185 212
185 214
185 220
185 224
185 233
185 239
185 289
185 310
185 320
185 333
185 344
186 194
186 195
186 231
186 244
186 255
186 261
186 266
186 268
186 280
186 299
186 308
186 338
186 344
187 192
187 193
187 195
187 199
187 202
187 216
187 219
187 231
187 232
187 256
187 257
187 284
187 304
187 316
187 324
187 326
187 327
187 330
187 333
187 341
188 201
188 212
188 218
188 233
188 250
188 271
188 295
188 310
188 313
189 193
189 211
189 228
189 230
189 263
189 293
189 315
189 333
190 193
190 199
190 217
190 220
190 222
190 224
190 249
190 255
190 257
190 258
190 278
190 289
190 292
190 319
190 322
190 327
191 198
191 233
191 238
191 253
191 255
191 291
191 299
191 333
192 194
192 195
192 204
192 237
192 244
192 265
192 270
192 286
192 320
192 346
193 197
193 208
193 214
193 219
193 232
193 245
193 267
193 274
193 277
193 304
193 310
193 318
193 319
193 328
193 349
194 222
194 230
194 231
194 257
194 261
194 275
194 283
194 286
194 289
194 306
194 311
194 315
194 316
194 323
194 324
194 334
195 213
195 220
195 221
195 265
195 277
195 281
195 303
195 305
195 322
195 341
196 201
196 202
196 217
196 230
196 262
196 301
196 306
196 325
196 327
196 329
196 336
196 347
197 215
197 217
197 243
197 246
197 250
197 257
197 267
197 274
197 295
197 297
197 307
197 310
197 324
197 327
197 329
198 200
198 206
198 208
198 211
198 217
198 218
198 228
198 229
198 276
198 301
198 304
198 316
199 275
199 285
199 287
199 288
199 298
199 315
199 325
199 336
199 345
200 210
200 223
200 244
200 297
200 324
200 327
201 204
201 209
201 235
201 237
201 266
201 274
201 284
201 309
202 206
202 207
202 219
202 236
202 244
202 253
202 291
202 302
202 308
202 333
203 209
203 213
203 225
203 230
203 232
203 240
203 254
203 276
203 277
203 306
203 318
204 210
204 215
204 221
204 238
204 240
204 256
204 289
204 296
204 305
204 307
204 313
204 318
204 336
204 339
204 347
205 225
205 232
205 234
205 240
205 275
205 289
205 308
205 335
205 337
205 348
205 349
206 209
206 264
206 292
206 304
206 306
206 307
206 319
206 327
206 339
207 233
207 239
207 252
207 255
207 277
207 284
207 290
207 303
207 310
207 311
207 317
207 330
208 217
208 227
208 230
208 241
208 282
208 315
208 337
208 339
209 243
209 274
209 277
209 288
209 300
209 314
210 226
210 237
210 244
210 254
210 255
210 258
210 271
210 277
210 298
210 305
210 319
210 333
210 341
210 345
211 229
211 230
211 244
211 261
211 282
211 286
211 304
211 327
211 335
211 342
212 219
212 223
212 263
212 290
212 295
212 299
212 314
212 315
212 317
212 345
213 230
213 249
213 256
213 275
213 276
213 318
213 330
214 221
214 256
214 264
214 307
214 311
214 312
215 216
215 229
215 230
215 245
215 269
215 276
215 277
215 278
215 282
215 322
215 323
216 218
216 224
216 230
216 242
216 244
216 248
216 260
216 270
216 272
216 284
216 301
216 313
216 347
217 219
217 289
217 296
217 297
217 308
217 315
217 342
217 345
218 248
218 258
218 259
218 266
218 275
218 306
218 307
218 318
219 223
219 225
219 236
219 268
219 279
219 281
219 300
219 321
219 347
220 328
221 238
221 249
221 261
221 270
221 283
221 302
221 319
221 323
221 348
222 229
222 234
222 244
222 274
222 286
222 320
222 325
223 235
223 248
223 254
223 275
223 286
223 317
223 320
223 321
224 250
224 257
224 266
224 287
224 297
224 322
224 327
224 343
224 345
225 259
225 265
225 274
225 279
225 280
225 284
225 298
225 328
226 238
226 265
226 268
226 295
226 296
226 338
227 244
227 245
227 254
227 298
227 329
228 236
228 237
228 246
228 247
228 250
228 270
228 285
228 335
229 245
229 253
229 280
229 324
229 339
230 256
230 260
230 277
230 298
230 309
230 310
230 311
231 246
231 248
231 266
231 313
231 324
231 335
231 343
232 239
232 243
232 246
232 247
232 253
232 258
232 283
232 305
232 326
232 335
232 337
232 342
233 281
233 282
233 290
233 312
234 235
234 247
234 253
234 274
234 278
234 292
235 237
235 275
235 323
236 240
236 278
236 291
236 293
236 294
236 314
237 265
237 292
237 329
237 333
237 335
238 243
238 265
238 271
238 293
238 295
238 297
238 310
238 330
238 349
239 260
239 285
239 287
239 302
239 323
239 345
239 346
240 267
240 273
240 275
240 283
240 306
240 332
240 347
241 248
241 252
241 304
241 323
241 336
241 342
242 246
242 258
242 279
242 286
242 290
242 298
242 329
242 338
242 341
243 257
243 258
243 272
243 285
243 302
243 319
243 324
243 335
243 348
244 251
244 304
244 309
244 312
244 316
244 320
244 325
245 263
245 279
245 321
245 327
245 333
246 259
246 267
246 270
246 283
246 285
246 303
246 316
246 324
246 331
247 279
247 286
247 289
247 295
247 314
247 341
247 348
248 284
249 262
249 274
249 275
249 278
249 311
249 332
250 254
250 271
250 302
251 255
251 334
252 271
252 278
252 309
252 335
253 268
253 321
253 326
253 336
253 339
253 346
253 348
254 272
254 277
254 288
254 291
254 301
254 302
254 323
255 269
255 271
255 284
255 301
255 314
256 258
256 296
256 305
256 309
256 312
256 332
256 346
257 316
257 321
257 339
258 299
258 304
258 325
259 280
259 305
259 309
259 313
260 269
260 273
260 285
260 293
260 316
260 329
260 335
261 262
261 338
262 289
262 293
262 294
262 302
262 311
262 325
262 344
263 267
263 279
263 281
263 328
264 274
264 275
264 288
264 302
264 324
264 326
264 329
265 269
265 281
265 282
265 294
265 297
265 317
265 323
266 278
266 289
266 290
266 306
266 312
266 315
266 336
267 290
267 308
267 328
267 343
268 317
268 324
269 271
269 291
269 293
269 296
269 306
269 312
269 333
269 334
269 339
270 309
271 281
271 318
271 326
271 328
271 342
271 348
272 282
272 303
272 308
272 347
273 274
273 276
273 292
273 316
273 349
274 303
274 318
275 281
275 304
275 305
275 309
275 313
275 324
275 328
275 333
276 332
276 333
277 297
277 318
277 326
277 329
278 293
278 301
278 328
278 339
279 287
279 291
280 296
280 310
280 327
280 338
281 294
281 317
281 334
282 284
282 295
282 340
283 284
283 346
283 347
284 339
284 347
285 304
285 317
285 323
286 321
286 329
286 332
287 288
287 322
287 327
287 328
287 333
287 335
288 320
289 294
289 305
289 310
289 341
290 316
290 340
290 343
291 326
291 348
292 314
292 338
293 338
294 314
294 335
295 338
295 348
296 299
297 299
297 322
297 325
297 326
297 340
297 344
298 310
298 316
298 330
299 311
299 326
299 332
299 333
299 345
300 303
300 314
300 349
301 302
301 307
302 312
303 314
304 306
304 332
305 332
306 325
307 323
307 328
308 313
308 319
308 328
309 324
309 334
310 311
310 313
310 342
311 328
311 343
312 343
313 316
313 318
313 337
313 338
313 340
313 343
314 317
314 324
314 343
316 346
320 349
321 344
322 329
322 347
323 342
324 340
324 348
325 349
327 340
328 330
329 344
330 337
331 332
331 344
332 334
332 338
333 344
333 345
333 346
334 342
335 346
336 338
336 349
342 347
347 349
