0 1
0 2
0 3
0 4
0 5
0 6
0 7
0 8
0 9
0 10
0 11
0 12
0 13
0 14
0 15
0 16
0 17
0 18
0 19
0 20
0 21
0 22
0 23
0 24
0 25
0 26
0 27
0 28
0 29
0 30
0 31
0 32
0 33
0 34
0 35
0 36
0 37
0 38
0 39
0 40
0 41
0 42
0 44
0 45
0 48
0 49
0 50
0 51
0 53
0 54
0 55
0 56
0 57
0 58
0 60
0 61
0 64
0 65
0 66
0 67
0 69
0 70
0 71
0 73
0 74
0 77
0 78
0 79
0 80
0 82
0 84
0 85
0 91
0 92
0 96
0 99
0 100
0 104
0 112
0 114
0 117
0 118
0 121
0 123
0 124
0 129
0 130
0 132
0 133
0 136
0 142
0 143
0 147
0 150
0 153
0 154
0 156
0 161
0 163
0 165
0 166
0 167
0 169
0 170
0 184
0 191
1 2
1 3
1 4
1 5
1 6
1 7
1 8
1 9
1 10
1 11
1 12
1 13
1 14
1 15
1 16
1 17
1 18
1 19
1 20
1 21
1 22
1 23
1 24
1 25
1 26
1 27
1 28
1 29
1 30
1 31
1 32
1 33
1 34
1 36
1 37
1 38
1 41
1 42
1 43
1 45
1 46
1 48
1 49
1 50
1 51
1 52
1 53
1 55
1 56
1 58
1 59
1 62
1 63
1 73
1 76
1 78
1 81
1 83
1 85
1 86
1 88
1 89
1 93
1 94
1 96
1 98
1 100
1 101
1 105
1 107
1 109
1 110
1 118
1 120
1 124
1 127
1 130
1 134
1 135
1 136
1 140
1 141
1 142
1 144
1 146
1 149
1 151
1 153
1 157
1 163
1 165
1 169
1 177
1 179
1 181
1 184
1 188
1 190
1 191
1 192
1 195
2 3
2 4
2 5
2 6
2 7
2 8
2 9
2 10
2 11
2 12
2 13
2 14
2 15
2 16
2 17
2 18
2 19
2 20
2 21
2 22
2 23
2 24
2 25
2 26
2 27
2 28
2 29
2 30
2 32
2 33
2 34
2 35
2 36
2 37
2 39
2 43
2 44
2 47
2 48
2 49
2 50
2 51
2 55
2 56
2 58
2 59
2 61
2 62
2 63
2 64
2 74
2 75
2 78
2 80
2 82
2 83
2 84
2 85
2 86
2 88
2 93
2 94
2 96
2 97
2 110
2 112
2 113
2 117
2 120
2 123
2 124
2 126
2 127
2 133
2 141
2 146
2 154
2 155
2 156
2 161
2 163
2 166
2 172
2 174
2 175
2 176
2 179
2 181
2 184
2 186
2 189
2 190
2 196
3 4
3 5
3 6
3 7
3 8
3 9
3 10
3 11
3 12
3 13
3 14
3 15
3 16
3 17
3 18
3 19
3 20
3 21
3 22
3 23
3 24
3 25
3 26
3 27
3 28
3 29
3 30
3 31
3 32
3 33
3 34
3 35
3 36
3 37
3 38
3 41
3 42
3 43
3 44
3 47
3 48
3 49
3 50
3 57
3 58
3 61
3 63
3 66
3 67
3 68
3 69
3 70
3 71
3 79
3 83
3 87
3 88
3 90
3 92
3 95
3 96
3 98
3 101
3 103
3 106
3 108
3 109
3 111
3 113
3 119
3 121
3 123
3 127
3 129
3 131
3 135
3 136
3 139
3 140
3 141
3 144
3 146
3 147
3 158
3 164
3 169
3 171
3 177
3 186
3 188
4 5
4 6
4 7
4 8
4 9
4 10
4 11
4 12
4 13
4 14
4 15
4 16
4 17
4 18
4 19
4 20
4 21
4 22
4 23
4 24
4 25
4 26
4 27
4 28
4 29
4 30
4 31
4 32
4 33
4 34
4 35
4 36
4 37
4 38
4 39
4 40
4 41
4 42
4 45
4 47
4 50
4 51
4 52
4 55
4 62
4 63
4 65
4 66
4 67
4 68
4 69
4 70
4 73
4 74
4 79
4 80
4 81
4 83
4 85
4 92
4 97
4 104
4 107
4 115
4 116
4 117
4 118
4 122
4 129
4 130
4 132
4 134
4 135
4 136
4 140
4 141
4 144
4 154
4 160
4 165
4 167
4 168
4 169
4 171
4 173
4 175
4 185
4 186
4 190
4 193
4 194
4 196
4 198
5 6
5 7
5 8
5 9
5 10
5 11
5 12
5 13
5 14
5 15
5 16
5 17
5 18
5 19
5 20
5 21
5 22
5 23
5 24
5 25
5 26
5 27
5 28
5 29
5 30
5 31
5 32
5 33
5 34
5 36
5 37
5 38
5 39
5 40
5 41
5 42
5 43
5 45
5 46
5 47
5 50
5 51
5 52
5 53
5 54
5 56
5 57
5 61
5 62
5 63
5 64
5 65
5 67
5 68
5 69
5 71
5 72
5 86
5 87
5 90
5 94
5 97
5 99
5 100
5 101
5 106
5 112
5 115
5 121
5 129
5 131
5 136
5 137
5 138
5 144
5 146
5 156
5 157
5 159
5 160
5 162
5 163
5 171
5 173
5 174
5 178
5 180
5 184
5 186
5 197
5 198
6 7
6 8
6 9
6 10
6 11
6 12
6 13
6 14
6 15
6 16
6 17
6 18
6 19
6 20
6 21
6 22
6 23
6 24
6 25
6 26
6 27
6 28
6 29
6 30
6 31
6 32
6 33
6 34
6 35
6 36
6 37
6 38
6 40
6 42
6 43
6 44
6 45
6 46
6 47
6 48
6 50
6 52
6 53
6 54
6 56
6 57
6 58
6 59
6 60
6 63
6 64
6 66
6 67
6 74
6 76
6 78
6 82
6 83
6 84
6 85
6 86
6 87
6 90
6 92
6 96
6 97
6 100
6 101
6 102
6 103
6 106
6 109
6 112
6 114
6 115
6 117
6 121
6 123
6 126
6 131
6 132
6 143
6 146
6 147
6 160
6 166
6 168
6 172
6 176
6 177
6 179
6 185
6 187
6 188
6 189
6 191
6 195
6 199
7 8
7 9
7 10
7 11
7 12
7 13
7 14
7 15
7 16
7 17
7 18
7 19
7 20
7 21
7 22
7 23
7 24
7 25
7 26
7 27
7 28
7 29
7 30
7 31
7 32
7 33
7 34
7 38
7 39
7 40
7 43
7 44
7 45
7 46
7 47
7 48
7 49
7 50
7 51
7 52
7 53
7 55
7 56
7 57
7 59
7 62
7 63
7 66
7 69
7 70
7 74
7 75
7 77
7 78
7 79
7 81
7 84
7 85
7 87
7 89
7 92
7 93
7 94
7 97
7 102
7 103
7 111
7 112
7 113
7 115
7 116
7 119
7 126
7 132
7 150
7 151
7 153
7 161
7 164
7 167
7 168
7 175
7 178
7 180
7 183
7 185
7 186
7 187
7 193
7 194
7 197
7 198
8 9
8 10
8 11
8 12
8 13
8 14
8 15
8 16
8 17
8 18
8 19
8 20
8 21
8 22
8 23
8 24
8 25
8 26
8 27
8 28
8 29
8 30
8 31
8 32
8 34
8 35
8 36
8 37
8 39
8 40
8 41
8 42
8 43
8 44
8 45
8 46
8 47
8 48
8 50
8 53
8 54
8 55
8 58
8 59
8 62
8 63
8 64
8 68
8 69
8 70
8 71
8 73
8 74
8 79
8 80
8 85
8 86
8 91
8 93
8 96
8 101
8 103
8 104
8 108
8 109
8 118
8 119
8 122
8 123
8 124
8 125
8 129
8 138
8 139
8 145
8 148
8 154
8 156
8 188
8 196
9 10
9 11
9 12
9 13
9 14
9 15
9 16
9 17
9 18
9 19
9 20
9 21
9 22
9 23
9 24
9 25
9 26
9 27
9 28
9 29
9 30
9 31
9 32
9 33
9 34
9 35
9 37
9 38
9 39
9 40
9 42
9 43
9 45
9 47
9 49
9 51
9 52
9 54
9 57
9 60
9 61
9 65
9 68
9 71
9 72
9 76
9 79
9 80
9 83
9 85
9 89
9 90
9 91
9 93
9 95
9 97
9 98
9 99
9 101
9 104
9 105
9 115
9 117
9 118
9 120
9 122
9 126
9 127
9 129
9 130
9 133
9 134
9 135
9 136
9 139
9 141
9 144
9 149
9 151
9 154
9 156
9 157
9 159
9 166
9 168
9 171
9 175
9 176
9 177
9 179
9 182
9 183
9 186
9 188
9 195
9 197
10 11
10 12
10 13
10 14
10 15
10 16
10 17
10 18
10 19
10 20
10 21
10 22
10 23
10 24
10 25
10 26
10 27
10 28
10 29
10 30
10 31
10 32
10 33
10 34
10 35
10 36
10 37
10 38
10 39
10 40
10 41
10 42
10 44
10 45
10 48
10 49
10 52
10 54
10 55
10 56
10 57
10 58
10 60
10 61
10 63
10 64
10 65
10 67
10 69
10 70
10 73
10 74
10 75
10 77
10 81
10 83
10 84
10 85
10 88
10 89
10 92
10 95
10 98
10 105
10 110
10 111
10 116
10 117
10 118
10 120
10 121
10 122
10 124
10 128
10 129
10 130
10 131
10 132
10 133
10 138
10 139
10 140
10 142
10 149
10 153
10 155
10 156
10 159
10 160
10 161
10 163
10 166
10 175
10 177
10 182
10 187
10 191
10 192
10 193
11 12
11 13
11 14
11 15
11 16
11 17
11 18
11 19
11 20
11 21
11 22
11 23
11 24
11 25
11 26
11 27
11 28
11 29
11 31
11 32
11 33
11 34
11 35
11 36
11 37
11 40
11 41
11 43
11 44
11 45
11 46
11 47
11 50
11 51
11 52
11 53
11 54
11 56
11 58
11 59
11 65
11 66
11 70
11 72
11 73
11 76
11 77
11 79
11 80
11 86
11 89
11 90
11 94
11 96
11 98
11 101
11 102
11 103
11 105
11 106
11 107
11 109
11 119
11 126
11 128
11 130
11 133
11 137
11 138
11 142
11 144
11 145
11 146
11 148
11 149
11 158
11 161
11 162
11 166
11 177
11 181
11 183
11 184
11 188
11 191
11 194
11 198
12 13
12 14
12 15
12 16
12 17
12 18
12 19
12 20
12 21
12 22
12 23
12 24
12 25
12 26
12 27
12 28
12 29
12 30
12 31
12 32
12 33
12 34
12 35
12 37
12 38
12 39
12 41
12 42
12 43
12 44
12 45
12 46
12 47
12 48
12 49
12 50
12 51
12 52
12 59
12 60
12 64
12 65
12 67
12 73
12 74
12 76
12 81
12 83
12 84
12 87
12 91
12 92
12 93
12 96
12 97
12 101
12 103
12 107
12 110
12 111
12 120
12 121
12 125
12 128
12 132
12 133
12 138
12 139
12 146
12 149
12 153
12 154
12 161
12 164
12 165
12 166
12 168
12 176
12 181
12 183
12 196
12 199
13 14
13 15
13 16
13 17
13 18
13 19
13 20
13 21
13 22
13 23
13 24
13 25
13 26
13 27
13 28
13 29
13 30
13 31
13 32
13 33
13 35
13 36
13 38
13 39
13 40
13 42
13 43
13 46
13 49
13 50
13 51
13 56
13 57
13 59
13 60
13 63
13 71
13 72
13 75
13 81
13 83
13 84
13 85
13 86
13 89
13 90
13 94
13 96
13 98
13 99
13 100
13 102
13 104
13 106
13 107
13 109
13 114
13 123
13 126
13 127
13 134
13 135
13 139
13 140
13 143
13 145
13 148
13 151
13 158
13 159
13 162
13 170
13 179
13 182
13 184
13 196
14 15
14 16
14 17
14 18
14 19
14 20
14 21
14 22
14 23
14 24
14 25
14 26
14 27
14 28
14 29
14 30
14 31
14 35
14 36
14 38
14 41
14 45
14 46
14 48
14 49
14 52
14 55
14 58
14 59
14 61
14 62
14 64
14 65
14 66
14 68
14 71
14 72
14 74
14 75
14 76
14 78
14 81
14 82
14 85
14 87
14 88
14 89
14 98
14 103
14 104
14 109
14 113
14 114
14 119
14 125
14 126
14 127
14 128
14 129
14 130
14 141
14 142
14 144
14 147
14 149
14 150
14 151
14 154
14 162
14 165
14 167
14 169
14 171
14 179
14 180
14 183
14 184
14 193
14 194
14 195
14 198
15 16
15 17
15 18
15 19
15 20
15 21
15 22
15 23
15 24
15 25
15 26
15 27
15 28
15 29
15 30
15 31
15 32
15 33
15 34
15 36
15 37
15 38
15 39
15 40
15 41
15 42
15 44
15 45
15 46
15 48
15 51
15 53
15 54
15 55
15 56
15 59
15 60
15 61
15 64
15 66
15 67
15 68
15 69
15 70
15 72
15 73
15 74
15 77
15 78
15 79
15 84
15 85
15 86
15 87
15 88
15 89
15 91
15 94
15 95
15 96
15 97
15 99
15 106
15 107
15 108
15 109
15 110
15 111
15 113
15 117
15 121
15 122
15 123
15 126
15 127
15 128
15 131
15 132
15 134
15 135
15 136
15 137
15 138
15 140
15 149
15 151
15 156
15 158
15 164
15 167
15 169
15 170
15 173
15 180
15 182
15 183
15 184
15 191
15 192
15 194
15 196
15 199
16 17
16 18
16 19
16 20
16 21
16 22
16 23
16 24
16 25
16 26
16 27
16 28
16 29
16 30
16 31
16 32
16 33
16 34
16 35
16 36
16 38
16 39
16 41
16 42
16 43
16 46
16 47
16 49
16 50
16 51
16 53
16 55
16 56
16 57
16 59
16 60
16 64
16 65
16 72
16 73
16 74
16 78
16 87
16 96
16 99
16 100
16 103
16 107
16 108
16 111
16 116
16 117
16 120
16 121
16 125
16 126
16 128
16 131
16 132
16 139
16 144
16 145
16 147
16 151
16 152
16 153
16 157
16 160
16 164
16 171
16 172
16 173
16 174
16 175
16 177
16 184
16 189
17 18
17 19
17 20
17 21
17 22
17 23
17 24
17 25
17 26
17 27
17 28
17 29
17 30
17 31
17 32
17 33
17 34
17 35
17 36
17 37
17 38
17 39
17 40
17 41
17 42
17 43
17 45
17 47
17 50
17 52
17 53
17 54
17 56
17 57
17 58
17 59
17 60
17 61
17 62
17 63
17 65
17 66
17 67
17 68
17 70
17 73
17 74
17 75
17 76
17 77
17 79
17 84
17 86
17 93
17 96
17 97
17 101
17 103
17 108
17 110
17 114
17 115
17 116
17 118
17 119
17 127
17 130
17 132
17 133
17 135
17 143
17 144
17 145
17 147
17 153
17 154
17 159
17 160
17 161
17 165
17 166
17 176
17 183
17 186
17 187
18 19
18 20
18 21
18 22
18 23
18 24
18 25
18 26
18 27
18 28
18 29
18 30
18 31
18 32
18 33
18 34
18 35
18 36
18 37
18 39
18 40
18 41
18 43
18 45
18 48
18 49
18 50
18 51
18 53
18 55
18 56
18 58
18 62
18 63
18 66
18 68
18 72
18 76
18 78
18 79
18 80
18 83
18 85
18 86
18 89
18 94
18 97
18 99
18 100
18 105
18 109
18 111
18 112
18 114
18 118
18 125
18 127
18 128
18 133
18 151
18 152
18 155
18 159
18 163
18 167
18 171
18 173
18 176
18 178
18 181
18 183
18 187
18 188
18 190
18 191
18 196
19 20
19 21
19 22
19 23
19 24
19 25
19 26
19 27
19 28
19 29
19 30
19 31
19 32
19 33
19 34
19 35
19 36
19 37
19 39
19 44
19 45
19 46
19 47
19 48
19 49
19 51
19 55
19 57
19 63
19 71
19 73
19 77
19 78
19 81
19 87
19 91
19 92
19 95
19 98
19 101
19 104
19 105
19 106
19 108
19 111
19 112
19 117
19 119
19 130
19 131
19 134
19 141
19 152
19 156
19 166
19 174
19 180
19 199
20 21
20 22
20 23
20 24
20 25
20 26
20 27
20 28
20 29
20 30
20 31
20 32
20 33
20 34
20 35
20 36
20 37
20 42
20 43
20 44
20 46
20 47
20 50
20 51
20 52
20 57
20 58
20 59
20 60
20 62
20 63
20 66
20 67
20 68
20 69
20 70
20 75
20 76
20 78
20 83
20 84
20 85
20 88
20 90
20 91
20 92
20 101
20 102
20 104
20 107
20 108
20 110
20 112
20 116
20 118
20 121
20 123
20 125
20 127
20 133
20 134
20 137
20 142
20 144
20 150
20 152
20 157
20 164
20 165
20 175
20 179
20 182
20 183
20 185
20 192
20 193
20 195
20 199
21 22
21 23
21 24
21 25
21 26
21 27
21 28
21 29
21 30
21 31
21 32
21 34
21 35
21 36
21 37
21 38
21 39
21 43
21 44
21 45
21 47
21 53
21 55
21 56
21 57
21 63
21 65
21 67
21 68
21 73
21 74
21 77
21 79
21 84
21 87
21 88
21 90
21 92
21 94
21 97
21 98
21 103
21 106
21 108
21 110
21 111
21 112
21 115
21 117
21 121
21 122
21 125
21 129
21 134
21 136
21 137
21 139
21 140
21 143
21 145
21 150
21 154
21 159
21 161
21 162
21 165
21 169
21 170
21 174
21 175
21 176
21 180
21 185
21 186
21 191
22 23
22 24
22 25
22 26
22 27
22 28
22 29
22 30
22 31
22 32
22 33
22 34
22 35
22 37
22 38
22 41
22 43
22 44
22 45
22 49
22 51
22 53
22 54
22 58
22 59
22 60
22 61
22 62
22 67
22 75
22 77
22 81
22 87
22 90
22 91
22 94
22 97
22 99
22 100
22 103
22 104
22 105
22 107
22 108
22 110
22 112
22 113
22 119
22 121
22 122
22 123
22 126
22 132
22 134
22 137
22 138
22 143
22 144
22 147
22 148
22 154
22 162
22 179
22 181
22 198
23 24
23 25
23 26
23 27
23 28
23 29
23 30
23 31
23 32
23 33
23 35
23 37
23 38
23 39
23 40
23 41
23 42
23 43
23 44
23 46
23 48
23 49
23 51
23 52
23 53
23 55
23 63
23 64
23 65
23 66
23 67
23 69
23 71
23 72
23 79
23 81
23 82
23 84
23 86
23 89
23 90
23 91
23 94
23 95
23 99
23 104
23 105
23 107
23 110
23 118
23 123
23 129
23 131
23 132
23 134
23 137
23 142
23 148
23 151
23 159
23 162
23 163
23 164
23 173
23 175
23 176
23 180
23 181
23 182
23 191
23 197
23 198
24 25
24 26
24 27
24 28
24 29
24 30
24 31
24 32
24 33
24 36
24 38
24 39
24 40
24 41
24 42
24 43
24 46
24 47
24 48
24 49
24 51
24 52
24 53
24 54
24 58
24 62
24 64
24 65
24 68
24 69
24 71
24 72
24 73
24 77
24 78
24 82
24 84
24 85
24 86
24 88
24 89
24 92
24 93
24 94
24 95
24 96
24 98
24 102
24 103
24 105
24 106
24 114
24 116
24 117
24 120
24 121
24 122
24 128
24 129
24 134
24 138
24 142
24 143
24 144
24 146
24 152
24 153
24 156
24 157
24 166
24 169
24 171
24 172
24 173
24 182
24 184
24 186
24 189
24 192
24 197
24 198
25 26
25 27
25 28
25 29
25 30
25 31
25 32
25 33
25 34
25 35
25 37
25 38
25 39
25 40
25 42
25 43
25 44
25 45
25 46
25 48
25 49
25 51
25 54
25 57
25 59
25 60
25 61
25 62
25 64
25 66
25 67
25 69
25 70
25 75
25 77
25 78
25 81
25 82
25 88
25 91
25 92
25 95
25 98
25 103
25 104
25 106
25 108
25 111
25 112
25 114
25 116
25 119
25 120
25 122
25 125
25 130
25 131
25 134
25 136
25 139
25 140
25 143
25 156
25 159
25 162
25 165
25 168
25 169
25 170
25 174
25 176
25 180
25 181
25 185
25 187
25 188
25 189
25 190
25 191
25 197
26 27
26 28
26 29
26 30
26 31
26 32
26 33
26 34
26 35
26 36
26 37
26 38
26 39
26 40
26 41
26 44
26 46
26 47
26 48
26 50
26 51
26 52
26 53
26 54
26 57
26 58
26 61
26 62
26 64
26 68
26 70
26 72
26 75
26 76
26 77
26 78
26 79
26 82
26 83
26 84
26 85
26 86
26 87
26 88
26 89
26 90
26 92
26 93
26 96
26 102
26 106
26 108
26 112
26 113
26 117
26 118
26 119
26 120
26 125
26 127
26 129
26 131
26 133
26 135
26 138
26 142
26 145
26 146
26 154
26 157
26 161
26 162
26 163
26 169
26 171
26 172
26 173
26 174
26 178
26 180
26 192
26 198
27 28
27 29
27 30
27 36
27 39
27 40
27 41
27 44
27 45
27 46
27 47
27 52
27 54
27 55
27 56
27 58
27 60
27 61
27 65
27 66
27 70
27 71
27 72
27 73
27 74
27 76
27 78
27 83
27 89
27 93
27 94
27 95
27 98
27 105
27 112
27 114
27 122
27 123
27 127
27 129
27 130
27 138
27 144
27 148
27 149
27 155
27 157
27 159
27 160
27 162
27 167
27 169
27 172
27 183
27 189
27 196
28 29
28 30
28 31
28 32
28 33
28 34
28 35
28 36
28 37
28 38
28 39
28 40
28 41
28 42
28 43
28 44
28 45
28 46
28 47
28 48
28 50
28 51
28 52
28 53
28 54
28 56
28 61
28 62
28 63
28 64
28 65
28 66
28 67
28 68
28 69
28 70
28 72
28 74
28 75
28 77
28 78
28 79
28 81
28 83
28 84
28 86
28 88
28 91
28 93
28 95
28 99
28 101
28 105
28 109
28 111
28 112
28 115
28 117
28 122
28 124
28 129
28 137
28 138
28 140
28 142
28 143
28 144
28 145
28 146
28 147
28 148
28 149
28 152
28 155
28 156
28 158
28 162
28 166
28 168
28 169
28 170
28 171
28 172
28 176
28 180
28 181
28 186
28 187
28 188
28 194
28 197
29 30
29 31
29 32
29 33
29 34
29 35
29 37
29 38
29 39
29 40
29 41
29 42
29 44
29 45
29 46
29 48
29 49
29 50
29 55
29 56
29 57
29 58
29 59
29 61
29 62
29 63
29 64
29 68
29 72
29 73
29 74
29 76
29 80
29 83
29 84
29 87
29 88
29 91
29 92
29 93
29 97
29 99
29 103
29 104
29 105
29 106
29 111
29 115
29 117
29 123
29 125
29 127
29 130
29 131
29 133
29 136
29 139
29 141
29 144
29 145
29 147
29 149
29 151
29 152
29 154
29 159
29 163
29 169
29 171
29 175
29 176
29 181
29 182
29 185
29 189
29 193
29 199
30 31
30 32
30 33
30 34
30 35
30 36
30 37
30 40
30 41
30 42
30 43
30 46
30 47
30 48
30 49
30 53
30 54
30 57
30 63
30 64
30 66
30 70
30 73
30 77
30 78
30 79
30 80
30 81
30 82
30 83
30 88
30 90
30 91
30 92
30 94
30 95
30 96
30 101
30 102
30 106
30 107
30 109
30 111
30 116
30 119
30 121
30 124
30 125
30 131
30 135
30 136
30 138
30 139
30 140
30 146
30 147
30 148
30 157
30 159
30 161
30 162
30 166
30 167
30 172
30 175
30 177
30 178
30 181
30 182
30 188
30 192
30 194
30 196
31 33
31 34
31 35
31 36
31 38
31 39
31 42
31 44
31 47
31 48
31 51
31 52
31 58
31 62
31 64
31 65
31 66
31 69
31 71
31 72
31 74
31 75
31 80
31 86
31 87
31 90
31 93
31 94
31 95
31 99
31 104
31 108
31 114
31 118
31 119
31 121
31 123
31 126
31 127
31 128
31 132
31 134
31 136
31 142
31 153
31 155
31 157
31 165
31 166
31 170
31 182
31 186
31 187
31 193
31 199
32 33
32 34
32 35
32 36
32 37
32 40
32 41
32 42
32 44
32 45
32 49
32 50
32 51
32 53
32 55
32 57
32 58
32 59
32 60
32 64
32 66
32 68
32 69
32 70
32 71
32 74
32 77
32 83
32 84
32 86
32 88
32 89
32 91
32 95
32 103
32 105
32 107
32 108
32 112
32 113
32 114
32 116
32 118
32 120
32 122
32 126
32 127
32 128
32 136
32 137
32 138
32 145
32 149
32 154
32 155
32 160
32 163
32 164
32 169
32 170
32 172
32 178
32 184
32 191
32 195
32 199
33 34
33 35
33 36
33 37
33 38
33 40
33 41
33 42
33 43
33 45
33 46
33 47
33 48
33 52
33 56
33 57
33 58
33 59
33 61
33 64
33 65
33 66
33 68
33 70
33 72
33 73
33 76
33 77
33 78
33 79
33 80
33 81
33 86
33 87
33 90
33 91
33 95
33 98
33 102
33 105
33 113
33 130
33 133
33 134
33 137
33 138
33 143
33 146
33 147
33 150
33 152
33 154
33 155
33 156
33 161
33 162
33 165
33 170
33 171
33 172
33 173
33 175
33 178
33 179
33 181
33 182
33 183
33 188
33 190
33 198
34 35
34 36
34 38
34 39
34 40
34 41
34 43
34 44
34 46
34 48
34 49
34 53
34 54
34 55
34 60
34 61
34 63
34 65
34 72
34 73
34 74
34 75
34 76
34 87
34 88
34 89
34 92
34 95
34 96
34 97
34 100
34 108
34 115
34 123
34 125
34 144
34 145
34 146
34 149
34 166
34 169
34 178
34 188
34 195
34 197
35 36
35 37
35 38
35 39
35 40
35 41
35 43
35 44
35 50
35 55
35 57
35 58
35 59
35 62
35 65
35 68
35 70
35 72
35 73
35 83
35 85
35 99
35 102
35 105
35 114
35 115
35 118
35 119
35 121
35 131
35 132
35 135
35 141
35 143
35 147
35 153
35 155
35 161
35 178
35 180
35 186
35 192
35 199
36 37
36 38
36 39
36 40
36 41
36 42
36 44
36 45
36 46
36 47
36 48
36 50
36 52
36 56
36 59
36 60
36 62
36 63
36 64
36 65
36 66
36 67
36 69
36 71
36 72
36 74
36 75
36 77
36 79
36 81
36 82
36 83
36 84
36 85
36 87
36 89
36 90
36 91
36 92
36 94
36 97
36 100
36 104
36 105
36 112
36 114
36 115
36 118
36 120
36 122
36 124
36 127
36 130
36 132
36 136
36 139
36 140
36 142
36 148
36 157
36 165
36 167
36 170
36 178
36 180
36 182
36 183
36 184
36 185
36 187
36 190
36 194
36 199
37 38
37 39
37 40
37 41
37 42
37 43
37 45
37 48
37 49
37 50
37 51
37 53
37 55
37 56
37 58
37 65
37 66
37 69
37 72
37 75
37 77
37 80
37 82
37 84
37 87
37 88
37 91
37 93
37 100
37 108
37 109
37 115
37 117
37 121
37 122
37 126
37 135
37 137
37 142
37 153
37 163
37 167
37 170
37 171
37 172
37 178
37 188
37 191
37 192
37 195
37 199
38 39
38 40
38 41
38 42
38 46
38 47
38 48
38 49
38 50
38 52
38 53
38 54
38 55
38 56
38 59
38 60
38 63
38 70
38 71
38 73
38 74
38 76
38 77
38 85
38 88
38 90
38 91
38 93
38 107
38 112
38 113
38 116
38 124
38 126
38 128
38 140
38 148
38 157
38 164
38 166
38 167
38 178
38 180
38 181
38 183
38 195
38 196
39 40
39 42
39 44
39 46
39 51
39 53
39 54
39 55
39 56
39 62
39 63
39 64
39 66
39 68
39 69
39 71
39 72
39 78
39 80
39 86
39 87
39 88
39 89
39 90
39 99
39 101
39 104
39 106
39 108
39 114
39 115
39 126
39 128
39 129
39 130
39 132
39 138
39 142
39 145
39 148
39 156
39 159
39 160
39 161
39 169
39 170
39 174
39 178
39 181
39 188
39 195
39 197
40 43
40 44
40 45
40 46
40 47
40 48
40 49
40 53
40 55
40 56
40 57
40 58
40 59
40 60
40 62
40 64
40 65
40 66
40 67
40 69
40 77
40 80
40 82
40 84
40 88
40 94
40 98
40 103
40 112
40 113
40 116
40 117
40 126
40 131
40 132
40 142
40 145
40 147
40 150
40 151
40 154
40 156
40 157
40 158
40 160
40 163
40 168
40 172
40 174
40 182
40 186
40 190
40 195
41 42
41 43
41 44
41 45
41 50
41 51
41 52
41 54
41 56
41 57
41 59
41 63
41 64
41 65
41 66
41 67
41 68
41 71
41 72
41 76
41 79
41 81
41 83
41 88
41 97
41 99
41 107
41 110
41 112
41 114
41 115
41 118
41 119
41 120
41 127
41 128
41 133
41 136
41 137
41 138
41 140
41 143
41 145
41 151
41 154
41 157
41 160
41 171
41 172
41 174
41 175
41 179
41 181
41 182
41 185
41 187
41 188
41 189
41 193
41 194
41 197
42 43
42 46
42 47
42 48
42 50
42 55
42 57
42 59
42 67
42 69
42 75
42 76
42 82
42 87
42 88
42 92
42 95
42 96
42 97
42 101
42 102
42 106
42 109
42 113
42 115
42 120
42 125
42 126
42 128
42 136
42 146
42 152
42 153
42 158
42 165
42 174
42 180
43 44
43 46
43 47
43 48
43 49
43 52
43 54
43 56
43 58
43 59
43 60
43 61
43 69
43 70
43 75
43 80
43 85
43 94
43 95
43 103
43 105
43 109
43 111
43 112
43 113
43 122
43 124
43 129
43 136
43 137
43 140
43 148
43 152
43 156
43 159
43 161
43 169
43 170
43 176
43 190
43 193
44 45
44 47
44 49
44 52
44 54
44 55
44 59
44 60
44 61
44 64
44 66
44 67
44 68
44 71
44 72
44 73
44 75
44 76
44 77
44 78
44 84
44 85
44 91
44 94
44 99
44 106
44 110
44 113
44 114
44 117
44 120
44 124
44 131
44 135
44 139
44 146
44 148
44 153
44 158
44 159
44 162
44 168
44 175
44 180
44 181
44 185
44 189
44 190
44 197
45 47
45 49
45 50
45 52
45 53
45 56
45 58
45 59
45 61
45 62
45 63
45 65
45 66
45 67
45 68
45 70
45 72
45 75
45 80
45 81
45 86
45 87
45 90
45 92
45 95
45 96
45 97
45 98
45 101
45 103
45 109
45 110
45 112
45 113
45 115
45 116
45 118
45 121
45 122
45 125
45 139
45 141
45 146
45 148
45 149
45 150
45 153
45 156
45 164
45 166
45 174
45 177
45 186
45 188
45 189
45 193
45 197
45 198
46 49
46 50
46 54
46 55
46 56
46 57
46 58
46 61
46 68
46 71
46 73
46 74
46 75
46 77
46 79
46 80
46 81
46 82
46 84
46 85
46 93
46 96
46 101
46 102
46 104
46 107
46 108
46 109
46 111
46 113
46 115
46 125
46 132
46 137
46 142
46 145
46 147
46 148
46 150
46 158
46 161
46 163
46 165
46 166
46 167
46 169
46 176
46 181
46 188
46 192
46 196
47 49
47 51
47 52
47 54
47 56
47 57
47 62
47 64
47 67
47 68
47 69
47 74
47 80
47 85
47 87
47 89
47 91
47 93
47 95
47 99
47 102
47 106
47 110
47 114
47 120
47 123
47 127
47 131
47 134
47 135
47 137
47 143
47 147
47 157
47 158
47 165
47 166
47 172
47 178
47 183
47 185
47 186
47 187
47 188
47 192
47 196
48 51
48 52
48 53
48 54
48 55
48 60
48 61
48 67
48 69
48 70
48 71
48 74
48 75
48 76
48 80
48 81
48 83
48 87
48 89
48 96
48 101
48 105
48 107
48 108
48 109
48 115
48 124
48 125
48 134
48 144
48 148
48 153
48 162
48 164
48 170
48 176
48 177
48 180
48 187
48 193
48 198
48 199
49 50
49 52
49 54
49 57
49 58
49 61
49 62
49 63
49 67
49 70
49 71
49 78
49 80
49 81
49 88
49 89
49 91
49 94
49 97
49 98
49 103
49 107
49 109
49 110
49 117
49 120
49 124
49 128
49 129
49 130
49 133
49 134
49 140
49 151
49 154
49 155
49 163
49 164
49 166
49 170
49 173
49 195
49 196
50 51
50 52
50 53
50 54
50 56
50 58
50 60
50 63
50 65
50 67
50 69
50 71
50 75
50 78
50 79
50 82
50 83
50 85
50 91
50 92
50 100
50 101
50 102
50 105
50 107
50 108
50 112
50 117
50 118
50 119
50 122
50 126
50 128
50 130
50 131
50 133
50 135
50 140
50 142
50 151
50 156
50 158
50 159
50 161
50 165
50 168
50 182
50 183
50 187
50 197
51 53
51 54
51 59
51 60
51 61
51 62
51 63
51 64
51 69
51 70
51 78
51 79
51 80
51 82
51 90
51 92
51 93
51 96
51 98
51 100
51 101
51 111
51 116
51 124
51 125
51 126
51 138
51 141
51 148
51 149
51 153
51 155
51 156
51 160
51 161
51 163
51 164
51 167
51 180
51 185
51 189
51 192
51 193
52 53
52 54
52 55
52 57
52 58
52 60
52 61
52 63
52 65
52 67
52 78
52 80
52 91
52 96
52 97
52 102
52 110
52 112
52 114
52 115
52 116
52 136
52 137
52 140
52 153
52 160
52 164
52 176
52 183
52 188
52 198
53 55
53 57
53 60
53 67
53 68
53 72
53 75
53 76
53 80
53 81
53 82
53 87
53 89
53 97
53 98
53 99
53 103
53 104
53 107
53 117
53 120
53 131
53 142
53 146
53 165
53 170
53 171
53 194
53 196
54 60
54 62
54 66
54 67
54 71
54 72
54 77
54 79
54 80
54 81
54 82
54 83
54 84
54 86
54 88
54 89
54 90
54 91
54 93
54 96
54 97
54 98
54 99
54 100
54 105
54 107
54 108
54 109
54 113
54 115
54 116
54 122
54 124
54 127
54 130
54 132
54 133
54 137
54 140
54 144
54 148
54 149
54 152
54 155
54 156
54 160
54 172
54 174
54 175
54 184
54 193
55 57
55 60
55 61
55 64
55 68
55 72
55 74
55 75
55 77
55 79
55 80
55 81
55 91
55 95
55 103
55 107
55 113
55 116
55 123
55 124
55 135
55 136
55 148
55 150
55 161
55 162
55 166
55 171
55 184
56 60
56 61
56 71
56 72
56 84
56 85
56 94
56 102
56 107
56 119
56 130
56 140
56 158
56 171
56 179
56 180
56 185
56 193
56 199
57 59
57 60
57 62
57 65
57 69
57 74
57 81
57 82
57 87
57 93
57 95
57 98
57 99
57 101
57 103
57 111
57 113
57 118
57 123
57 124
57 125
57 126
57 137
57 141
57 142
57 150
57 159
57 167
57 170
57 173
57 190
57 194
58 61
58 66
58 67
58 69
58 74
58 79
58 82
58 83
58 91
58 92
58 106
58 111
58 115
58 116
58 119
58 125
58 139
58 141
58 146
58 157
58 161
58 162
58 168
58 169
58 193
58 198
59 65
59 66
59 84
59 85
59 88
59 92
59 93
59 97
59 98
59 100
59 101
59 103
59 113
59 119
59 124
59 128
59 137
59 139
59 141
59 144
59 147
59 152
59 155
59 165
59 170
59 174
59 175
59 176
59 177
59 178
59 187
59 193
59 194
60 61
60 62
60 73
60 75
60 76
60 78
60 79
60 81
60 83
60 86
60 90
60 92
60 94
60 98
60 104
60 106
60 112
60 115
60 119
60 123
60 129
60 132
60 134
60 149
60 150
60 151
60 152
60 157
60 161
60 170
60 172
60 197
60 198
61 62
61 64
61 69
61 71
61 75
61 76
61 95
61 99
61 103
61 105
61 106
61 109
61 113
61 116
61 119
61 120
61 125
61 126
61 127
61 128
61 133
61 139
61 141
61 142
61 157
61 158
61 162
61 163
61 175
61 176
61 177
61 178
61 184
61 188
61 190
61 196
62 71
62 77
62 78
62 86
62 88
62 100
62 102
62 103
62 108
62 114
62 124
62 125
62 130
62 143
62 149
62 150
62 152
62 160
62 170
62 185
62 191
63 65
63 68
63 71
63 72
63 73
63 75
63 76
63 77
63 78
63 79
63 80
63 82
63 86
63 90
63 93
63 98
63 99
63 104
63 105
63 111
63 113
63 120
63 121
63 128
63 138
63 140
63 153
63 163
63 165
63 166
63 176
63 178
63 185
63 188
63 189
63 191
63 197
64 68
64 70
64 77
64 78
64 82
64 93
64 96
64 102
64 103
64 106
64 110
64 114
64 119
64 122
64 135
64 137
64 146
64 152
64 155
64 164
64 167
64 175
64 187
64 189
64 195
64 196
65 69
65 70
65 73
65 76
65 79
65 80
65 82
65 95
65 96
65 99
65 104
65 105
65 109
65 111
65 113
65 115
65 117
65 121
65 135
65 136
65 140
65 150
65 154
65 158
65 160
65 167
65 171
65 177
65 183
65 185
65 191
65 193
65 196
66 70
66 71
66 73
66 80
66 87
66 89
66 98
66 123
66 125
66 126
66 129
66 131
66 133
66 139
66 143
66 147
66 151
66 156
66 168
66 181
66 185
66 188
66 192
66 193
67 68
67 70
67 73
67 76
67 77
67 81
67 95
67 101
67 104
67 118
67 122
67 123
67 129
67 135
67 147
67 150
67 162
67 163
67 177
67 196
67 199
68 70
68 74
68 90
68 101
68 102
68 104
68 108
68 116
68 122
68 123
68 126
68 141
68 155
68 168
68 179
68 182
68 184
68 187
68 194
68 197
69 75
69 83
69 84
69 92
69 96
69 98
69 101
69 106
69 121
69 123
69 129
69 135
69 137
69 141
69 144
69 155
69 161
69 164
69 175
69 176
69 194
69 196
70 71
70 75
70 81
70 82
70 87
70 89
70 98
70 100
70 101
70 102
70 104
70 112
70 124
70 126
70 130
70 134
70 144
70 145
70 146
70 149
70 153
70 160
70 168
70 169
70 171
70 173
70 176
70 198
71 73
71 76
71 81
71 82
71 83
71 84
71 89
71 94
71 100
71 101
71 104
71 106
71 108
71 110
71 113
71 120
71 125
71 129
71 139
71 145
71 149
71 151
71 164
71 173
71 177
71 179
71 180
71 182
71 194
72 73
72 78
72 80
72 86
72 87
72 99
72 100
72 106
72 107
72 124
72 125
72 136
72 142
72 148
72 155
72 156
72 177
72 180
72 183
73 74
73 76
73 86
73 90
73 92
73 109
73 114
73 116
73 118
73 119
73 123
73 136
73 137
73 146
73 147
73 154
73 157
73 160
73 162
73 174
73 186
73 187
74 76
74 77
74 81
74 83
74 85
74 86
74 87
74 88
74 89
74 91
74 94
74 99
74 100
74 102
74 106
74 108
74 109
74 123
74 131
74 132
74 133
74 143
74 145
74 148
74 150
74 158
74 160
74 166
74 170
74 178
74 179
74 191
74 198
74 199
75 76
75 88
75 92
75 99
75 106
75 121
75 125
75 130
75 131
75 158
75 167
75 171
75 172
75 177
75 178
75 179
75 180
75 187
75 190
75 192
75 197
75 199
76 85
76 86
76 94
76 96
76 102
76 115
76 117
76 135
76 146
76 155
76 158
76 184
76 187
76 192
77 79
77 89
77 93
77 97
77 104
77 105
77 108
77 120
77 135
77 142
77 157
77 162
77 164
77 169
77 179
77 185
77 190
77 199
78 79
78 82
78 84
78 95
78 101
78 105
78 112
78 114
78 116
78 133
78 134
78 135
78 137
78 140
78 151
78 158
78 161
78 167
78 174
78 192
79 82
79 89
79 91
79 93
79 98
79 100
79 117
79 122
79 128
79 132
79 137
79 143
79 165
79 176
79 187
79 190
79 193
79 194
79 197
80 82
80 83
80 84
80 88
80 90
80 93
80 94
80 98
80 100
80 109
80 110
80 111
80 115
80 116
80 117
80 127
80 130
80 132
80 143
80 149
80 155
80 159
80 160
80 162
80 163
80 167
80 186
80 195
80 198
80 199
81 82
81 100
81 102
81 115
81 118
81 119
81 126
81 128
81 134
81 141
81 148
81 150
81 159
81 189
81 190
81 193
82 86
82 90
82 97
82 98
82 99
82 108
82 127
82 128
82 140
82 162
82 164
82 184
83 85
83 90
83 93
83 97
83 99
83 102
83 103
83 104
83 109
83 114
83 124
83 130
83 131
83 139
83 144
83 150
83 157
83 167
83 168
83 175
83 179
83 184
83 185
83 186
83 189
84 90
84 91
84 97
84 104
84 114
84 119
84 120
84 121
84 134
84 137
84 148
84 149
84 150
84 152
84 158
84 160
84 163
84 164
84 179
84 180
84 187
84 196
85 86
85 105
85 107
85 110
85 118
85 120
85 132
85 135
85 138
85 139
85 141
85 151
85 152
85 155
85 157
85 165
85 168
85 169
85 172
85 179
85 187
86 89
86 92
86 105
86 109
86 110
86 111
86 117
86 118
86 120
86 122
86 133
86 144
86 146
86 151
86 157
86 159
86 194
87 94
87 106
87 111
87 113
87 119
87 144
87 147
87 153
87 169
87 173
87 179
87 186
87 191
87 192
88 92
88 93
88 95
88 97
88 100
88 102
88 110
88 111
88 115
88 116
88 117
88 121
88 135
88 137
88 139
88 140
88 141
88 142
88 151
88 171
88 172
88 183
88 188
88 190
89 90
89 94
89 96
89 100
89 103
89 105
89 106
89 108
89 109
89 111
89 118
89 125
89 127
89 128
89 141
89 147
89 150
89 159
89 162
89 166
89 177
89 187
89 198
90 103
90 121
90 122
90 127
90 144
90 149
90 151
90 152
90 160
90 171
90 181
91 95
91 100
91 102
91 108
91 118
91 126
91 138
91 142
91 146
91 169
91 174
91 180
91 182
92 93
92 114
92 126
92 138
92 143
92 151
92 153
92 158
92 196
93 94
93 95
93 96
93 111
93 118
93 120
93 121
93 123
93 131
93 133
93 134
93 146
93 155
93 169
93 178
93 185
93 187
93 191
94 95
94 102
94 110
94 122
94 124
94 128
94 139
94 141
94 146
94 147
94 152
94 162
94 172
94 174
94 176
94 178
94 184
94 188
94 189
95 97
95 100
95 112
95 122
95 178
95 179
95 187
95 191
95 193
96 102
96 107
96 110
96 113
96 125
96 136
96 138
96 143
96 147
96 150
96 153
96 161
96 186
96 198
97 99
97 100
97 109
97 111
97 116
97 123
97 139
97 144
97 145
97 148
97 150
97 152
97 153
97 158
97 167
97 172
97 177
97 186
97 190
97 195
98 100
98 102
98 107
98 113
98 114
98 117
98 120
98 124
98 131
98 139
98 142
98 143
98 150
98 151
98 155
98 156
98 157
98 171
98 197
99 104
99 106
99 107
99 110
99 118
99 120
99 124
99 127
99 129
99 137
99 138
99 153
99 156
99 158
99 170
99 172
99 174
99 179
99 195
100 101
100 105
100 110
100 111
100 114
100 148
100 158
100 161
100 169
100 175
100 186
101 108
101 121
101 127
101 144
101 155
101 158
101 159
101 160
101 161
101 165
101 187
101 194
102 104
102 107
102 134
102 148
102 151
102 160
102 165
102 186
102 194
103 133
103 143
103 144
103 145
103 167
103 182
103 185
103 190
103 195
104 107
104 110
104 115
104 122
104 126
104 128
104 132
104 134
104 136
104 145
104 168
104 173
104 181
104 184
104 189
104 196
105 112
105 119
105 125
105 133
105 134
105 136
105 141
105 148
105 149
105 150
105 155
105 161
105 167
106 109
106 110
106 111
106 113
106 117
106 119
106 130
106 135
106 140
106 142
106 147
106 156
106 163
106 172
106 174
106 175
106 177
106 193
107 117
107 124
107 129
107 135
107 136
107 152
107 163
107 170
107 171
107 180
107 188
108 110
108 112
108 113
108 121
108 125
108 138
108 141
108 143
108 144
108 152
108 154
108 157
108 160
108 164
108 175
108 189
109 128
109 133
109 134
109 136
109 150
109 152
109 153
109 156
109 162
109 171
109 173
109 196
110 114
110 123
110 126
110 129
110 130
110 131
110 145
110 154
110 166
110 173
110 179
110 183
110 185
110 196
110 197
111 114
111 118
111 120
111 129
111 145
111 177
111 192
112 116
112 119
112 127
112 128
112 133
112 137
112 140
112 143
112 147
112 151
112 154
112 174
112 184
112 190
113 116
113 143
113 145
113 149
113 159
113 170
113 184
113 196
113 198
114 116
114 123
114 131
114 154
114 159
114 168
114 175
114 178
114 185
114 189
114 198
115 116
115 121
115 127
115 137
115 143
115 152
115 174
115 177
115 183
116 120
116 127
116 128
116 130
116 133
116 134
116 152
116 153
116 156
116 160
116 167
116 179
116 184
116 193
116 195
116 197
117 122
117 130
117 132
117 138
117 139
117 158
117 159
117 161
117 167
117 173
117 183
117 192
117 194
117 199
118 119
118 129
118 135
118 146
118 149
118 158
118 164
118 171
118 174
118 190
118 193
119 121
119 124
119 168
119 177
119 178
120 122
120 124
120 132
120 138
120 147
120 163
120 165
120 182
120 183
121 123
121 141
121 153
121 199
122 128
122 129
122 132
122 133
122 139
122 145
122 157
122 162
122 169
122 173
122 191
122 192
122 197
123 124
123 132
123 152
123 155
123 166
124 135
124 138
124 139
124 141
124 163
124 165
124 171
124 178
124 184
124 185
124 188
125 131
125 136
125 141
125 148
125 154
125 160
125 170
125 185
125 195
126 134
126 138
126 140
126 145
126 146
126 150
126 158
126 160
126 176
126 178
126 180
126 190
127 129
127 131
127 135
127 139
127 149
127 154
127 172
127 177
128 130
128 131
128 133
128 140
128 156
128 173
128 174
128 181
128 183
128 184
128 193
129 147
129 150
129 151
129 189
129 195
129 196
130 168
130 171
130 181
130 182
130 185
130 189
131 132
131 151
131 156
131 164
131 173
131 175
131 187
131 190
132 138
132 155
132 181
132 189
133 143
133 146
133 150
133 152
133 158
133 165
133 167
133 168
133 175
133 176
133 198
134 136
134 143
134 149
134 151
134 173
134 174
134 179
134 182
134 186
134 195
135 141
135 143
135 145
135 155
135 156
135 157
135 159
135 162
135 164
135 178
135 186
135 195
136 153
136 167
136 186
136 191
136 192
137 141
137 142
137 173
137 174
137 195
137 197
137 199
138 142
138 145
138 150
138 163
138 178
138 185
138 195
138 198
139 140
139 154
139 163
139 164
139 166
139 172
139 176
139 179
139 180
139 185
139 193
140 142
140 161
140 168
140 170
140 179
140 197
141 145
141 147
141 172
141 176
141 183
141 191
141 196
141 198
142 147
142 149
142 157
142 158
142 164
142 173
142 177
142 182
142 198
143 155
143 160
143 165
143 175
144 148
144 157
144 168
144 181
144 186
144 195
145 149
145 154
145 159
145 171
145 172
145 177
146 152
146 154
146 180
146 181
146 190
147 155
147 159
147 164
147 168
147 189
147 191
148 163
148 170
148 175
148 194
149 162
149 168
149 172
149 194
150 152
150 153
150 163
150 173
150 187
150 199
151 165
151 176
151 189
151 191
151 199
152 154
152 163
152 164
152 166
152 173
152 191
152 192
152 194
152 199
153 168
153 169
153 177
154 182
154 196
154 197
155 168
155 169
156 161
156 175
156 176
156 193
157 166
157 167
158 159
158 167
158 173
158 192
159 182
159 190
159 192
160 179
160 192
160 198
161 181
161 189
162 164
162 174
162 191
162 195
163 165
163 166
163 174
163 180
163 181
163 189
163 198
164 170
164 188
164 194
165 168
165 172
165 173
165 197
166 188
167 168
167 170
167 177
167 197
168 181
169 182
170 183
171 173
171 192
171 194
172 174
172 184
172 199
173 178
173 179
173 183
173 192
173 196
174 183
174 190
174 199
175 176
175 184
175 185
175 186
175 189
175 195
175 199
176 177
176 180
176 183
176 184
176 186
176 191
176 193
176 194
176 199
177 191
177 194
177 197
178 182
179 182
179 194
180 181
181 182
181 189
181 190
181 197
182 192
182 195
183 189
183 190
184 187
185 188
185 193
185 199
186 191
189 190
189 192
191 194
192 195
192 198
