0 1
0 2
0 3
0 4
0 5
0 6
0 7
0 8
0 9
0 10
0 11
0 12
0 13
0 14
0 15
0 16
0 17
0 18
0 19
0 20
0 21
0 22
0 23
0 24
0 25
0 27
0 28
0 30
0 32
0 33
0 34
0 35
0 37
0 39
0 40
0 45
0 48
0 49
0 50
0 54
0 56
0 59
0 60
0 61
0 62
0 63
0 65
0 67
0 70
0 71
0 74
0 78
0 81
0 83
0 85
0 86
0 87
0 97
0 100
0 102
0 109
0 111
0 113
0 114
0 118
0 119
0 120
0 122
0 126
0 131
0 157
0 160
0 163
0 168
0 169
0 175
0 189
0 196
0 198
0 199
0 203
0 210
0 215
0 216
0 219
0 220
0 229
0 231
0 239
0 243
0 254
0 255
0 257
0 259
0 270
0 272
0 275
0 288
0 296
0 299
0 302
0 304
0 319
0 326
0 330
0 335
0 340
0 354
0 360
0 366
0 375
0 377
0 379
0 395
0 411
0 413
0 417
0 418
0 430
0 437
0 438
0 443
1 2
1 3
1 4
1 5
1 6
1 7
1 8
1 9
1 10
1 11
1 12
1 13
1 14
1 15
1 16
1 17
1 18
1 19
1 20
1 21
1 22
1 23
1 24
1 25
1 26
1 28
1 29
1 30
1 31
1 32
1 34
1 37
1 39
1 40
1 41
1 42
1 45
1 46
1 47
1 50
1 51
1 52
1 53
1 54
1 55
1 58
1 60
1 61
1 63
1 64
1 65
1 69
1 78
1 83
1 84
1 85
1 89
1 91
1 96
1 98
1 107
1 110
1 111
1 113
1 115
1 117
1 126
1 130
1 131
1 134
1 137
1 148
1 158
1 170
1 176
1 180
1 182
1 191
1 200
1 204
1 211
1 214
1 219
1 225
1 256
1 263
1 264
1 277
1 286
1 287
1 289
1 290
1 292
1 307
1 312
1 323
1 353
1 357
1 366
1 368
1 373
1 375
1 381
1 383
1 387
1 389
1 390
1 393
1 399
1 400
1 401
1 410
1 412
1 442
2 3
2 4
2 5
2 6
2 7
2 8
2 9
2 10
2 11
2 12
2 13
2 14
2 15
2 16
2 17
2 18
2 19
2 20
2 21
2 22
2 23
2 24
2 25
2 26
2 27
2 28
2 29
2 30
2 31
2 32
2 33
2 34
2 36
2 37
2 38
2 40
2 42
2 43
2 44
2 45
2 47
2 48
2 49
2 50
2 51
2 52
2 55
2 57
2 58
2 59
2 60
2 70
2 74
2 78
2 80
2 82
2 84
2 87
2 89
2 90
2 92
2 93
2 95
2 96
2 97
2 99
2 100
2 102
2 104
2 108
2 110
2 111
2 115
2 117
2 118
2 123
2 125
2 128
2 129
2 131
2 133
2 135
2 138
2 159
2 166
2 168
2 170
2 172
2 177
2 179
2 180
2 181
2 186
2 187
2 189
2 191
2 196
2 199
2 206
2 207
2 217
2 219
2 221
2 229
2 231
2 232
2 233
2 239
2 240
2 241
2 243
2 253
2 273
2 274
2 276
2 278
2 282
2 283
2 286
2 289
2 293
2 300
2 315
2 323
2 327
2 330
2 334
2 351
2 365
2 367
2 388
2 397
2 402
2 406
2 410
2 411
2 414
2 432
2 442
3 4
3 5
3 6
3 7
3 8
3 9
3 10
3 11
3 12
3 13
3 14
3 15
3 16
3 17
3 18
3 19
3 20
3 21
3 22
3 23
3 24
3 25
3 26
3 28
3 29
3 30
3 31
3 33
3 34
3 36
3 40
3 41
3 42
3 43
3 44
3 45
3 46
3 48
3 49
3 50
3 53
3 54
3 57
3 59
3 61
3 64
3 66
3 67
3 69
3 71
3 72
3 74
3 76
3 79
3 80
3 81
3 82
3 83
3 84
3 85
3 90
3 94
3 96
3 98
3 99
3 102
3 103
3 104
3 110
3 111
3 117
3 118
3 119
3 123
3 124
3 126
3 128
3 131
3 134
3 136
3 139
3 140
3 141
3 144
3 146
3 149
3 151
3 154
3 158
3 159
3 161
3 164
3 173
3 177
3 181
3 184
3 188
3 189
3 192
3 195
3 197
3 201
3 203
3 204
3 207
3 219
3 224
3 234
3 245
3 250
3 251
3 252
3 253
3 257
3 258
3 261
3 262
3 267
3 271
3 272
3 274
3 275
3 276
3 279
3 286
3 288
3 294
3 297
3 298
3 307
3 309
3 311
3 313
3 316
3 319
3 334
3 335
3 355
3 356
3 357
3 363
3 371
3 384
3 386
3 387
3 395
3 396
3 400
3 403
3 405
3 414
3 415
3 420
3 422
3 424
3 435
3 436
3 439
3 441
4 5
4 6
4 7
4 8
4 9
4 10
4 11
4 12
4 13
4 14
4 15
4 16
4 17
4 18
4 19
4 20
4 21
4 22
4 23
4 24
4 26
4 27
4 28
4 29
4 30
4 31
4 34
4 35
4 36
4 37
4 38
4 40
4 41
4 43
4 44
4 46
4 48
4 49
4 51
4 53
4 57
4 59
4 60
4 61
4 64
4 66
4 67
4 69
4 71
4 74
4 78
4 86
4 87
4 88
4 89
4 91
4 98
4 108
4 113
4 118
4 122
4 135
4 145
4 148
4 149
4 150
4 151
4 153
4 163
4 164
4 170
4 172
4 174
4 175
4 176
4 184
4 185
4 188
4 190
4 191
4 197
4 203
4 210
4 217
4 225
4 227
4 229
4 244
4 245
4 250
4 259
4 278
4 279
4 287
4 289
4 290
4 311
4 312
4 314
4 317
4 318
4 324
4 326
4 328
4 329
4 331
4 341
4 345
4 347
4 361
4 374
4 375
4 387
4 404
4 405
4 415
4 429
4 435
5 6
5 7
5 8
5 9
5 10
5 11
5 12
5 13
5 14
5 15
5 16
5 17
5 18
5 19
5 20
5 21
5 22
5 23
5 24
5 25
5 26
5 27
5 28
5 29
5 30
5 31
5 33
5 34
5 37
5 41
5 43
5 44
5 46
5 47
5 48
5 51
5 55
5 56
5 60
5 62
5 63
5 64
5 66
5 67
5 73
5 74
5 75
5 77
5 81
5 86
5 88
5 89
5 93
5 94
5 95
5 98
5 100
5 103
5 104
5 105
5 108
5 110
5 113
5 117
5 120
5 124
5 125
5 137
5 139
5 141
5 145
5 148
5 153
5 156
5 157
5 160
5 161
5 165
5 167
5 172
5 177
5 185
5 189
5 194
5 210
5 212
5 218
5 221
5 224
5 225
5 230
5 232
5 237
5 249
5 250
5 251
5 267
5 270
5 271
5 274
5 277
5 279
5 287
5 289
5 300
5 307
5 309
5 316
5 327
5 334
5 337
5 339
5 342
5 344
5 360
5 376
5 389
5 393
5 398
5 401
5 416
5 427
5 432
5 433
6 7
6 8
6 9
6 10
6 11
6 12
6 13
6 14
6 15
6 16
6 17
6 18
6 19
6 20
6 21
6 22
6 23
6 24
6 25
6 26
6 27
6 28
6 29
6 31
6 32
6 33
6 36
6 40
6 41
6 42
6 45
6 47
6 48
6 50
6 52
6 54
6 56
6 57
6 65
6 66
6 67
6 70
6 74
6 75
6 76
6 78
6 81
6 82
6 85
6 86
6 87
6 89
6 90
6 92
6 94
6 95
6 99
6 100
6 101
6 107
6 114
6 116
6 117
6 118
6 128
6 129
6 132
6 133
6 134
6 136
6 138
6 139
6 144
6 145
6 148
6 149
6 150
6 151
6 156
6 160
6 163
6 168
6 172
6 173
6 178
6 180
6 187
6 193
6 195
6 199
6 204
6 205
6 208
6 210
6 218
6 219
6 220
6 223
6 228
6 231
6 235
6 237
6 244
6 245
6 247
6 251
6 252
6 257
6 260
6 261
6 268
6 284
6 285
6 295
6 297
6 301
6 303
6 305
6 329
6 335
6 337
6 345
6 349
6 354
6 355
6 357
6 358
6 364
6 372
6 379
6 387
6 390
6 391
6 401
6 408
6 419
6 420
6 421
6 425
6 427
6 428
6 429
6 435
6 436
6 442
6 444
6 445
6 448
6 449
7 8
7 9
7 10
7 11
7 12
7 13
7 14
7 15
7 16
7 17
7 18
7 19
7 20
7 21
7 22
7 23
7 24
7 25
7 26
7 27
7 30
7 31
7 32
7 33
7 35
7 36
7 37
7 38
7 39
7 42
7 43
7 45
7 50
7 52
7 53
7 56
7 57
7 60
7 61
7 62
7 63
7 64
7 65
7 66
7 67
7 69
7 72
7 73
7 79
7 80
7 81
7 86
7 91
7 94
7 98
7 99
7 100
7 105
7 108
7 110
7 112
7 114
7 116
7 119
7 129
7 131
7 132
7 138
7 142
7 144
7 149
7 152
7 155
7 162
7 163
7 168
7 177
7 180
7 185
7 188
7 190
7 193
7 195
7 199
7 203
7 204
7 212
7 216
7 217
7 222
7 231
7 236
7 237
7 239
7 243
7 246
7 251
7 259
7 263
7 265
7 266
7 278
7 281
7 282
7 283
7 284
7 293
7 318
7 327
7 328
7 329
7 332
7 336
7 346
7 351
7 353
7 355
7 356
7 376
7 381
7 387
7 389
7 391
7 401
7 404
7 405
7 406
7 413
7 417
7 419
7 422
7 424
7 430
7 439
7 449
8 9
8 10
8 11
8 12
8 13
8 14
8 15
8 16
8 17
8 18
8 19
8 20
8 21
8 22
8 23
8 24
8 25
8 26
8 27
8 28
8 29
8 30
8 33
8 34
8 35
8 36
8 37
8 38
8 39
8 41
8 42
8 45
8 46
8 48
8 53
8 55
8 56
8 57
8 59
8 60
8 61
8 62
8 65
8 67
8 71
8 73
8 74
8 76
8 80
8 84
8 85
8 88
8 92
8 97
8 100
8 101
8 104
8 108
8 116
8 120
8 122
8 123
8 135
8 142
8 144
8 156
8 157
8 164
8 177
8 191
8 195
8 198
8 209
8 216
8 218
8 223
8 230
8 234
8 237
8 244
8 246
8 253
8 255
8 266
8 268
8 273
8 281
8 305
8 317
8 319
8 328
8 342
8 344
8 346
8 364
8 389
8 391
8 394
8 399
8 407
8 410
8 425
8 427
8 433
8 434
8 440
9 10
9 11
9 12
9 13
9 14
9 15
9 16
9 17
9 18
9 19
9 20
9 21
9 22
9 23
9 24
9 25
9 26
9 27
9 28
9 29
9 30
9 31
9 32
9 34
9 35
9 37
9 38
9 39
9 40
9 41
9 44
9 45
9 46
9 47
9 49
9 51
9 52
9 55
9 56
9 58
9 60
9 61
9 62
9 63
9 68
9 70
9 71
9 72
9 74
9 75
9 76
9 77
9 78
9 80
9 81
9 84
9 88
9 90
9 95
9 96
9 106
9 110
9 111
9 112
9 113
9 114
9 115
9 117
9 120
9 125
9 129
9 131
9 132
9 133
9 138
9 147
9 149
9 152
9 160
9 165
9 171
9 174
9 179
9 181
9 183
9 194
9 199
9 201
9 207
9 211
9 212
9 220
9 224
9 227
9 228
9 233
9 240
9 244
9 256
9 258
9 262
9 273
9 281
9 283
9 287
9 293
9 298
9 302
9 310
9 317
9 319
9 324
9 329
9 335
9 344
9 345
9 346
9 347
9 352
9 360
9 362
9 396
9 397
9 398
9 399
9 419
9 427
9 428
9 438
9 440
9 443
9 445
9 449
10 11
10 12
10 13
10 14
10 15
10 16
10 17
10 18
10 19
10 20
10 21
10 22
10 23
10 24
10 25
10 26
10 27
10 28
10 29
10 31
10 33
10 35
10 36
10 37
10 38
10 40
10 41
10 42
10 44
10 49
10 53
10 56
10 57
10 58
10 59
10 62
10 63
10 66
10 67
10 68
10 69
10 73
10 75
10 79
10 84
10 87
10 88
10 91
10 92
10 93
10 97
10 99
10 102
10 104
10 106
10 109
10 111
10 118
10 120
10 121
10 124
10 126
10 130
10 132
10 137
10 138
10 139
10 140
10 141
10 148
10 149
10 150
10 153
10 157
10 158
10 159
10 161
10 166
10 169
10 173
10 180
10 183
10 186
10 192
10 193
10 199
10 202
10 209
10 227
10 231
10 232
10 245
10 251
10 256
10 263
10 267
10 270
10 273
10 287
10 292
10 302
10 305
10 307
10 322
10 336
10 340
10 350
10 353
10 354
10 357
10 359
10 368
10 375
10 385
10 388
10 389
10 396
10 408
10 409
10 423
10 424
10 425
10 427
10 437
10 438
10 442
11 12
11 13
11 14
11 15
11 16
11 17
11 18
11 19
11 20
11 21
11 22
11 23
11 24
11 25
11 26
11 27
11 28
11 29
11 30
11 31
11 32
11 33
11 34
11 35
11 36
11 37
11 39
11 40
11 41
11 42
11 43
11 45
11 46
11 47
11 48
11 49
11 50
11 52
11 55
11 57
11 58
11 59
11 62
11 63
11 64
11 65
11 66
11 67
11 68
11 69
11 74
11 76
11 79
11 81
11 82
11 88
11 90
11 95
11 96
11 99
11 100
11 102
11 103
11 105
11 112
11 113
11 119
11 120
11 121
11 123
11 129
11 134
11 135
11 136
11 137
11 138
11 142
11 150
11 152
11 155
11 156
11 159
11 167
11 168
11 170
11 171
11 172
11 174
11 176
11 177
11 178
11 180
11 181
11 182
11 184
11 188
11 202
11 209
11 210
11 212
11 221
11 238
11 239
11 244
11 248
11 249
11 256
11 261
11 265
11 267
11 277
11 286
11 292
11 294
11 301
11 304
11 307
11 308
11 311
11 319
11 324
11 328
11 333
11 334
11 339
11 351
11 353
11 354
11 363
11 378
11 380
11 382
11 384
11 389
11 405
11 411
11 418
11 419
11 436
12 13
12 14
12 15
12 16
12 17
12 18
12 19
12 20
12 21
12 22
12 23
12 24
12 25
12 26
12 27
12 31
12 32
12 33
12 34
12 35
12 38
12 40
12 41
12 42
12 43
12 44
12 47
12 50
12 51
12 55
12 57
12 58
12 59
12 60
12 62
12 64
12 66
12 68
12 73
12 74
12 75
12 79
12 80
12 81
12 82
12 87
12 89
12 91
12 92
12 93
12 96
12 101
12 105
12 107
12 109
12 114
12 115
12 118
12 126
12 129
12 130
12 133
12 148
12 149
12 161
12 165
12 168
12 173
12 180
12 181
12 183
12 184
12 185
12 187
12 192
12 196
12 197
12 198
12 201
12 207
12 208
12 212
12 214
12 224
12 239
12 241
12 243
12 245
12 246
12 252
12 259
12 262
12 263
12 281
12 282
12 286
12 293
12 294
12 297
12 306
12 309
12 314
12 326
12 327
12 328
12 333
12 340
12 341
12 349
12 351
12 352
12 353
12 354
12 355
12 356
12 365
12 368
12 375
12 382
12 385
12 386
12 387
12 396
12 398
12 400
12 401
12 420
12 427
12 433
12 439
12 441
12 444
12 446
13 14
13 15
13 16
13 17
13 18
13 19
13 20
13 21
13 22
13 23
13 24
13 25
13 26
13 27
13 28
13 29
13 30
13 32
13 33
13 35
13 36
13 37
13 38
13 39
13 41
13 44
13 46
13 47
13 48
13 49
13 51
13 53
13 55
13 56
13 57
13 59
13 64
13 66
13 68
13 70
13 77
13 78
13 80
13 83
13 85
13 87
13 92
13 96
13 97
13 100
13 101
13 103
13 105
13 107
13 108
13 109
13 110
13 111
13 112
13 117
13 126
13 130
13 131
13 134
13 136
13 138
13 141
13 142
13 144
13 152
13 153
13 159
13 163
13 166
13 173
13 175
13 180
13 181
13 189
13 191
13 196
13 201
13 202
13 205
13 209
13 210
13 211
13 213
13 214
13 219
13 220
13 221
13 223
13 224
13 225
13 232
13 234
13 235
13 238
13 242
13 252
13 254
13 260
13 269
13 270
13 271
13 274
13 276
13 278
13 288
13 291
13 298
13 305
13 307
13 317
13 322
13 329
13 330
13 332
13 340
13 341
13 347
13 348
13 349
13 355
13 358
13 364
13 365
13 374
13 383
13 390
13 392
13 393
13 395
13 398
13 410
13 421
13 426
13 427
13 429
13 436
13 440
13 443
13 444
14 15
14 16
14 17
14 18
14 19
14 20
14 21
14 22
14 23
14 24
14 25
14 26
14 28
14 29
14 30
14 31
14 32
14 34
14 35
14 36
14 37
14 40
14 41
14 42
14 43
14 45
14 46
14 47
14 48
14 49
14 51
14 53
14 54
14 59
14 60
14 61
14 62
14 63
14 64
14 65
14 67
14 68
14 69
14 72
14 73
14 78
14 80
14 82
14 83
14 85
14 88
14 89
14 90
14 91
14 95
14 97
14 105
14 107
14 109
14 111
14 112
14 118
14 119
14 126
14 127
14 139
14 140
14 144
14 146
14 149
14 152
14 171
14 174
14 176
14 177
14 178
14 179
14 181
14 186
14 190
14 193
14 194
14 196
14 199
14 201
14 202
14 203
14 206
14 207
14 209
14 210
14 216
14 221
14 229
14 232
14 233
14 244
14 248
14 249
14 259
14 267
14 273
14 276
14 278
14 280
14 284
14 289
14 290
14 293
14 297
14 299
14 300
14 304
14 308
14 322
14 326
14 333
14 336
14 339
14 344
14 345
14 354
14 357
14 358
14 365
14 368
14 371
14 372
14 380
14 384
14 390
14 392
14 393
14 397
14 398
14 400
14 412
14 415
14 418
14 419
14 433
14 434
14 435
14 446
14 447
14 448
15 16
15 17
15 18
15 19
15 20
15 21
15 22
15 23
15 24
15 25
15 27
15 28
15 29
15 30
15 31
15 32
15 33
15 34
15 35
15 37
15 38
15 40
15 42
15 43
15 45
15 46
15 47
15 48
15 50
15 51
15 54
15 58
15 59
15 60
15 61
15 62
15 63
15 65
15 67
15 68
15 72
15 75
15 78
15 80
15 81
15 82
15 83
15 84
15 90
15 92
15 93
15 101
15 102
15 107
15 109
15 116
15 117
15 118
15 121
15 129
15 133
15 134
15 135
15 136
15 140
15 141
15 144
15 153
15 155
15 165
15 166
15 167
15 169
15 174
15 176
15 178
15 179
15 182
15 184
15 191
15 195
15 199
15 200
15 209
15 226
15 231
15 233
15 235
15 236
15 255
15 265
15 267
15 271
15 272
15 273
15 278
15 288
15 295
15 299
15 301
15 303
15 305
15 308
15 309
15 315
15 316
15 317
15 319
15 326
15 327
15 335
15 339
15 346
15 361
15 367
15 373
15 375
15 381
15 385
15 389
15 390
15 395
15 397
15 400
15 406
15 416
15 419
15 422
15 424
15 428
15 429
15 437
15 442
16 17
16 18
16 19
16 20
16 21
16 22
16 23
16 24
16 25
16 26
16 27
16 28
16 30
16 31
16 33
16 34
16 35
16 36
16 37
16 38
16 39
16 43
16 44
16 45
16 47
16 49
16 50
16 51
16 52
16 53
16 54
16 55
16 57
16 61
16 62
16 63
16 64
16 65
16 66
16 67
16 71
16 72
16 74
16 75
16 77
16 78
16 80
16 83
16 84
16 88
16 90
16 91
16 92
16 94
16 95
16 97
16 98
16 101
16 107
16 108
16 115
16 119
16 123
16 124
16 128
16 130
16 133
16 138
16 143
16 145
16 148
16 149
16 150
16 151
16 153
16 159
16 161
16 162
16 164
16 167
16 170
16 171
16 172
16 175
16 178
16 179
16 180
16 187
16 188
16 190
16 191
16 198
16 204
16 207
16 208
16 215
16 216
16 219
16 220
16 221
16 222
16 226
16 234
16 235
16 236
16 241
16 254
16 263
16 266
16 272
16 273
16 274
16 285
16 293
16 294
16 297
16 299
16 300
16 312
16 320
16 331
16 332
16 350
16 359
16 381
16 383
16 396
16 408
16 409
16 428
16 440
16 441
16 444
16 448
17 18
17 19
17 20
17 21
17 22
17 23
17 24
17 25
17 26
17 27
17 28
17 29
17 30
17 32
17 33
17 35
17 36
17 37
17 39
17 40
17 41
17 42
17 45
17 46
17 50
17 51
17 53
17 54
17 55
17 58
17 63
17 64
17 67
17 68
17 70
17 72
17 73
17 76
17 77
17 82
17 86
17 90
17 91
17 92
17 94
17 99
17 104
17 111
17 119
17 126
17 132
17 136
17 140
17 141
17 146
17 147
17 151
17 155
17 157
17 164
17 171
17 176
17 177
17 181
17 196
17 201
17 203
17 206
17 208
17 211
17 217
17 227
17 228
17 229
17 237
17 238
17 247
17 248
17 249
17 267
17 268
17 274
17 279
17 284
17 297
17 299
17 301
17 311
17 312
17 313
17 335
17 340
17 346
17 348
17 349
17 351
17 352
17 380
17 383
17 386
17 389
17 390
17 394
17 402
17 408
17 422
17 424
17 425
17 430
17 438
17 441
17 449
18 19
18 20
18 21
18 22
18 23
18 24
18 25
18 26
18 27
18 28
18 29
18 30
18 33
18 34
18 35
18 36
18 37
18 39
18 41
18 42
18 43
18 44
18 46
18 47
18 48
18 52
18 60
18 65
18 67
18 69
18 71
18 74
18 78
18 79
18 83
18 88
18 90
18 97
18 103
18 109
18 110
18 113
18 117
18 120
18 122
18 128
18 133
18 141
18 142
18 145
18 149
18 152
18 160
18 168
18 177
18 186
18 188
18 190
18 195
18 196
18 201
18 202
18 207
18 210
18 213
18 222
18 237
18 239
18 240
18 250
18 254
18 255
18 266
18 270
18 275
18 280
18 289
18 296
18 298
18 300
18 306
18 312
18 314
18 340
18 362
18 363
18 365
18 367
18 369
18 373
18 382
18 388
18 389
18 390
18 401
18 415
18 440
18 442
18 446
18 447
19 20
19 21
19 22
19 23
19 24
19 25
19 26
19 27
19 28
19 29
19 32
19 33
19 35
19 36
19 42
19 43
19 45
19 48
19 50
19 51
19 52
19 53
19 55
19 56
19 61
19 64
19 65
19 66
19 71
19 75
19 78
19 80
19 86
19 92
19 94
19 98
19 101
19 103
19 106
19 107
19 112
19 113
19 114
19 121
19 124
19 125
19 129
19 132
19 136
19 137
19 141
19 147
19 148
19 153
19 156
19 158
19 164
19 170
19 171
19 178
19 194
19 208
19 212
19 217
19 225
19 226
19 231
19 232
19 237
19 243
19 245
19 247
19 249
19 250
19 253
19 255
19 257
19 259
19 276
19 277
19 279
19 284
19 287
19 289
19 290
19 293
19 300
19 309
19 310
19 312
19 322
19 325
19 326
19 330
19 333
19 346
19 348
19 349
19 353
19 355
19 356
19 360
19 361
19 369
19 372
19 382
19 391
19 396
19 404
19 414
19 415
19 430
19 431
19 434
19 445
19 448
20 21
20 22
20 23
20 24
20 25
20 26
20 27
20 28
20 29
20 30
20 31
20 32
20 33
20 34
20 35
20 36
20 38
20 41
20 42
20 43
20 44
20 45
20 46
20 47
20 49
20 50
20 52
20 53
20 54
20 58
20 59
20 61
20 62
20 66
20 67
20 68
20 70
20 71
20 73
20 75
20 76
20 79
20 80
20 82
20 84
20 87
20 88
20 90
20 93
20 96
20 98
20 101
20 102
20 106
20 107
20 108
20 116
20 118
20 122
20 123
20 124
20 125
20 128
20 130
20 132
20 135
20 141
20 143
20 144
20 147
20 150
20 154
20 156
20 165
20 169
20 171
20 173
20 178
20 179
20 181
20 183
20 184
20 186
20 195
20 197
20 200
20 201
20 202
20 204
20 212
20 220
20 227
20 238
20 239
20 243
20 244
20 249
20 252
20 263
20 265
20 266
20 278
20 283
20 290
20 296
20 301
20 306
20 311
20 313
20 315
20 317
20 320
20 321
20 325
20 330
20 338
20 349
20 351
20 353
20 355
20 361
20 363
20 368
20 372
20 381
20 386
20 387
20 393
20 397
20 405
20 416
20 425
20 427
20 430
20 433
20 439
20 440
20 447
21 22
21 23
21 24
21 25
21 26
21 27
21 28
21 31
21 32
21 34
21 35
21 37
21 40
21 44
21 46
21 47
21 48
21 49
21 51
21 53
21 55
21 56
21 57
21 65
21 69
21 70
21 71
21 72
21 76
21 77
21 81
21 91
21 92
21 93
21 99
21 100
21 101
21 103
21 113
21 116
21 117
21 120
21 122
21 130
21 138
21 141
21 142
21 152
21 155
21 157
21 164
21 166
21 167
21 179
21 181
21 204
21 208
21 214
21 221
21 226
21 240
21 248
21 257
21 263
21 268
21 269
21 277
21 282
21 283
21 296
21 317
21 321
21 323
21 325
21 326
21 329
21 346
21 356
21 377
21 403
21 414
21 428
21 442
22 23
22 24
22 25
22 26
22 27
22 28
22 29
22 30
22 31
22 32
22 33
22 35
22 36
22 38
22 39
22 41
22 42
22 43
22 45
22 46
22 48
22 49
22 52
22 53
22 54
22 55
22 60
22 61
22 62
22 66
22 67
22 71
22 75
22 78
22 84
22 85
22 89
22 90
22 91
22 94
22 95
22 100
22 101
22 103
22 106
22 108
22 110
22 111
22 119
22 124
22 130
22 134
22 137
22 140
22 147
22 154
22 169
22 183
22 188
22 190
22 197
22 206
22 207
22 216
22 218
22 221
22 223
22 224
22 228
22 233
22 236
22 241
22 254
22 256
22 266
22 267
22 276
22 282
22 292
22 295
22 296
22 304
22 315
22 321
22 327
22 329
22 350
22 354
22 360
22 362
22 365
22 368
22 378
22 380
22 397
22 417
22 423
22 426
22 437
22 439
22 441
23 24
23 25
23 26
23 27
23 28
23 29
23 31
23 32
23 34
23 35
23 36
23 37
23 38
23 39
23 40
23 41
23 43
23 44
23 45
23 46
23 49
23 50
23 51
23 53
23 54
23 56
23 58
23 64
23 68
23 69
23 71
23 73
23 75
23 76
23 78
23 80
23 83
23 89
23 90
23 97
23 98
23 100
23 106
23 112
23 116
23 117
23 123
23 126
23 129
23 130
23 131
23 134
23 139
23 142
23 147
23 148
23 154
23 157
23 158
23 160
23 164
23 174
23 175
23 176
23 182
23 183
23 185
23 186
23 187
23 191
23 200
23 202
23 206
23 209
23 225
23 231
23 236
23 237
23 246
23 249
23 255
23 256
23 262
23 270
23 272
23 277
23 278
23 279
23 280
23 283
23 284
23 285
23 286
23 287
23 288
23 309
23 311
23 316
23 320
23 322
23 323
23 324
23 325
23 326
23 345
23 348
23 350
23 351
23 352
23 358
23 359
23 366
23 374
23 379
23 385
23 387
23 389
23 391
23 403
23 404
23 405
23 406
23 419
23 425
23 432
23 434
23 435
23 437
23 441
23 443
23 449
24 25
24 26
24 27
24 28
24 29
24 30
24 31
24 32
24 34
24 36
24 40
24 46
24 50
24 51
24 55
24 60
24 61
24 64
24 68
24 69
24 71
24 72
24 73
24 76
24 79
24 80
24 86
24 95
24 96
24 99
24 101
24 102
24 107
24 115
24 120
24 126
24 132
24 133
24 140
24 146
24 151
24 155
24 156
24 161
24 164
24 167
24 169
24 171
24 173
24 174
24 177
24 182
24 186
24 191
24 209
24 210
24 211
24 217
24 219
24 222
24 224
24 229
24 230
24 231
24 239
24 250
24 252
24 260
24 263
24 269
24 285
24 290
24 291
24 321
24 332
24 340
24 378
24 390
24 392
24 393
24 419
24 421
24 430
24 434
24 448
25 26
25 27
25 29
25 30
25 31
25 32
25 33
25 34
25 35
25 36
25 38
25 39
25 43
25 44
25 46
25 47
25 48
25 51
25 52
25 53
25 54
25 55
25 56
25 59
25 60
25 61
25 63
25 65
25 66
25 67
25 70
25 71
25 74
25 76
25 83
25 85
25 87
25 90
25 94
25 95
25 97
25 98
25 110
25 111
25 112
25 113
25 114
25 115
25 120
25 121
25 124
25 125
25 129
25 132
25 133
25 143
25 145
25 147
25 159
25 161
25 165
25 167
25 173
25 174
25 176
25 178
25 185
25 192
25 193
25 195
25 197
25 208
25 210
25 217
25 220
25 222
25 228
25 230
25 235
25 238
25 245
25 250
25 260
25 263
25 269
25 281
25 294
25 295
25 298
25 299
25 303
25 305
25 307
25 312
25 313
25 318
25 323
25 328
25 330
25 347
25 361
25 363
25 369
25 374
25 386
25 391
25 392
25 397
25 399
25 400
25 401
25 406
25 410
25 413
25 416
25 419
25 426
25 430
25 433
25 435
25 439
26 27
26 29
26 30
26 31
26 32
26 33
26 34
26 37
26 38
26 39
26 42
26 44
26 47
26 54
26 55
26 56
26 57
26 58
26 62
26 66
26 67
26 69
26 70
26 79
26 84
26 89
26 92
26 96
26 97
26 98
26 101
26 104
26 114
26 117
26 121
26 128
26 143
26 153
26 158
26 160
26 164
26 168
26 170
26 183
26 185
26 191
26 193
26 196
26 198
26 200
26 203
26 209
26 214
26 225
26 238
26 241
26 246
26 251
26 255
26 266
26 272
26 277
26 281
26 284
26 290
26 294
26 296
26 302
26 305
26 306
26 315
26 320
26 325
26 326
26 333
26 337
26 342
26 345
26 356
26 368
26 370
26 371
26 373
26 394
26 395
26 400
26 412
26 414
26 418
26 423
26 434
27 28
27 29
27 30
27 31
27 32
27 34
27 35
27 38
27 39
27 40
27 44
27 45
27 48
27 49
27 50
27 52
27 53
27 55
27 64
27 68
27 71
27 72
27 75
27 77
27 79
27 80
27 85
27 99
27 100
27 105
27 107
27 109
27 111
27 122
27 123
27 133
27 140
27 144
27 145
27 146
27 147
27 149
27 151
27 157
27 160
27 162
27 166
27 171
27 175
27 179
27 186
27 194
27 196
27 199
27 205
27 212
27 216
27 218
27 227
27 231
27 233
27 237
27 240
27 241
27 243
27 247
27 251
27 258
27 264
27 265
27 266
27 277
27 287
27 288
27 289
27 290
27 294
27 295
27 298
27 308
27 314
27 321
27 324
27 331
27 335
27 339
27 348
27 355
27 366
27 370
27 382
27 383
27 386
27 394
27 397
27 404
27 413
27 421
27 425
27 444
28 29
28 30
28 31
28 32
28 33
28 34
28 36
28 37
28 38
28 39
28 41
28 43
28 44
28 45
28 48
28 52
28 53
28 54
28 55
28 57
28 58
28 59
28 62
28 64
28 66
28 67
28 68
28 70
28 76
28 78
28 82
28 83
28 84
28 85
28 86
28 90
28 94
28 95
28 96
28 103
28 106
28 109
28 110
28 113
28 115
28 122
28 124
28 125
28 133
28 137
28 140
28 145
28 146
28 152
28 161
28 162
28 163
28 168
28 169
28 176
28 178
28 182
28 185
28 186
28 188
28 190
28 192
28 194
28 195
28 197
28 205
28 207
28 213
28 214
28 216
28 230
28 231
28 234
28 235
28 242
28 248
28 254
28 259
28 260
28 261
28 262
28 263
28 265
28 269
28 275
28 277
28 284
28 289
28 312
28 317
28 319
28 323
28 325
28 332
28 351
28 352
28 358
28 359
28 366
28 367
28 368
28 374
28 378
28 387
28 388
28 393
28 399
28 404
28 406
28 407
28 410
28 411
28 412
28 422
28 431
28 439
28 442
28 444
29 30
29 31
29 32
29 33
29 35
29 36
29 37
29 38
29 39
29 40
29 41
29 42
29 46
29 47
29 51
29 52
29 53
29 54
29 56
29 58
29 59
29 60
29 61
29 62
29 63
29 64
29 65
29 69
29 72
29 76
29 78
29 80
29 81
29 82
29 83
29 86
29 87
29 89
29 91
29 93
29 94
29 98
29 99
29 100
29 102
29 103
29 104
29 110
29 111
29 115
29 116
29 119
29 122
29 127
29 129
29 134
29 137
29 142
29 147
29 148
29 150
29 156
29 158
29 162
29 163
29 172
29 175
29 178
29 186
29 198
29 201
29 203
29 204
29 207
29 218
29 219
29 220
29 223
29 233
29 251
29 260
29 267
29 268
29 271
29 272
29 274
29 280
29 283
29 296
29 298
29 299
29 312
29 317
29 322
29 328
29 329
29 330
29 338
29 351
29 362
29 369
29 371
29 372
29 373
29 376
29 378
29 393
29 414
29 415
29 418
29 430
29 435
29 437
29 439
29 445
29 449
30 32
30 33
30 38
30 40
30 42
30 43
30 48
30 54
30 55
30 60
30 68
30 70
30 72
30 74
30 75
30 82
30 89
30 108
30 112
30 115
30 119
30 123
30 124
30 131
30 138
30 140
30 143
30 145
30 153
30 162
30 169
30 182
30 183
30 184
30 202
30 203
30 204
30 205
30 213
30 217
30 220
30 227
30 229
30 232
30 236
30 247
30 248
30 249
30 258
30 263
30 277
30 288
30 289
30 291
30 315
30 317
30 326
30 340
30 352
30 355
30 360
30 370
30 395
30 397
30 399
30 403
30 412
30 419
30 447
31 33
31 36
31 37
31 38
31 39
31 40
31 42
31 43
31 44
31 45
31 49
31 51
31 53
31 58
31 59
31 60
31 61
31 72
31 73
31 74
31 79
31 82
31 86
31 93
31 94
31 95
31 97
31 99
31 104
31 106
31 117
31 118
31 121
31 125
31 137
31 138
31 139
31 141
31 148
31 151
31 156
31 158
31 163
31 165
31 186
31 187
31 200
31 206
31 211
31 218
31 220
31 222
31 227
31 230
31 234
31 243
31 257
31 276
31 285
31 295
31 305
31 307
31 352
31 365
31 370
31 381
31 382
31 386
31 388
31 392
31 403
31 405
31 422
31 424
31 425
31 432
31 445
31 449
32 34
32 35
32 37
32 38
32 39
32 41
32 45
32 48
32 50
32 51
32 64
32 82
32 83
32 95
32 104
32 114
32 116
32 119
32 128
32 145
32 147
32 153
32 154
32 158
32 171
32 182
32 197
32 202
32 204
32 218
32 223
32 226
32 228
32 248
32 257
32 271
32 277
32 281
32 290
32 291
32 292
32 293
32 295
32 296
32 305
32 310
32 316
32 323
32 329
32 332
32 333
32 334
32 335
32 336
32 342
32 346
32 365
32 373
32 376
32 388
32 443
33 34
33 35
33 36
33 37
33 39
33 43
33 44
33 45
33 46
33 49
33 50
33 52
33 56
33 60
33 67
33 68
33 69
33 73
33 74
33 81
33 83
33 85
33 86
33 87
33 88
33 90
33 92
33 96
33 97
33 98
33 107
33 116
33 121
33 122
33 127
33 132
33 135
33 141
33 145
33 150
33 156
33 167
33 172
33 184
33 185
33 189
33 190
33 194
33 207
33 209
33 210
33 219
33 223
33 230
33 231
33 236
33 241
33 245
33 246
33 250
33 258
33 267
33 272
33 282
33 287
33 300
33 306
33 322
33 325
33 337
33 341
33 344
33 353
33 380
33 384
33 386
33 395
33 407
33 416
33 418
33 419
33 427
33 430
33 443
34 38
34 39
34 40
34 41
34 42
34 43
34 46
34 49
34 50
34 53
34 54
34 61
34 72
34 75
34 84
34 86
34 97
34 101
34 102
34 103
34 106
34 111
34 119
34 121
34 126
34 128
34 136
34 140
34 144
34 145
34 152
34 168
34 171
34 173
34 180
34 186
34 193
34 220
34 232
34 244
34 252
34 253
34 258
34 261
34 262
34 264
34 266
34 270
34 275
34 285
34 293
34 307
34 308
34 310
34 324
34 333
34 336
34 347
34 361
34 377
34 385
34 389
34 390
34 416
34 423
34 439
34 442
35 36
35 38
35 39
35 40
35 41
35 46
35 47
35 48
35 51
35 54
35 55
35 62
35 63
35 68
35 70
35 71
35 72
35 75
35 77
35 83
35 86
35 88
35 90
35 96
35 98
35 101
35 106
35 108
35 113
35 115
35 116
35 117
35 122
35 127
35 134
35 135
35 138
35 142
35 143
35 153
35 156
35 158
35 163
35 168
35 170
35 171
35 174
35 176
35 196
35 204
35 212
35 213
35 231
35 234
35 238
35 240
35 248
35 254
35 272
35 284
35 286
35 291
35 300
35 301
35 302
35 309
35 313
35 314
35 315
35 318
35 321
35 322
35 325
35 356
35 362
35 365
35 382
35 388
35 404
35 408
35 409
35 411
35 415
35 432
35 437
35 442
35 447
36 38
36 39
36 41
36 43
36 47
36 50
36 51
36 52
36 55
36 57
36 59
36 60
36 63
36 65
36 69
36 73
36 74
36 77
36 79
36 88
36 105
36 119
36 121
36 123
36 127
36 131
36 133
36 136
36 140
36 143
36 144
36 145
36 158
36 159
36 160
36 187
36 193
36 197
36 198
36 200
36 212
36 220
36 221
36 228
36 242
36 260
36 301
36 309
36 313
36 315
36 321
36 329
36 338
36 353
36 357
36 360
36 361
36 372
36 374
36 380
36 400
36 410
36 416
36 418
36 427
36 431
36 448
37 39
37 41
37 42
37 44
37 47
37 61
37 62
37 63
37 65
37 68
37 70
37 71
37 74
37 75
37 76
37 80
37 95
37 111
37 116
37 118
37 122
37 135
37 137
37 147
37 166
37 167
37 168
37 175
37 179
37 182
37 190
37 195
37 197
37 199
37 209
37 214
37 216
37 223
37 238
37 240
37 243
37 244
37 249
37 251
37 262
37 271
37 284
37 290
37 291
37 296
37 303
37 306
37 308
37 315
37 322
37 324
37 325
37 329
37 336
37 340
37 342
37 345
37 347
37 357
37 381
37 383
37 385
37 389
37 425
37 435
37 439
37 443
38 40
38 42
38 47
38 49
38 51
38 52
38 56
38 60
38 70
38 71
38 77
38 81
38 85
38 90
38 91
38 97
38 99
38 114
38 116
38 136
38 137
38 140
38 158
38 168
38 172
38 173
38 187
38 189
38 207
38 208
38 218
38 223
38 224
38 232
38 236
38 249
38 258
38 261
38 262
38 269
38 270
38 289
38 311
38 326
38 336
38 344
38 345
38 394
38 396
38 397
38 411
38 421
38 425
38 428
38 434
38 446
39 40
39 43
39 44
39 46
39 54
39 56
39 66
39 70
39 75
39 76
39 78
39 79
39 80
39 81
39 82
39 87
39 99
39 100
39 114
39 115
39 125
39 128
39 133
39 143
39 150
39 152
39 155
39 166
39 167
39 175
39 185
39 187
39 208
39 220
39 229
39 256
39 259
39 271
39 277
39 280
39 293
39 314
39 320
39 335
39 343
39 351
39 354
39 372
39 388
39 424
39 442
39 446
40 44
40 45
40 50
40 54
40 55
40 56
40 65
40 68
40 77
40 80
40 91
40 92
40 97
40 104
40 107
40 113
40 114
40 122
40 126
40 131
40 135
40 147
40 176
40 177
40 185
40 186
40 188
40 199
40 212
40 213
40 225
40 226
40 228
40 234
40 239
40 242
40 243
40 251
40 313
40 338
40 360
40 363
40 364
40 369
40 370
40 385
40 393
40 394
40 422
40 440
40 443
41 42
41 44
41 47
41 49
41 52
41 57
41 58
41 62
41 64
41 65
41 70
41 77
41 79
41 83
41 88
41 93
41 96
41 99
41 104
41 112
41 117
41 129
41 131
41 137
41 140
41 142
41 147
41 150
41 159
41 162
41 174
41 178
41 191
41 197
41 209
41 214
41 221
41 224
41 227
41 248
41 260
41 273
41 275
41 285
41 288
41 296
41 298
41 309
41 316
41 318
41 321
41 325
41 328
41 348
41 357
41 358
41 364
41 379
41 384
41 386
41 391
41 393
41 430
42 43
42 44
42 50
42 57
42 62
42 63
42 67
42 68
42 73
42 78
42 79
42 87
42 89
42 92
42 93
42 100
42 108
42 118
42 119
42 127
42 131
42 135
42 139
42 140
42 144
42 159
42 164
42 166
42 177
42 178
42 197
42 198
42 206
42 214
42 217
42 227
42 228
42 232
42 243
42 249
42 253
42 255
42 262
42 265
42 277
42 283
42 289
42 304
42 305
42 316
42 317
42 336
42 337
42 340
42 344
42 375
42 391
42 392
42 430
42 438
43 46
43 47
43 49
43 50
43 51
43 52
43 54
43 56
43 57
43 58
43 60
43 61
43 63
43 64
43 65
43 66
43 70
43 71
43 77
43 82
43 83
43 92
43 110
43 112
43 113
43 119
43 120
43 122
43 130
43 131
43 135
43 136
43 139
43 140
43 142
43 144
43 149
43 152
43 155
43 156
43 158
43 159
43 161
43 162
43 165
43 166
43 170
43 175
43 181
43 201
43 204
43 205
43 206
43 213
43 216
43 228
43 233
43 238
43 244
43 254
43 276
43 304
43 313
43 316
43 323
43 324
43 326
43 327
43 341
43 343
43 346
43 377
43 380
43 387
43 402
43 403
43 404
43 414
43 415
43 444
44 45
44 49
44 57
44 59
44 68
44 69
44 73
44 81
44 84
44 87
44 91
44 92
44 93
44 101
44 106
44 120
44 123
44 125
44 126
44 133
44 140
44 142
44 157
44 158
44 159
44 176
44 191
44 205
44 207
44 221
44 225
44 230
44 232
44 237
44 241
44 243
44 245
44 248
44 264
44 268
44 274
44 282
44 307
44 331
44 333
44 346
44 355
44 356
44 357
44 363
44 368
44 371
44 376
44 404
44 411
44 429
44 432
44 434
44 440
44 445
44 448
45 47
45 48
45 52
45 53
45 59
45 60
45 65
45 69
45 70
45 75
45 76
45 79
45 86
45 94
45 100
45 105
45 106
45 108
45 109
45 110
45 111
45 113
45 121
45 134
45 137
45 144
45 146
45 147
45 149
45 156
45 163
45 166
45 169
45 170
45 182
45 183
45 190
45 204
45 219
45 227
45 230
45 231
45 234
45 240
45 252
45 255
45 261
45 268
45 272
45 277
45 282
45 283
45 290
45 304
45 310
45 312
45 315
45 324
45 330
45 336
45 339
45 340
45 343
45 348
45 377
45 396
45 411
45 418
45 422
45 447
45 448
46 48
46 49
46 52
46 54
46 57
46 58
46 59
46 62
46 65
46 76
46 79
46 80
46 81
46 83
46 85
46 86
46 92
46 93
46 95
46 102
46 103
46 104
46 105
46 107
46 110
46 112
46 113
46 115
46 127
46 128
46 129
46 147
46 150
46 156
46 160
46 162
46 175
46 181
46 182
46 184
46 196
46 205
46 209
46 224
46 233
46 234
46 238
46 241
46 244
46 247
46 255
46 259
46 270
46 278
46 279
46 284
46 288
46 304
46 307
46 332
46 333
46 353
46 366
46 370
46 373
46 383
46 385
46 387
46 388
46 390
46 392
46 396
46 404
46 412
46 418
46 420
46 432
46 439
46 444
47 48
47 50
47 52
47 56
47 58
47 62
47 69
47 72
47 77
47 83
47 85
47 86
47 93
47 102
47 103
47 105
47 116
47 119
47 121
47 125
47 133
47 135
47 141
47 142
47 144
47 150
47 155
47 158
47 160
47 174
47 176
47 177
47 185
47 187
47 189
47 191
47 196
47 200
47 202
47 209
47 222
47 230
47 237
47 239
47 252
47 256
47 257
47 264
47 267
47 268
47 279
47 287
47 291
47 293
47 296
47 297
47 303
47 308
47 342
47 350
47 381
47 394
47 395
47 401
47 406
47 410
47 418
47 422
47 424
47 435
47 440
48 49
48 51
48 56
48 59
48 61
48 62
48 64
48 65
48 69
48 70
48 73
48 76
48 78
48 86
48 87
48 105
48 110
48 111
48 118
48 121
48 122
48 125
48 127
48 129
48 130
48 135
48 136
48 142
48 147
48 148
48 153
48 155
48 167
48 168
48 179
48 181
48 183
48 195
48 202
48 207
48 212
48 215
48 216
48 218
48 219
48 229
48 231
48 235
48 240
48 244
48 252
48 260
48 265
48 266
48 281
48 288
48 297
48 313
48 319
48 322
48 333
48 336
48 339
48 350
48 356
48 365
48 376
48 391
48 409
48 414
48 418
48 443
49 54
49 58
49 59
49 65
49 74
49 80
49 81
49 89
49 91
49 96
49 97
49 98
49 101
49 116
49 119
49 123
49 130
49 131
49 141
49 149
49 153
49 155
49 160
49 174
49 190
49 199
49 260
49 263
49 274
49 294
49 295
49 310
49 319
49 360
49 364
49 373
49 379
49 386
49 392
49 397
49 398
49 407
49 422
49 449
50 52
50 55
50 58
50 61
50 64
50 66
50 71
50 72
50 73
50 75
50 84
50 89
50 95
50 103
50 104
50 105
50 114
50 124
50 126
50 131
50 134
50 154
50 167
50 174
50 183
50 193
50 201
50 202
50 227
50 232
50 235
50 245
50 248
50 249
50 256
50 263
50 267
50 270
50 273
50 287
50 299
50 301
50 356
50 359
50 364
50 371
50 381
50 385
50 418
50 425
50 431
50 437
50 449
51 53
51 56
51 58
51 61
51 62
51 63
51 70
51 74
51 75
51 76
51 82
51 84
51 93
51 94
51 96
51 107
51 108
51 109
51 112
51 113
51 114
51 116
51 126
51 127
51 131
51 139
51 149
51 151
51 152
51 153
51 154
51 160
51 161
51 162
51 164
51 177
51 183
51 192
51 199
51 217
51 222
51 236
51 238
51 253
51 260
51 263
51 277
51 280
51 284
51 288
51 292
51 310
51 313
51 319
51 330
51 337
51 347
51 352
51 359
51 365
51 369
51 377
51 379
51 388
51 389
51 397
51 429
51 438
51 446
52 53
52 54
52 56
52 59
52 60
52 64
52 68
52 69
52 74
52 77
52 79
52 85
52 87
52 89
52 99
52 101
52 102
52 103
52 109
52 117
52 121
52 128
52 129
52 132
52 136
52 144
52 147
52 150
52 155
52 164
52 166
52 189
52 198
52 201
52 202
52 208
52 209
52 214
52 224
52 240
52 241
52 252
52 257
52 264
52 267
52 269
52 272
52 291
52 292
52 331
52 338
52 342
52 347
52 352
52 378
52 398
52 409
52 416
52 433
52 447
53 55
53 57
53 58
53 63
53 64
53 70
53 71
53 72
53 75
53 81
53 83
53 88
53 89
53 91
53 95
53 96
53 99
53 101
53 102
53 104
53 106
53 109
53 110
53 111
53 115
53 116
53 117
53 118
53 122
53 123
53 128
53 129
53 130
53 136
53 140
53 141
53 144
53 145
53 150
53 151
53 154
53 161
53 162
53 167
53 168
53 179
53 184
53 189
53 193
53 196
53 204
53 215
53 220
53 225
53 228
53 230
53 233
53 234
53 242
53 258
53 265
53 270
53 275
53 284
53 315
53 316
53 325
53 331
53 340
53 347
53 362
53 368
53 374
53 381
53 410
53 411
53 420
53 427
53 432
53 436
53 445
54 57
54 58
54 63
54 66
54 70
54 75
54 76
54 78
54 81
54 84
54 87
54 88
54 98
54 102
54 105
54 106
54 110
54 112
54 113
54 118
54 131
54 146
54 148
54 157
54 159
54 160
54 166
54 167
54 169
54 171
54 172
54 200
54 204
54 208
54 217
54 226
54 231
54 254
54 255
54 262
54 284
54 291
54 304
54 318
54 319
54 322
54 333
54 338
54 348
54 359
54 367
54 380
54 445
55 56
55 57
55 58
55 59
55 61
55 68
55 71
55 73
55 87
55 88
55 94
55 96
55 98
55 104
55 119
55 124
55 125
55 126
55 132
55 133
55 139
55 141
55 152
55 155
55 163
55 171
55 180
55 187
55 197
55 198
55 199
55 207
55 216
55 229
55 254
55 261
55 273
55 299
55 302
55 332
55 341
55 356
55 383
55 386
55 417
55 431
55 438
55 441
56 57
56 67
56 72
56 74
56 88
56 90
56 95
56 97
56 98
56 105
56 108
56 113
56 114
56 115
56 137
56 141
56 147
56 152
56 153
56 155
56 161
56 165
56 172
56 173
56 188
56 190
56 193
56 197
56 202
56 203
56 210
56 211
56 215
56 228
56 237
56 256
56 279
56 287
56 290
56 291
56 306
56 308
56 311
56 354
56 358
56 365
56 381
56 391
56 392
56 398
56 402
56 403
56 439
56 445
57 63
57 71
57 79
57 82
57 83
57 91
57 94
57 106
57 108
57 114
57 118
57 119
57 123
57 126
57 129
57 132
57 134
57 142
57 146
57 154
57 158
57 162
57 167
57 172
57 178
57 184
57 195
57 202
57 206
57 211
57 215
57 217
57 225
57 233
57 239
57 241
57 253
57 266
57 271
57 288
57 300
57 305
57 306
57 311
57 335
57 340
57 348
57 355
57 359
57 373
57 382
57 384
57 413
57 421
57 422
57 425
57 429
57 433
57 435
57 442
58 68
58 69
58 72
58 76
58 81
58 82
58 84
58 87
58 95
58 96
58 98
58 104
58 107
58 110
58 115
58 116
58 127
58 132
58 137
58 149
58 155
58 175
58 184
58 185
58 192
58 194
58 196
58 216
58 218
58 223
58 226
58 237
58 242
58 251
58 257
58 268
58 285
58 302
58 304
58 307
58 331
58 345
58 360
58 362
58 369
58 377
59 63
59 66
59 67
59 69
59 71
59 94
59 101
59 107
59 116
59 120
59 125
59 140
59 152
59 158
59 159
59 162
59 164
59 166
59 173
59 175
59 176
59 212
59 221
59 222
59 224
59 225
59 226
59 235
59 242
59 247
59 248
59 254
59 260
59 266
59 285
59 300
59 323
59 324
59 326
59 328
59 330
59 337
59 342
59 350
59 368
59 372
59 383
59 395
59 402
59 406
59 408
59 412
59 420
59 441
59 448
60 65
60 73
60 76
60 77
60 80
60 81
60 86
60 88
60 89
60 90
60 100
60 103
60 105
60 117
60 127
60 133
60 135
60 139
60 148
60 151
60 156
60 159
60 163
60 167
60 178
60 184
60 191
60 193
60 195
60 200
60 209
60 213
60 221
60 226
60 236
60 244
60 250
60 266
60 271
60 272
60 274
60 280
60 285
60 325
60 327
60 329
60 334
60 342
60 344
60 345
60 349
60 351
60 352
60 378
60 380
60 383
60 390
60 408
60 432
60 443
60 447
61 66
61 70
61 76
61 82
61 84
61 85
61 86
61 88
61 110
61 116
61 119
61 120
61 122
61 129
61 130
61 137
61 146
61 158
61 161
61 163
61 165
61 170
61 173
61 179
61 180
61 185
61 186
61 192
61 199
61 208
61 212
61 213
61 214
61 215
61 221
61 230
61 240
61 242
61 253
61 260
61 269
61 277
61 282
61 303
61 309
61 314
61 344
61 357
61 369
61 379
61 386
61 403
61 418
61 423
61 424
62 63
62 66
62 69
62 73
62 75
62 77
62 87
62 90
62 95
62 97
62 98
62 102
62 103
62 104
62 110
62 112
62 115
62 117
62 136
62 142
62 148
62 149
62 150
62 158
62 171
62 178
62 180
62 185
62 194
62 197
62 208
62 216
62 218
62 222
62 226
62 230
62 232
62 233
62 247
62 279
62 288
62 291
62 298
62 316
62 317
62 323
62 326
62 328
62 338
62 344
62 354
62 365
62 372
62 377
62 379
62 381
62 391
62 404
62 417
62 419
62 424
62 432
62 443
63 66
63 69
63 72
63 83
63 84
63 85
63 90
63 103
63 125
63 127
63 128
63 137
63 144
63 150
63 154
63 173
63 175
63 176
63 179
63 183
63 187
63 194
63 208
63 209
63 213
63 216
63 227
63 248
63 256
63 258
63 278
63 281
63 282
63 286
63 304
63 330
63 336
63 354
63 358
63 364
63 378
63 409
63 416
63 423
64 67
64 68
64 74
64 78
64 81
64 89
64 91
64 97
64 98
64 101
64 102
64 118
64 124
64 126
64 127
64 128
64 138
64 152
64 162
64 164
64 199
64 202
64 203
64 210
64 225
64 227
64 244
64 269
64 280
64 285
64 288
64 320
64 325
64 326
64 330
64 336
64 349
64 353
64 358
64 381
64 411
64 433
65 72
65 77
65 78
65 84
65 97
65 111
65 113
65 124
65 144
65 151
65 155
65 165
65 167
65 175
65 182
65 183
65 200
65 207
65 211
65 212
65 213
65 215
65 235
65 264
65 265
65 274
65 283
65 294
65 296
65 299
65 327
65 352
65 360
65 378
65 429
65 430
65 435
65 445
66 77
66 79
66 87
66 89
66 92
66 94
66 96
66 104
66 109
66 143
66 146
66 152
66 159
66 161
66 163
66 166
66 176
66 183
66 185
66 189
66 200
66 201
66 211
66 212
66 217
66 218
66 220
66 222
66 224
66 240
66 243
66 259
66 264
66 279
66 280
66 281
66 293
66 318
66 339
66 350
66 365
66 397
66 407
66 411
66 412
66 432
67 73
67 77
67 78
67 79
67 99
67 101
67 105
67 109
67 123
67 126
67 127
67 135
67 137
67 143
67 161
67 171
67 198
67 211
67 212
67 238
67 241
67 259
67 278
67 296
67 307
67 312
67 337
67 340
67 345
67 359
67 363
67 373
67 380
67 387
67 396
67 399
67 445
67 446
68 72
68 75
68 79
68 82
68 84
68 85
68 89
68 91
68 96
68 97
68 105
68 106
68 116
68 117
68 121
68 130
68 136
68 139
68 142
68 143
68 148
68 158
68 161
68 173
68 174
68 176
68 180
68 182
68 187
68 199
68 200
68 201
68 203
68 213
68 247
68 257
68 264
68 269
68 284
68 299
68 314
68 338
68 344
68 348
68 349
68 353
68 377
68 382
68 411
68 417
68 422
68 434
68 435
69 73
69 81
69 87
69 88
69 89
69 102
69 103
69 104
69 114
69 115
69 117
69 121
69 123
69 127
69 133
69 139
69 148
69 162
69 163
69 180
69 187
69 206
69 211
69 231
69 237
69 247
69 261
69 273
69 275
69 289
69 297
69 350
69 353
69 387
69 398
69 400
69 401
69 402
69 411
69 419
69 433
69 440
70 73
70 77
70 79
70 84
70 87
70 91
70 92
70 101
70 102
70 106
70 110
70 115
70 123
70 128
70 130
70 138
70 141
70 145
70 151
70 152
70 155
70 157
70 161
70 170
70 172
70 173
70 197
70 198
70 210
70 211
70 236
70 256
70 274
70 297
70 300
70 301
70 303
70 313
70 330
70 350
70 356
70 367
70 371
70 395
70 397
70 404
70 406
70 421
70 431
71 72
71 73
71 74
71 77
71 80
71 82
71 85
71 87
71 88
71 102
71 134
71 135
71 156
71 157
71 186
71 192
71 194
71 195
71 203
71 222
71 242
71 260
71 274
71 275
71 281
71 303
71 342
71 353
71 359
71 360
71 363
71 375
71 390
71 396
71 399
71 408
71 416
71 421
71 423
71 426
71 443
71 447
72 80
72 82
72 86
72 89
72 96
72 98
72 99
72 116
72 117
72 120
72 122
72 125
72 129
72 131
72 133
72 136
72 139
72 147
72 155
72 172
72 198
72 205
72 219
72 220
72 228
72 232
72 243
72 247
72 264
72 267
72 280
72 283
72 290
72 299
72 315
72 317
72 354
72 360
72 365
72 384
72 402
72 405
73 76
73 77
73 91
73 93
73 111
73 113
73 115
73 129
73 141
73 148
73 151
73 165
73 166
73 169
73 172
73 178
73 190
73 198
73 208
73 217
73 225
73 236
73 257
73 260
73 261
73 262
73 270
73 273
73 293
73 303
73 308
73 314
73 316
73 369
73 390
73 398
73 405
73 409
73 419
73 434
74 78
74 82
74 96
74 99
74 100
74 106
74 108
74 125
74 126
74 134
74 141
74 143
74 145
74 146
74 159
74 163
74 165
74 169
74 170
74 172
74 173
74 174
74 178
74 188
74 190
74 198
74 201
74 206
74 221
74 222
74 225
74 228
74 239
74 242
74 247
74 266
74 272
74 273
74 288
74 296
74 299
74 302
74 303
74 307
74 317
74 332
74 339
74 341
74 342
74 346
74 347
74 367
74 371
74 372
74 381
74 382
74 390
74 396
74 409
74 423
74 425
74 435
74 438
75 77
75 79
75 89
75 92
75 93
75 95
75 100
75 106
75 108
75 109
75 110
75 113
75 114
75 118
75 135
75 138
75 143
75 146
75 154
75 164
75 165
75 188
75 193
75 198
75 199
75 200
75 202
75 209
75 220
75 222
75 241
75 246
75 263
75 308
75 313
75 316
75 334
75 337
75 342
75 344
75 362
75 377
75 387
75 402
75 410
75 412
75 430
75 436
76 94
76 99
76 102
76 103
76 107
76 111
76 117
76 118
76 121
76 122
76 128
76 133
76 134
76 149
76 159
76 186
76 200
76 203
76 210
76 224
76 225
76 254
76 255
76 261
76 287
76 290
76 309
76 320
76 333
76 335
76 345
76 350
76 370
76 373
76 375
76 386
76 414
76 440
77 91
77 94
77 102
77 104
77 119
77 170
77 174
77 181
77 184
77 191
77 193
77 196
77 197
77 214
77 215
77 225
77 241
77 244
77 294
77 311
77 331
77 337
77 359
77 373
77 394
77 403
77 422
77 448
78 83
78 93
78 94
78 100
78 103
78 120
78 127
78 131
78 132
78 140
78 148
78 160
78 163
78 177
78 187
78 189
78 192
78 216
78 223
78 246
78 257
78 264
78 265
78 268
78 303
78 313
78 368
78 374
78 388
78 392
78 399
78 410
78 414
78 418
78 445
79 81
79 85
79 86
79 102
79 105
79 111
79 115
79 131
79 138
79 153
79 181
79 185
79 191
79 202
79 206
79 210
79 223
79 228
79 238
79 245
79 276
79 278
79 296
79 304
79 306
79 343
79 345
79 352
79 368
79 370
79 375
79 393
79 396
79 403
79 408
79 428
80 84
80 85
80 86
80 90
80 94
80 95
80 99
80 100
80 108
80 112
80 123
80 128
80 148
80 155
80 156
80 157
80 160
80 162
80 164
80 176
80 184
80 187
80 188
80 192
80 200
80 213
80 226
80 238
80 240
80 245
80 252
80 254
80 264
80 288
80 292
80 294
80 295
80 306
80 314
80 325
80 326
80 327
80 330
80 332
80 344
80 349
80 350
80 364
80 378
80 385
80 391
80 392
80 407
80 413
80 420
80 443
81 83
81 86
81 93
81 110
81 135
81 138
81 141
81 146
81 150
81 153
81 157
81 164
81 176
81 196
81 199
81 202
81 204
81 215
81 217
81 218
81 222
81 233
81 261
81 265
81 280
81 286
81 316
81 365
81 368
81 379
81 380
81 383
81 399
81 401
81 418
81 428
82 85
82 97
82 100
82 105
82 121
82 123
82 126
82 128
82 130
82 133
82 139
82 153
82 163
82 168
82 170
82 174
82 177
82 185
82 186
82 201
82 219
82 223
82 240
82 255
82 260
82 264
82 283
82 291
82 306
82 309
82 310
82 324
82 335
82 338
82 342
82 359
82 379
82 382
82 404
82 407
82 409
82 421
82 423
82 438
82 443
82 446
82 448
83 85
83 88
83 92
83 103
83 104
83 107
83 109
83 114
83 115
83 116
83 136
83 140
83 146
83 149
83 152
83 156
83 159
83 248
83 251
83 282
83 314
83 318
83 323
83 328
83 346
83 384
83 391
83 440
83 444
84 92
84 99
84 100
84 103
84 107
84 130
84 134
84 137
84 141
84 143
84 150
84 151
84 154
84 158
84 165
84 169
84 173
84 175
84 180
84 184
84 191
84 203
84 204
84 205
84 220
84 232
84 241
84 243
84 279
84 298
84 308
84 319
84 347
84 368
84 401
84 437
84 440
85 91
85 94
85 112
85 124
85 125
85 142
85 146
85 160
85 163
85 173
85 175
85 186
85 190
85 211
85 220
85 221
85 223
85 224
85 235
85 236
85 246
85 273
85 276
85 317
85 318
85 327
85 353
85 361
85 369
85 396
85 401
85 424
85 439
86 92
86 93
86 99
86 102
86 105
86 106
86 108
86 113
86 124
86 131
86 141
86 142
86 151
86 154
86 156
86 161
86 162
86 163
86 184
86 188
86 189
86 190
86 191
86 208
86 214
86 229
86 245
86 267
86 269
86 285
86 289
86 299
86 318
86 320
86 321
86 322
86 341
86 361
86 362
86 363
86 366
86 368
86 387
86 395
86 426
86 437
87 88
87 90
87 95
87 96
87 98
87 104
87 108
87 109
87 120
87 122
87 132
87 134
87 140
87 145
87 147
87 149
87 154
87 170
87 186
87 195
87 196
87 204
87 215
87 223
87 233
87 245
87 252
87 272
87 273
87 278
87 281
87 288
87 305
87 336
87 339
87 348
87 353
87 384
87 385
87 399
87 419
87 422
88 93
88 107
88 109
88 111
88 112
88 124
88 125
88 127
88 145
88 146
88 149
88 194
88 214
88 242
88 245
88 269
88 270
88 271
88 272
88 275
88 281
88 292
88 308
88 313
88 320
88 322
88 331
88 333
88 336
88 361
88 385
88 388
88 389
88 390
88 398
88 416
88 439
88 441
89 94
89 101
89 118
89 121
89 127
89 135
89 138
89 149
89 168
89 183
89 188
89 198
89 203
89 216
89 217
89 222
89 227
89 240
89 250
89 274
89 282
89 286
89 305
89 321
89 322
89 329
89 335
89 352
89 365
89 373
89 389
89 400
89 445
89 448
90 91
90 93
90 105
90 121
90 134
90 148
90 152
90 157
90 159
90 168
90 176
90 201
90 203
90 210
90 216
90 227
90 233
90 236
90 244
90 250
90 259
90 261
90 283
90 292
90 300
90 303
90 304
90 323
90 333
90 340
90 341
90 343
90 350
90 364
90 367
90 381
90 394
90 399
90 422
90 426
90 434
91 93
91 95
91 106
91 112
91 115
91 121
91 122
91 125
91 127
91 133
91 146
91 156
91 163
91 169
91 172
91 174
91 177
91 184
91 194
91 195
91 197
91 212
91 213
91 255
91 267
91 287
91 291
91 296
91 308
91 327
91 344
91 364
91 366
91 411
91 427
91 445
91 446
92 93
92 107
92 120
92 121
92 127
92 139
92 152
92 155
92 161
92 166
92 174
92 180
92 191
92 194
92 197
92 201
92 206
92 232
92 235
92 257
92 266
92 269
92 272
92 282
92 294
92 297
92 312
92 315
92 317
92 320
92 324
92 350
92 351
92 355
92 360
92 365
92 379
92 390
92 396
92 417
92 438
93 97
93 104
93 108
93 120
93 131
93 134
93 143
93 146
93 151
93 157
93 166
93 174
93 179
93 183
93 186
93 187
93 218
93 221
93 222
93 230
93 255
93 261
93 264
93 265
93 275
93 277
93 283
93 292
93 305
93 306
93 318
93 334
93 339
93 342
93 354
93 358
93 361
93 377
93 409
93 420
93 436
93 437
93 444
93 445
94 105
94 108
94 124
94 135
94 136
94 142
94 157
94 158
94 161
94 174
94 175
94 177
94 203
94 205
94 215
94 224
94 233
94 242
94 280
94 283
94 288
94 289
94 306
94 358
94 372
94 398
94 422
94 425
94 436
95 112
95 117
95 132
95 142
95 160
95 166
95 182
95 238
95 257
95 265
95 272
95 295
95 328
95 370
95 374
95 405
95 407
95 441
96 107
96 108
96 109
96 112
96 114
96 120
96 128
96 129
96 130
96 133
96 138
96 139
96 143
96 151
96 154
96 175
96 178
96 180
96 181
96 198
96 199
96 210
96 213
96 214
96 221
96 225
96 237
96 242
96 247
96 248
96 249
96 253
96 256
96 259
96 273
96 285
96 291
96 299
96 325
96 341
96 346
96 351
96 352
96 393
96 400
96 412
96 428
96 433
96 437
96 449
97 98
97 101
97 106
97 107
97 116
97 119
97 130
97 132
97 138
97 145
97 153
97 160
97 165
97 174
97 183
97 196
97 203
97 211
97 212
97 221
97 239
97 244
97 251
97 254
97 258
97 263
97 270
97 271
97 295
97 320
97 328
97 353
97 372
97 381
97 407
97 412
97 429
97 436
98 109
98 112
98 122
98 124
98 137
98 139
98 150
98 160
98 163
98 173
98 183
98 200
98 206
98 219
98 242
98 246
98 272
98 278
98 284
98 297
98 312
98 318
98 349
98 371
98 375
98 376
98 384
98 385
98 407
98 412
98 419
98 421
98 428
98 434
99 100
99 115
99 120
99 136
99 151
99 155
99 167
99 178
99 235
99 237
99 252
99 266
99 278
99 279
99 296
99 302
99 305
99 319
99 346
99 364
99 420
99 448
100 106
100 109
100 113
100 121
100 126
100 128
100 130
100 149
100 169
100 171
100 175
100 180
100 185
100 208
100 223
100 236
100 240
100 270
100 287
100 302
100 337
100 343
100 360
100 362
100 380
100 382
100 384
100 387
100 408
100 417
100 420
100 428
100 429
100 441
101 109
101 114
101 127
101 132
101 150
101 169
101 171
101 187
101 197
101 215
101 233
101 234
101 277
101 284
101 293
101 313
101 318
101 356
101 362
101 414
101 429
102 103
102 105
102 120
102 122
102 124
102 135
102 138
102 141
102 157
102 166
102 176
102 179
102 195
102 215
102 235
102 241
102 243
102 246
102 253
102 262
102 281
102 282
102 300
102 303
102 306
102 313
102 326
102 372
102 376
102 379
102 399
103 106
103 109
103 114
103 132
103 138
103 139
103 143
103 167
103 168
103 172
103 177
103 182
103 187
103 189
103 246
103 249
103 273
103 275
103 285
103 303
103 310
103 318
103 320
103 325
103 357
103 360
103 367
103 386
103 390
103 391
103 409
103 417
103 420
103 438
103 446
104 121
104 125
104 128
104 134
104 136
104 147
104 153
104 155
104 165
104 177
104 181
104 185
104 189
104 194
104 212
104 241
104 246
104 252
104 254
104 255
104 257
104 260
104 266
104 269
104 275
104 329
104 336
104 338
104 402
104 409
104 416
104 424
105 114
105 120
105 125
105 135
105 143
105 145
105 151
105 153
105 170
105 179
105 197
105 205
105 238
105 260
105 270
105 284
105 293
105 296
105 297
105 300
105 308
105 310
105 323
105 333
105 334
105 341
105 351
105 352
105 370
105 392
105 395
105 404
105 408
105 424
106 112
106 123
106 125
106 136
106 144
106 151
106 154
106 170
106 180
106 190
106 205
106 207
106 213
106 217
106 218
106 230
106 231
106 233
106 243
106 247
106 258
106 262
106 278
106 301
106 304
106 307
106 315
106 334
106 363
106 373
106 379
106 397
106 405
106 409
106 415
106 418
106 436
106 437
107 127
107 132
107 145
107 154
107 178
107 188
107 202
107 205
107 209
107 213
107 214
107 223
107 230
107 234
107 245
107 254
107 265
107 266
107 272
107 276
107 295
107 314
107 316
107 327
107 339
107 351
107 362
107 368
107 384
107 385
107 395
107 397
107 405
107 439
107 449
108 143
108 144
108 157
108 171
108 174
108 178
108 197
108 220
108 223
108 226
108 237
108 250
108 253
108 282
108 304
108 312
108 314
108 332
108 344
108 407
108 445
108 447
109 111
109 112
109 118
109 119
109 123
109 143
109 151
109 157
109 162
109 167
109 175
109 193
109 195
109 214
109 215
109 219
109 230
109 268
109 275
109 277
109 287
109 321
109 337
109 365
109 370
109 398
109 443
109 449
110 123
110 182
110 187
110 195
110 250
110 251
110 271
110 281
110 295
110 306
110 338
110 345
110 348
110 362
110 379
110 385
110 408
110 429
110 440
110 441
111 119
111 120
111 126
111 130
111 134
111 136
111 142
111 151
111 200
111 202
111 230
111 245
111 251
111 276
111 290
111 293
111 298
111 301
111 303
111 328
111 338
111 357
111 371
111 401
111 405
111 419
111 420
111 428
112 139
112 143
112 168
112 171
112 181
112 182
112 196
112 207
112 213
112 215
112 224
112 225
112 227
112 251
112 254
112 258
112 273
112 274
112 278
112 294
112 296
112 323
112 338
112 359
112 380
112 382
112 393
112 394
112 416
112 449
113 114
113 118
113 126
113 129
113 139
113 145
113 152
113 158
113 173
113 182
113 193
113 194
113 207
113 208
113 209
113 214
113 217
113 225
113 228
113 236
113 249
113 273
113 345
113 349
113 355
113 360
113 374
113 378
113 379
113 383
113 431
114 118
114 125
114 129
114 137
114 152
114 154
114 157
114 162
114 164
114 169
114 170
114 177
114 183
114 186
114 189
114 210
114 214
114 216
114 218
114 236
114 238
114 241
114 255
114 258
114 267
114 282
114 285
114 292
114 310
114 327
114 330
114 332
114 336
114 345
114 355
114 394
115 123
115 127
115 132
115 150
115 162
115 171
115 207
115 216
115 223
115 250
115 253
115 256
115 276
115 300
115 314
115 333
115 356
115 394
115 410
115 417
116 124
116 156
116 163
116 182
116 207
116 233
116 272
116 284
116 337
116 395
116 400
116 430
116 436
117 122
117 131
117 134
117 140
117 145
117 151
117 161
117 162
117 164
117 185
117 188
117 193
117 194
117 196
117 199
117 215
117 229
117 230
117 231
117 233
117 237
117 239
117 241
117 246
117 258
117 269
117 274
117 301
117 309
117 317
117 335
117 346
117 357
117 383
117 386
117 391
117 401
117 445
118 127
118 137
118 147
118 148
118 172
118 179
118 206
118 240
118 241
118 242
118 256
118 276
118 278
118 281
118 289
118 300
118 304
118 305
118 310
118 311
118 336
118 352
118 440
119 124
119 132
119 178
119 179
119 184
119 188
119 192
119 205
119 227
119 229
119 243
119 272
119 286
119 291
119 317
119 372
119 378
119 412
119 441
120 123
120 133
120 138
120 154
120 165
120 167
120 181
120 191
120 201
120 212
120 214
120 230
120 231
120 234
120 270
120 307
120 310
120 317
120 318
120 335
120 338
120 343
120 369
120 384
120 398
120 399
120 413
120 414
120 416
120 430
120 433
121 129
121 137
121 149
121 161
121 167
121 172
121 215
121 245
121 250
121 267
121 295
121 302
121 311
121 314
121 328
121 375
121 381
121 391
121 398
121 400
121 437
121 449
122 124
122 128
122 136
122 137
122 138
122 143
122 180
122 182
122 199
122 230
122 262
122 276
122 284
122 294
122 295
122 298
122 317
122 346
122 359
122 369
122 386
122 413
122 421
123 124
123 170
123 179
123 181
123 190
123 191
123 205
123 219
123 226
123 228
123 235
123 253
123 259
123 263
123 266
123 275
123 278
123 300
123 321
123 323
123 326
123 328
123 341
123 349
123 386
123 387
123 392
123 404
123 423
123 426
123 433
124 128
124 130
124 132
124 140
124 189
124 203
124 206
124 275
124 280
124 294
124 301
124 302
124 311
124 334
124 349
124 358
124 364
124 373
124 376
124 405
124 433
125 130
125 145
125 156
125 170
125 176
125 183
125 190
125 193
125 194
125 215
125 234
125 248
125 286
125 288
125 313
125 363
125 374
125 393
125 402
125 412
125 415
125 426
126 135
126 166
126 189
126 195
126 200
126 206
126 219
126 226
126 235
126 237
126 257
126 262
126 269
126 286
126 290
126 327
126 334
126 406
126 410
126 431
126 441
127 143
127 153
127 160
127 165
127 172
127 217
127 247
127 252
127 257
127 302
127 334
127 364
127 388
127 445
127 447
128 147
128 157
128 164
128 167
128 184
128 192
128 193
128 205
128 209
128 211
128 225
128 228
128 244
128 245
128 316
128 356
128 360
128 361
128 367
128 402
128 419
128 428
129 139
129 142
129 146
129 156
129 168
129 189
129 190
129 255
129 259
129 265
129 280
129 285
129 301
129 320
129 329
129 331
129 332
129 355
129 371
129 375
129 382
129 390
129 403
129 429
129 440
130 134
130 139
130 154
130 169
130 176
130 177
130 184
130 189
130 190
130 195
130 219
130 221
130 226
130 228
130 229
130 243
130 265
130 277
130 302
130 309
130 311
130 319
130 341
130 343
130 347
130 356
130 357
130 373
130 379
130 384
130 422
130 424
131 142
131 161
131 162
131 168
131 169
131 184
131 201
131 224
131 246
131 257
131 279
131 316
131 343
131 357
131 431
132 146
132 150
132 159
132 164
132 171
132 186
132 192
132 194
132 199
132 218
132 234
132 263
132 296
132 299
132 353
132 424
132 438
133 143
133 148
133 153
133 164
133 165
133 217
133 218
133 223
133 240
133 244
133 251
133 261
133 271
133 293
133 316
133 318
133 369
133 383
133 398
133 401
133 414
134 160
134 180
134 181
134 206
134 216
134 235
134 243
134 253
134 259
134 296
134 336
134 432
134 436
135 146
135 157
135 160
135 164
135 170
135 172
135 187
135 297
135 298
135 303
135 400
135 404
135 409
135 430
135 444
136 154
136 159
136 183
136 229
136 263
136 269
136 298
136 330
136 350
136 358
136 359
136 362
136 378
137 171
137 172
137 198
137 205
137 239
137 240
137 247
137 255
137 268
137 277
137 285
137 291
137 292
137 310
137 369
137 377
137 378
138 146
138 202
138 204
138 207
138 233
138 240
138 243
138 249
138 289
138 342
138 354
138 372
138 420
138 425
138 433
139 150
139 153
139 156
139 162
139 165
139 166
139 225
139 229
139 237
139 239
139 241
139 243
139 254
139 266
139 271
139 323
139 375
139 385
139 410
139 444
140 144
140 159
140 160
140 168
140 203
140 238
140 251
140 252
140 261
140 274
140 339
140 342
140 343
140 359
140 372
140 402
141 144
141 169
141 179
141 206
141 216
141 222
141 234
141 236
141 243
141 264
141 271
141 292
141 300
141 338
141 340
141 374
141 377
141 390
141 437
142 144
142 148
142 152
142 154
142 163
142 165
142 178
142 195
142 203
142 204
142 212
142 213
142 214
142 222
142 235
142 261
142 275
142 280
142 289
142 292
142 294
142 297
142 316
142 319
142 321
142 338
142 345
142 354
142 378
142 404
142 412
142 415
142 425
142 429
142 434
142 447
143 179
143 189
143 201
143 227
143 249
143 277
143 297
143 403
143 427
144 147
144 150
144 196
144 206
144 216
144 226
144 229
144 237
144 257
144 306
144 315
144 327
144 347
144 352
144 374
144 387
144 398
145 146
145 198
145 201
145 228
145 235
145 287
145 304
145 338
145 346
145 369
145 373
145 376
145 391
145 397
145 400
145 421
145 437
145 440
146 169
146 176
146 206
146 290
146 300
146 301
146 306
146 314
146 335
146 341
146 369
146 370
146 420
147 165
147 169
147 182
147 194
147 206
147 235
147 242
147 258
147 295
147 308
147 318
147 392
147 395
147 423
148 159
148 173
148 177
148 178
148 179
148 185
148 189
148 208
148 217
148 231
148 238
148 247
148 252
148 255
148 262
148 280
148 294
148 325
148 326
148 327
148 349
148 365
148 367
149 154
149 157
149 171
149 187
149 191
149 192
149 200
149 211
149 226
149 229
149 275
149 322
149 343
149 357
149 364
149 373
149 378
149 449
150 155
150 158
150 170
150 177
150 191
150 244
150 246
150 283
150 292
150 312
150 319
150 323
150 326
150 351
150 354
150 356
150 361
150 400
150 403
150 423
151 182
151 188
151 192
151 194
151 200
151 219
151 224
151 228
151 229
151 255
151 267
151 274
151 281
151 370
151 376
151 406
151 408
151 415
151 423
151 429
151 437
151 448
152 154
152 194
152 198
152 200
152 209
152 247
152 276
152 281
152 340
152 345
152 423
153 155
153 166
153 172
153 175
153 186
153 224
153 231
153 233
153 236
153 238
153 246
153 259
153 262
153 264
153 276
153 280
153 282
153 313
153 332
153 355
153 413
153 431
154 175
154 207
154 210
154 212
154 232
154 233
154 242
154 297
154 308
154 324
154 327
154 348
154 360
154 424
155 173
155 190
155 193
155 271
155 280
155 302
155 307
155 313
155 321
155 322
155 331
155 378
155 384
155 395
155 417
155 419
155 427
155 432
155 433
156 169
156 179
156 181
156 183
156 184
156 191
156 192
156 258
156 265
156 274
156 302
156 306
156 338
156 388
156 436
157 161
157 165
157 167
157 188
157 198
157 205
157 234
157 237
157 250
157 268
157 271
157 281
157 341
157 362
157 366
157 371
157 375
157 416
157 436
157 437
158 182
158 185
158 188
158 192
158 211
158 232
158 275
158 280
158 295
158 302
158 304
158 308
158 357
158 364
158 377
158 413
158 414
158 429
158 438
159 166
159 188
159 192
159 193
159 211
159 296
159 341
159 347
159 425
160 162
160 183
160 223
160 237
160 239
160 305
160 307
160 368
160 396
160 404
160 425
160 439
161 189
161 195
161 199
161 208
161 211
161 218
161 221
161 265
161 274
161 295
161 300
161 301
161 316
161 320
161 324
161 332
161 354
161 363
161 374
161 376
161 420
161 427
161 441
161 444
162 175
162 206
162 218
162 220
162 224
162 226
162 228
162 254
162 256
162 278
162 285
162 287
162 321
162 344
162 426
162 427
162 429
163 169
163 170
163 298
163 305
163 311
163 354
163 360
163 392
163 423
163 431
164 185
164 197
164 207
164 273
164 294
164 323
164 342
164 359
164 367
164 376
164 382
164 396
164 416
164 422
164 432
165 188
165 190
165 193
165 198
165 204
165 236
165 270
165 275
165 291
165 334
165 343
165 369
165 371
165 392
165 394
165 405
165 412
166 168
166 182
166 187
166 189
166 192
166 210
166 211
166 218
166 220
166 226
166 227
166 236
166 246
166 278
166 283
166 307
166 310
166 311
166 322
166 342
166 363
166 370
166 374
166 377
166 395
166 412
166 424
166 440
167 174
167 180
167 208
167 236
167 249
167 271
167 287
167 298
167 308
167 337
167 356
167 362
167 372
167 424
167 433
168 181
168 193
168 194
168 204
168 212
168 236
168 247
168 262
168 269
168 271
168 278
168 279
168 283
168 305
168 322
168 334
168 400
168 431
169 179
169 180
169 208
169 247
169 262
169 264
169 285
169 286
169 289
169 299
169 309
169 318
169 334
169 374
169 380
169 397
169 405
169 407
169 426
170 173
170 190
170 213
170 248
170 251
170 252
170 272
170 276
170 278
170 288
170 297
170 301
170 315
170 331
170 355
170 368
170 377
170 383
170 410
170 426
170 434
171 181
171 206
171 217
171 227
171 248
171 270
171 271
171 276
171 302
171 306
171 321
171 352
171 373
171 383
172 192
172 203
172 245
172 246
172 262
172 299
172 328
172 342
172 355
173 202
173 247
173 271
173 332
173 336
173 345
173 414
174 202
174 210
174 219
174 250
174 265
174 269
174 305
174 317
174 347
174 375
174 428
174 438
174 445
175 211
175 214
175 232
175 240
175 252
175 257
175 260
175 275
175 282
175 286
175 300
175 315
175 340
175 347
175 349
175 355
175 359
175 382
175 384
175 432
176 217
176 218
176 264
176 286
176 331
176 343
176 347
176 348
176 350
176 364
176 409
176 434
177 215
177 221
177 226
177 228
177 229
177 230
177 235
177 238
177 261
177 290
177 297
177 321
177 383
177 389
177 417
177 447
178 200
178 215
178 229
178 230
178 242
178 250
178 257
178 294
178 324
178 398
178 406
178 419
179 187
179 234
179 235
179 236
179 247
179 249
179 251
179 253
179 287
179 296
179 323
179 324
179 391
179 426
180 186
180 200
180 209
180 210
180 221
180 239
180 253
180 268
180 279
180 288
180 292
180 302
180 305
180 315
180 352
180 384
180 391
180 430
180 431
180 441
181 184
181 204
181 254
181 256
181 258
181 288
181 292
181 294
181 387
181 388
181 409
181 433
181 444
182 188
182 192
182 215
182 224
182 232
182 258
182 280
182 284
182 303
182 336
182 344
182 366
182 387
182 420
182 448
183 205
183 227
183 261
183 265
183 279
183 282
183 295
183 314
183 315
183 321
183 379
183 406
183 414
183 422
184 201
184 208
184 252
184 256
184 280
184 282
184 291
184 302
184 309
184 315
184 343
184 380
184 393
184 435
185 196
185 224
185 249
185 268
185 276
185 312
185 337
185 354
185 385
185 403
185 407
185 408
185 447
186 193
186 210
186 220
186 252
186 284
186 293
186 364
186 403
186 412
186 433
186 434
187 192
187 196
187 198
187 220
187 233
187 244
187 251
187 282
187 323
187 324
187 333
187 334
187 351
187 367
187 382
187 399
187 403
187 421
187 424
187 432
187 448
187 449
188 195
188 203
188 211
188 229
188 231
188 238
188 250
188 253
188 262
188 281
188 298
188 303
188 319
188 330
188 336
188 379
188 409
188 424
189 205
189 244
189 250
189 258
189 302
189 308
189 329
189 331
189 366
189 370
189 385
189 402
189 413
189 421
189 434
190 222
190 232
190 261
190 268
190 289
190 343
190 349
190 350
190 361
190 430
190 431
191 192
191 204
191 225
191 248
191 259
191 308
191 309
191 312
191 331
191 341
191 350
191 353
191 362
191 371
191 423
191 430
192 194
192 242
192 248
192 253
192 263
192 265
192 268
192 306
192 312
192 334
192 337
192 365
192 395
192 422
193 196
193 197
193 205
193 253
193 259
193 275
193 276
193 286
193 320
193 335
193 362
193 396
194 209
194 229
194 231
194 242
194 244
194 255
194 256
194 258
194 265
194 268
194 281
194 286
194 291
194 309
194 320
194 324
194 339
194 344
194 358
194 410
194 418
195 222
195 239
195 242
195 249
195 269
195 279
195 331
195 351
195 357
195 403
195 420
196 223
196 266
196 274
196 286
196 294
196 335
196 360
196 361
196 391
197 201
197 205
197 222
197 262
197 270
197 295
197 316
197 356
197 366
197 377
197 449
198 213
198 224
198 234
198 253
198 266
198 297
198 298
198 328
198 358
198 362
198 367
198 370
198 376
198 396
198 402
198 435
198 444
199 205
199 213
199 250
199 295
199 297
199 329
199 343
199 371
199 386
199 388
199 392
199 422
200 208
200 214
200 219
200 228
200 242
200 246
200 258
200 272
200 289
200 292
200 310
200 320
200 331
200 370
200 373
200 374
200 392
200 403
200 417
200 436
201 239
201 240
201 245
201 270
201 301
201 309
201 314
201 318
201 333
201 338
201 343
201 350
201 364
201 379
201 410
202 219
202 234
202 264
202 340
202 348
202 358
202 368
202 376
203 213
203 223
203 250
203 253
203 273
203 280
203 285
203 291
203 299
203 303
203 304
203 322
203 327
203 336
203 349
203 352
203 358
203 362
203 363
204 218
204 221
204 227
204 311
204 379
204 389
204 406
204 447
205 223
205 235
205 271
205 300
205 301
205 332
205 355
205 386
206 211
206 226
206 278
206 284
206 304
206 312
206 325
206 350
206 353
206 378
206 401
206 412
206 424
207 214
207 215
207 217
207 222
207 242
207 264
207 274
207 323
207 333
207 335
207 341
207 357
208 219
208 222
208 238
208 249
208 255
208 260
208 307
208 310
208 368
208 376
208 387
208 395
208 396
208 401
208 408
208 416
208 443
208 447
209 216
209 298
209 305
209 309
209 329
209 331
209 337
209 367
209 371
209 431
210 232
210 239
210 246
210 252
210 328
210 337
210 343
210 387
210 392
210 398
210 413
210 415
210 436
211 213
211 227
211 230
211 250
211 262
211 282
211 293
211 295
211 314
211 315
211 322
211 330
211 340
211 341
211 354
211 358
211 369
211 379
211 380
211 413
211 431
212 215
212 240
212 245
212 267
212 277
212 329
212 376
212 408
213 264
213 268
213 279
213 285
213 296
213 304
213 312
213 340
213 347
213 348
213 353
213 394
213 428
213 430
213 441
214 234
214 235
214 264
214 308
214 403
214 441
215 234
215 238
215 245
215 250
215 256
215 264
215 268
215 318
215 344
215 362
215 369
215 373
215 380
215 411
216 260
216 313
216 338
216 339
216 383
216 396
216 449
217 248
217 300
217 319
217 344
217 443
218 265
218 281
218 298
218 338
218 341
218 344
218 353
218 386
218 399
218 403
218 405
218 423
219 258
219 271
219 272
219 331
219 332
219 343
219 367
219 405
219 444
220 225
220 242
220 291
220 307
220 310
220 314
220 317
220 349
220 390
220 401
220 406
220 449
221 229
221 232
221 241
221 243
221 248
221 249
221 291
221 306
221 446
222 226
222 241
222 251
222 258
222 263
222 268
222 269
222 273
222 281
222 292
222 295
222 301
222 319
222 337
222 342
222 343
222 366
222 371
222 387
222 388
222 419
223 239
223 274
223 279
223 312
223 323
223 330
223 347
223 366
223 374
223 416
223 422
223 426
223 447
223 449
224 245
224 252
224 279
224 286
224 299
224 306
224 333
224 359
224 376
225 226
225 254
225 257
225 286
225 335
225 356
225 359
226 361
226 363
226 414
226 426
226 442
227 244
227 311
227 314
227 325
227 366
227 378
227 411
227 413
227 434
228 232
228 251
228 260
228 263
228 273
228 338
228 367
229 239
229 247
229 256
229 325
229 348
229 363
229 416
229 419
229 438
230 267
230 285
230 326
230 332
230 358
230 394
230 416
230 418
230 421
231 234
231 237
231 249
231 258
231 259
231 283
231 284
231 298
231 311
231 321
231 348
231 392
231 405
231 408
231 415
231 432
232 256
232 264
232 313
232 332
232 349
232 436
233 292
233 301
233 341
234 240
234 253
234 275
234 292
234 311
234 331
234 351
234 363
234 394
234 408
234 409
234 413
234 441
235 247
235 266
235 274
235 313
235 316
235 362
235 428
236 248
236 267
236 279
236 327
236 349
236 431
236 435
237 246
237 286
237 329
237 353
237 408
237 438
237 439
238 239
238 241
238 256
238 266
238 267
238 307
238 334
238 352
238 381
238 402
238 446
239 246
239 248
239 269
239 280
239 325
239 340
239 375
239 393
239 406
239 414
239 439
240 246
240 262
240 292
240 312
240 322
240 345
240 346
240 399
240 420
240 439
241 251
241 259
241 320
241 359
241 360
241 373
241 378
241 395
241 407
241 421
241 449
242 261
242 270
242 283
242 330
242 342
242 380
242 381
242 382
242 407
243 253
243 281
243 283
243 313
243 322
243 324
243 377
243 380
243 388
243 394
243 404
243 429
243 447
244 257
244 260
244 293
244 298
244 302
244 315
244 320
244 321
244 385
244 386
244 390
244 423
244 429
245 290
245 307
245 346
245 370
245 384
245 406
245 417
246 259
246 270
246 283
246 303
246 329
246 334
246 405
247 254
247 325
247 329
247 356
247 381
247 393
247 395
247 427
247 449
248 256
248 288
248 290
248 309
248 311
248 321
248 324
248 332
248 339
248 348
248 371
248 374
248 393
248 413
248 415
248 425
248 432
248 437
249 254
249 268
249 275
249 280
249 302
249 316
249 348
249 359
249 378
249 389
250 269
250 294
250 327
250 334
250 401
250 404
250 426
250 436
251 254
251 287
251 293
251 321
251 334
251 351
251 355
251 366
251 394
251 407
251 414
251 415
252 261
252 276
252 282
252 289
252 303
252 333
252 339
252 351
252 366
252 367
252 376
252 398
253 255
253 261
253 269
253 288
253 368
253 382
253 388
253 394
253 397
253 413
253 427
253 442
254 259
254 297
254 301
254 304
254 316
254 336
254 350
254 392
254 425
254 426
255 263
255 353
255 386
255 446
256 260
256 267
256 268
256 285
256 290
256 325
256 351
256 358
256 359
256 367
256 410
256 417
256 420
257 259
257 263
257 279
257 290
257 339
257 442
258 270
258 291
258 304
258 337
258 343
258 427
259 273
259 371
259 409
259 414
260 261
260 291
260 357
260 362
260 376
260 401
260 408
260 445
261 316
261 335
261 344
261 367
261 409
261 431
262 283
262 286
262 289
262 361
262 367
262 378
262 389
262 398
262 414
262 448
263 294
263 301
263 320
263 324
263 357
263 367
263 382
264 268
264 294
264 318
264 401
264 402
264 406
264 438
265 277
265 285
265 309
265 310
265 332
265 400
265 403
265 439
265 444
266 279
266 290
266 293
266 308
266 310
266 355
266 377
266 393
266 426
266 437
267 299
267 319
267 358
267 394
267 405
267 428
268 331
268 410
268 411
268 421
269 298
269 309
269 312
269 402
270 317
270 377
270 381
270 402
270 408
270 427
270 429
270 435
271 276
271 287
271 308
271 320
271 342
271 346
271 383
271 388
271 397
271 399
271 407
271 423
272 306
272 366
272 442
273 304
273 313
273 323
273 351
273 390
273 394
273 401
273 411
273 416
273 420
273 432
274 282
274 328
274 347
274 350
274 361
274 363
274 372
274 374
274 398
274 401
275 276
275 283
275 306
275 319
275 342
275 363
275 369
275 370
275 405
275 418
275 419
276 375
276 383
276 396
276 442
277 299
277 326
277 337
277 340
277 341
277 352
277 369
277 372
277 418
277 443
277 447
278 289
278 290
278 328
278 334
278 339
278 341
278 345
278 375
278 410
278 430
278 433
279 286
279 287
279 311
279 315
279 317
279 320
279 323
279 376
279 407
279 421
280 287
280 295
280 303
280 310
280 364
280 369
280 375
280 400
280 423
281 303
281 308
281 310
281 335
281 355
281 376
281 380
282 292
282 297
282 298
282 301
282 334
282 424
282 433
282 441
282 447
283 343
283 395
284 305
284 348
284 364
284 372
284 380
284 408
284 421
285 312
285 325
285 329
285 368
285 376
285 446
286 307
286 349
286 399
286 409
286 421
287 293
287 332
287 352
287 356
287 385
287 417
288 330
288 331
288 347
288 366
288 375
288 381
288 400
288 412
288 434
288 444
289 293
289 310
289 382
289 411
289 413
290 297
290 299
290 311
290 314
290 327
290 330
290 371
290 377
290 394
290 435
290 442
291 340
291 354
291 363
291 411
291 425
292 326
292 341
292 346
292 398
292 408
292 417
293 343
293 386
294 363
294 370
294 372
294 432
295 318
295 358
295 447
296 299
296 305
296 320
296 321
296 322
296 338
296 404
296 422
296 445
296 448
297 374
297 387
297 432
298 302
298 318
298 349
298 379
298 407
299 300
299 333
299 337
299 339
299 357
299 377
299 394
299 406
299 420
300 319
300 328
300 335
300 361
300 404
301 303
301 309
301 314
301 331
301 333
301 346
301 351
301 361
301 385
301 388
301 400
302 315
302 371
302 393
302 425
302 429
303 399
303 430
304 324
304 333
304 335
304 362
304 390
304 401
304 418
304 447
305 311
305 347
305 348
305 369
305 421
305 427
305 429
305 437
306 310
306 324
306 339
306 374
306 389
306 406
307 338
307 349
307 354
307 414
307 441
308 314
308 321
308 324
308 328
308 329
308 397
308 446
309 327
309 337
309 345
309 380
309 417
309 428
309 439
309 442
310 330
310 415
310 428
310 431
310 432
311 320
311 355
311 420
311 442
312 345
313 318
313 394
313 399
313 422
313 446
314 319
314 344
314 346
314 364
314 378
314 397
314 413
314 415
314 416
314 428
315 366
315 388
315 423
316 322
316 364
316 365
316 386
316 432
316 446
317 319
317 413
317 438
317 444
318 339
318 350
318 357
319 356
319 358
319 361
319 366
319 367
319 370
319 405
319 408
319 426
319 448
320 358
320 370
320 375
321 326
321 337
321 402
321 415
321 419
321 420
321 442
321 444
321 447
322 403
323 345
323 383
324 328
325 327
325 374
325 389
325 420
325 437
326 330
326 350
326 371
327 357
327 365
327 404
327 417
327 427
328 336
328 339
328 363
328 421
328 435
329 331
329 348
329 371
329 407
329 413
329 426
330 356
330 364
330 382
330 392
330 396
331 332
331 339
331 373
332 354
332 361
332 402
332 411
332 435
333 344
333 348
333 403
333 406
333 415
333 416
334 346
335 366
335 389
335 421
335 428
335 438
336 374
336 382
336 400
336 437
336 440
337 370
337 383
337 435
338 361
339 342
339 352
339 361
339 375
339 438
341 343
341 372
341 445
342 399
342 426
343 354
343 377
343 384
344 347
344 372
344 402
344 416
344 427
344 444
345 372
345 417
345 429
345 436
346 347
346 382
346 384
346 388
346 391
346 412
346 424
346 441
347 379
347 380
347 411
347 423
348 366
348 385
350 378
350 384
350 407
350 424
350 431
350 442
351 365
351 369
351 393
351 399
351 409
352 384
352 412
352 427
353 384
353 400
354 384
354 393
354 409
354 413
354 434
354 440
354 448
356 388
356 402
357 359
357 366
357 400
357 406
357 407
357 436
357 441
358 360
359 360
359 385
359 435
360 368
360 415
360 425
361 363
361 373
361 402
361 429
361 443
362 367
362 390
362 433
362 446
363 391
363 398
364 377
365 381
365 436
366 395
366 406
367 370
367 375
367 376
367 442
368 444
369 381
369 392
369 412
369 417
369 443
370 371
370 413
370 415
371 385
371 418
371 428
371 449
372 379
372 391
372 414
373 383
374 380
374 383
374 389
374 430
374 443
375 392
375 396
375 446
376 423
376 441
377 403
377 431
377 438
378 393
378 410
378 418
378 426
378 444
378 446
379 391
379 402
379 434
380 423
381 393
381 406
381 426
382 397
382 443
382 448
383 410
383 436
384 410
384 417
384 431
384 433
384 435
384 439
384 440
384 449
385 405
385 431
385 433
385 448
386 407
386 412
386 440
387 389
389 395
389 411
390 404
390 438
390 446
391 417
391 418
392 413
393 397
393 445
394 399
395 426
396 430
397 417
398 414
398 421
399 411
400 407
401 440
402 415
402 434
402 436
403 447
404 435
404 448
405 410
405 428
405 436
405 442
406 409
407 446
408 428
408 431
408 444
411 415
411 426
416 443
419 425
419 440
422 434
424 434
424 437
427 432
427 443
428 438
428 448
431 438
433 445
433 446
434 439
438 439
442 446
