0 1
0 2
0 3
0 4
0 5
0 6
0 7
0 8
0 9
0 10
0 11
0 12
0 13
0 14
0 15
0 16
0 17
0 18
0 19
0 20
0 21
0 22
0 23
0 24
0 25
0 26
0 27
0 28
0 29
0 30
0 31
0 32
0 33
0 35
0 36
0 37
0 38
0 40
0 43
0 44
0 45
0 46
0 47
0 48
0 49
0 50
0 51
0 52
0 56
0 57
0 58
0 59
0 60
0 62
0 64
0 65
0 67
0 68
0 69
0 71
0 74
0 75
0 79
0 83
0 84
0 85
0 87
0 89
0 93
0 97
0 98
0 100
0 101
0 103
0 105
0 110
0 111
0 115
0 118
0 119
0 126
0 127
0 133
0 134
0 136
0 139
0 140
0 141
0 149
0 150
0 151
0 155
0 159
0 161
0 163
0 165
0 169
0 171
0 172
0 176
0 184
0 188
0 189
0 199
0 207
0 209
0 211
0 215
0 217
0 219
0 221
0 222
0 227
0 228
0 235
0 236
0 244
0 249
0 255
0 257
0 259
0 260
0 268
0 269
0 277
0 281
0 286
0 293
0 302
0 304
0 305
0 306
0 318
0 322
0 327
0 335
0 342
0 362
0 371
0 372
0 378
0 382
0 389
0 417
0 429
0 431
0 436
0 455
0 456
0 458
0 467
0 480
0 496
0 497
0 499
1 2
1 3
1 4
1 5
1 6
1 7
1 8
1 9
1 10
1 11
1 12
1 13
1 14
1 15
1 16
1 17
1 18
1 19
1 20
1 21
1 22
1 23
1 24
1 25
1 26
1 27
1 28
1 29
1 30
1 31
1 32
1 34
1 35
1 36
1 37
1 38
1 39
1 41
1 42
1 44
1 46
1 48
1 53
1 54
1 55
1 58
1 59
1 61
1 67
1 68
1 70
1 71
1 75
1 77
1 78
1 80
1 82
1 90
1 93
1 94
1 97
1 100
1 101
1 107
1 109
1 110
1 112
1 114
1 115
1 116
1 117
1 123
1 129
1 131
1 132
1 140
1 153
1 155
1 156
1 157
1 158
1 159
1 172
1 173
1 174
1 175
1 181
1 185
1 187
1 190
1 192
1 196
1 200
1 202
1 209
1 223
1 229
1 238
1 241
1 244
1 248
1 253
1 260
1 267
1 271
1 275
1 277
1 284
1 291
1 293
1 296
1 298
1 300
1 314
1 315
1 316
1 328
1 331
1 340
1 345
1 349
1 375
1 376
1 380
1 387
1 393
1 398
1 404
1 411
1 412
1 414
1 423
1 439
1 440
1 450
1 461
1 479
1 481
1 483
1 485
2 3
2 4
2 5
2 6
2 7
2 8
2 9
2 10
2 11
2 12
2 13
2 14
2 15
2 16
2 17
2 18
2 19
2 20
2 21
2 22
2 23
2 24
2 25
2 26
2 27
2 28
2 29
2 30
2 33
2 34
2 35
2 36
2 37
2 39
2 41
2 42
2 43
2 45
2 47
2 48
2 50
2 52
2 53
2 54
2 55
2 56
2 57
2 61
2 62
2 64
2 65
2 68
2 70
2 71
2 78
2 79
2 86
2 87
2 88
2 89
2 99
2 102
2 103
2 104
2 106
2 107
2 111
2 113
2 115
2 116
2 120
2 124
2 126
2 130
2 134
2 136
2 137
2 140
2 141
2 148
2 155
2 159
2 167
2 168
2 172
2 180
2 182
2 183
2 185
2 186
2 188
2 189
2 193
2 197
2 198
2 202
2 204
2 213
2 214
2 216
2 218
2 219
2 221
2 222
2 225
2 227
2 232
2 235
2 241
2 242
2 245
2 248
2 252
2 254
2 255
2 263
2 265
2 269
2 276
2 281
2 284
2 288
2 289
2 303
2 304
2 305
2 311
2 316
2 319
2 322
2 327
2 333
2 342
2 343
2 344
2 345
2 346
2 354
2 359
2 361
2 367
2 368
2 373
2 382
2 387
2 393
2 398
2 400
2 414
2 417
2 421
2 429
2 437
2 445
2 450
2 476
2 479
2 483
2 490
3 4
3 5
3 6
3 7
3 8
3 9
3 10
3 11
3 12
3 13
3 14
3 15
3 16
3 17
3 18
3 19
3 20
3 21
3 22
3 23
3 24
3 25
3 26
3 27
3 28
3 29
3 30
3 31
3 32
3 33
3 34
3 35
3 38
3 39
3 41
3 42
3 44
3 46
3 47
3 48
3 50
3 52
3 53
3 58
3 59
3 61
3 63
3 65
3 67
3 70
3 72
3 77
3 79
3 80
3 84
3 86
3 92
3 94
3 99
3 101
3 104
3 108
3 110
3 112
3 115
3 128
3 133
3 135
3 136
3 137
3 141
3 144
3 145
3 148
3 150
3 151
3 152
3 155
3 160
3 164
3 165
3 168
3 172
3 175
3 178
3 182
3 187
3 197
3 198
3 200
3 201
3 204
3 209
3 210
3 211
3 220
3 221
3 222
3 254
3 265
3 279
3 283
3 285
3 287
3 291
3 295
3 297
3 299
3 306
3 312
3 317
3 320
3 323
3 326
3 334
3 343
3 344
3 349
3 354
3 355
3 359
3 371
3 376
3 386
3 405
3 415
3 433
3 441
3 480
3 490
3 493
3 495
3 496
4 5
4 6
4 7
4 8
4 9
4 10
4 11
4 12
4 13
4 14
4 15
4 16
4 17
4 18
4 19
4 20
4 21
4 22
4 23
4 24
4 25
4 26
4 27
4 28
4 29
4 30
4 31
4 32
4 33
4 34
4 35
4 36
4 37
4 38
4 39
4 40
4 41
4 43
4 44
4 48
4 49
4 51
4 52
4 55
4 57
4 59
4 60
4 63
4 64
4 68
4 70
4 71
4 72
4 74
4 75
4 82
4 88
4 89
4 93
4 95
4 97
4 100
4 104
4 113
4 115
4 121
4 131
4 142
4 145
4 147
4 154
4 159
4 172
4 178
4 179
4 182
4 185
4 191
4 192
4 194
4 195
4 197
4 199
4 206
4 211
4 213
4 215
4 218
4 230
4 232
4 247
4 255
4 258
4 261
4 263
4 266
4 269
4 272
4 274
4 275
4 288
4 293
4 301
4 303
4 304
4 305
4 308
4 311
4 312
4 315
4 318
4 321
4 330
4 331
4 332
4 340
4 344
4 350
4 353
4 355
4 358
4 359
4 363
4 369
4 380
4 385
4 388
4 389
4 402
4 436
4 444
4 445
4 446
4 458
4 465
4 479
4 485
4 486
4 489
4 490
4 494
5 6
5 7
5 8
5 9
5 10
5 11
5 12
5 13
5 14
5 15
5 16
5 17
5 18
5 19
5 20
5 21
5 22
5 23
5 24
5 25
5 26
5 27
5 28
5 29
5 30
5 31
5 32
5 33
5 34
5 35
5 36
5 37
5 40
5 42
5 44
5 45
5 46
5 50
5 51
5 53
5 54
5 56
5 57
5 62
5 63
5 65
5 69
5 71
5 72
5 73
5 74
5 75
5 80
5 82
5 87
5 88
5 94
5 95
5 98
5 103
5 106
5 108
5 113
5 121
5 122
5 123
5 126
5 128
5 134
5 139
5 144
5 148
5 153
5 154
5 161
5 163
5 164
5 168
5 170
5 179
5 181
5 183
5 185
5 197
5 201
5 203
5 204
5 205
5 213
5 215
5 217
5 221
5 222
5 223
5 233
5 236
5 241
5 244
5 247
5 253
5 254
5 255
5 274
5 275
5 277
5 278
5 280
5 281
5 283
5 291
5 297
5 300
5 302
5 307
5 309
5 316
5 317
5 325
5 326
5 329
5 351
5 352
5 353
5 354
5 363
5 368
5 370
5 378
5 382
5 389
5 395
5 397
5 398
5 409
5 416
5 419
5 423
5 429
5 439
5 442
5 451
5 452
5 456
5 458
5 471
5 484
5 488
5 489
6 7
6 8
6 9
6 10
6 11
6 12
6 13
6 14
6 15
6 16
6 17
6 18
6 19
6 20
6 21
6 22
6 23
6 24
6 25
6 26
6 27
6 28
6 29
6 30
6 31
6 32
6 34
6 36
6 37
6 38
6 39
6 40
6 43
6 46
6 47
6 48
6 50
6 52
6 53
6 54
6 55
6 56
6 57
6 58
6 62
6 63
6 64
6 69
6 71
6 72
6 73
6 74
6 76
6 80
6 81
6 82
6 84
6 85
6 86
6 93
6 95
6 99
6 100
6 101
6 104
6 107
6 110
6 111
6 115
6 116
6 119
6 120
6 124
6 127
6 130
6 132
6 133
6 134
6 136
6 142
6 144
6 148
6 150
6 151
6 155
6 158
6 164
6 165
6 174
6 178
6 183
6 189
6 194
6 199
6 202
6 203
6 213
6 216
6 218
6 220
6 221
6 222
6 223
6 226
6 237
6 240
6 250
6 251
6 256
6 258
6 276
6 280
6 282
6 285
6 286
6 288
6 289
6 292
6 294
6 298
6 299
6 304
6 307
6 318
6 320
6 324
6 327
6 329
6 337
6 339
6 346
6 358
6 359
6 376
6 395
6 397
6 402
6 403
6 408
6 415
6 428
6 431
6 432
6 441
6 443
6 458
6 462
6 463
6 468
6 471
6 474
6 475
6 481
6 487
6 491
6 492
6 493
6 497
7 8
7 9
7 10
7 11
7 12
7 13
7 14
7 15
7 16
7 17
7 18
7 19
7 20
7 21
7 22
7 23
7 24
7 25
7 26
7 27
7 28
7 29
7 30
7 31
7 32
7 33
7 34
7 35
7 36
7 37
7 38
7 39
7 40
7 44
7 49
7 51
7 53
7 54
7 56
7 58
7 59
7 60
7 63
7 65
7 66
7 69
7 74
7 75
7 76
7 78
7 80
7 81
7 83
7 84
7 88
7 89
7 92
7 94
7 97
7 98
7 101
7 103
7 107
7 111
7 112
7 120
7 130
7 131
7 133
7 136
7 137
7 138
7 139
7 142
7 144
7 148
7 153
7 163
7 167
7 169
7 176
7 177
7 183
7 186
7 191
7 195
7 197
7 198
7 205
7 207
7 219
7 221
7 222
7 224
7 237
7 241
7 247
7 251
7 256
7 259
7 271
7 282
7 287
7 294
7 316
7 318
7 319
7 320
7 322
7 325
7 330
7 342
7 353
7 364
7 376
7 377
7 381
7 388
7 391
7 395
7 400
7 405
7 406
7 430
7 444
7 456
7 460
7 465
7 470
7 471
7 482
7 488
7 489
7 491
7 499
8 9
8 10
8 11
8 12
8 13
8 14
8 15
8 16
8 17
8 18
8 19
8 20
8 21
8 22
8 23
8 24
8 25
8 26
8 27
8 28
8 29
8 30
8 31
8 32
8 33
8 36
8 37
8 39
8 40
8 41
8 42
8 43
8 44
8 45
8 46
8 50
8 52
8 57
8 59
8 60
8 64
8 69
8 70
8 71
8 72
8 76
8 77
8 78
8 82
8 83
8 84
8 88
8 89
8 91
8 95
8 96
8 97
8 98
8 99
8 103
8 104
8 106
8 112
8 113
8 123
8 129
8 131
8 133
8 148
8 150
8 164
8 170
8 171
8 175
8 176
8 181
8 186
8 189
8 197
8 201
8 203
8 205
8 206
8 207
8 209
8 214
8 217
8 220
8 222
8 223
8 224
8 238
8 240
8 242
8 243
8 246
8 249
8 256
8 273
8 279
8 280
8 287
8 293
8 294
8 298
8 299
8 310
8 322
8 336
8 337
8 338
8 340
8 342
8 350
8 351
8 352
8 356
8 360
8 372
8 399
8 410
8 422
8 432
8 441
8 442
8 443
8 445
8 446
8 449
8 450
8 452
8 456
8 463
8 473
8 478
8 485
8 495
8 496
8 498
9 10
9 11
9 12
9 13
9 14
9 15
9 16
9 17
9 18
9 19
9 20
9 21
9 22
9 23
9 24
9 25
9 26
9 27
9 28
9 29
9 30
9 31
9 32
9 33
9 34
9 35
9 36
9 37
9 38
9 39
9 42
9 43
9 44
9 45
9 46
9 47
9 48
9 49
9 50
9 51
9 53
9 54
9 55
9 56
9 59
9 60
9 61
9 63
9 64
9 68
9 69
9 70
9 71
9 74
9 77
9 78
9 79
9 83
9 86
9 90
9 92
9 96
9 98
9 102
9 106
9 108
9 109
9 112
9 119
9 122
9 123
9 126
9 129
9 131
9 134
9 136
9 139
9 142
9 143
9 149
9 152
9 159
9 167
9 168
9 176
9 178
9 184
9 185
9 189
9 190
9 194
9 210
9 211
9 214
9 219
9 226
9 231
9 235
9 237
9 239
9 240
9 243
9 254
9 259
9 287
9 290
9 291
9 302
9 303
9 311
9 317
9 330
9 334
9 349
9 350
9 353
9 359
9 361
9 376
9 381
9 384
9 390
9 391
9 412
9 417
9 422
9 427
9 433
9 437
9 438
9 445
9 458
9 462
9 469
9 481
9 489
9 492
9 494
10 11
10 12
10 13
10 14
10 15
10 16
10 17
10 18
10 19
10 20
10 21
10 22
10 23
10 24
10 25
10 26
10 27
10 28
10 29
10 30
10 32
10 33
10 34
10 36
10 38
10 42
10 43
10 45
10 47
10 48
10 52
10 54
10 56
10 57
10 58
10 60
10 62
10 63
10 64
10 65
10 69
10 70
10 71
10 77
10 78
10 79
10 82
10 83
10 85
10 86
10 87
10 88
10 89
10 95
10 96
10 97
10 99
10 101
10 103
10 104
10 105
10 111
10 113
10 117
10 118
10 119
10 121
10 125
10 130
10 131
10 138
10 140
10 141
10 143
10 146
10 149
10 151
10 152
10 154
10 155
10 156
10 159
10 163
10 172
10 174
10 177
10 184
10 186
10 190
10 191
10 198
10 199
10 200
10 202
10 207
10 213
10 219
10 220
10 228
10 232
10 233
10 234
10 247
10 249
10 253
10 257
10 268
10 278
10 284
10 290
10 295
10 297
10 304
10 306
10 311
10 315
10 318
10 330
10 344
10 350
10 359
10 360
10 365
10 377
10 382
10 383
10 385
10 398
10 399
10 404
10 406
10 419
10 428
10 431
10 441
10 446
10 466
10 469
10 471
10 473
10 475
10 483
10 490
10 493
10 494
10 495
10 498
11 12
11 13
11 14
11 15
11 16
11 17
11 18
11 19
11 20
11 21
11 22
11 23
11 24
11 25
11 26
11 27
11 28
11 29
11 30
11 31
11 32
11 33
11 34
11 35
11 36
11 37
11 38
11 39
11 41
11 42
11 43
11 44
11 45
11 46
11 47
11 49
11 52
11 54
11 55
11 60
11 61
11 64
11 65
11 66
11 67
11 69
11 71
11 72
11 75
11 77
11 79
11 80
11 82
11 84
11 86
11 88
11 90
11 101
11 102
11 103
11 104
11 106
11 108
11 110
11 112
11 114
11 115
11 117
11 119
11 121
11 122
11 123
11 124
11 126
11 128
11 129
11 130
11 133
11 134
11 136
11 137
11 138
11 139
11 141
11 153
11 156
11 159
11 161
11 163
11 166
11 167
11 170
11 173
11 176
11 177
11 179
11 181
11 184
11 191
11 194
11 195
11 198
11 203
11 205
11 207
11 211
11 214
11 234
11 240
11 246
11 260
11 261
11 265
11 267
11 273
11 274
11 277
11 282
11 286
11 288
11 299
11 301
11 308
11 318
11 324
11 329
11 338
11 344
11 347
11 353
11 363
11 364
11 370
11 374
11 379
11 393
11 406
11 407
11 410
11 415
11 418
11 422
11 435
11 438
11 443
11 444
11 452
11 453
11 475
11 478
11 499
12 13
12 14
12 15
12 16
12 17
12 18
12 19
12 20
12 21
12 22
12 23
12 24
12 25
12 26
12 27
12 28
12 29
12 30
12 31
12 32
12 33
12 34
12 35
12 36
12 38
12 39
12 40
12 41
12 42
12 45
12 47
12 48
12 49
12 52
12 54
12 55
12 56
12 57
12 58
12 64
12 66
12 67
12 68
12 69
12 70
12 71
12 74
12 75
12 77
12 78
12 80
12 83
12 84
12 90
12 91
12 94
12 97
12 104
12 105
12 107
12 110
12 112
12 114
12 117
12 119
12 120
12 127
12 130
12 131
12 135
12 136
12 137
12 143
12 145
12 152
12 154
12 157
12 158
12 159
12 161
12 165
12 166
12 167
12 169
12 170
12 171
12 174
12 176
12 183
12 185
12 190
12 192
12 194
12 205
12 210
12 212
12 213
12 214
12 219
12 224
12 228
12 230
12 231
12 232
12 236
12 237
12 243
12 245
12 248
12 249
12 250
12 255
12 259
12 265
12 266
12 267
12 268
12 269
12 270
12 271
12 272
12 273
12 276
12 278
12 285
12 288
12 291
12 292
12 300
12 301
12 302
12 318
12 325
12 326
12 332
12 333
12 334
12 338
12 343
12 348
12 353
12 365
12 367
12 373
12 374
12 375
12 377
12 383
12 385
12 391
12 393
12 399
12 403
12 414
12 415
12 416
12 422
12 426
12 429
12 432
12 438
12 449
12 470
12 481
12 497
13 14
13 15
13 16
13 17
13 18
13 19
13 20
13 21
13 22
13 23
13 24
13 25
13 26
13 27
13 28
13 29
13 30
13 31
13 32
13 33
13 34
13 35
13 36
13 37
13 38
13 39
13 40
13 41
13 42
13 43
13 44
13 45
13 47
13 49
13 50
13 52
13 53
13 54
13 55
13 56
13 58
13 60
13 61
13 67
13 70
13 73
13 76
13 77
13 78
13 79
13 81
13 87
13 88
13 89
13 90
13 92
13 94
13 97
13 101
13 102
13 107
13 108
13 110
13 113
13 115
13 117
13 119
13 121
13 125
13 126
13 129
13 130
13 131
13 135
13 137
13 142
13 144
13 149
13 153
13 160
13 162
13 164
13 173
13 174
13 175
13 176
13 180
13 184
13 187
13 192
13 195
13 198
13 199
13 200
13 207
13 208
13 210
13 212
13 216
13 221
13 235
13 240
13 241
13 243
13 244
13 262
13 264
13 267
13 268
13 271
13 287
13 289
13 293
13 295
13 318
13 333
13 339
13 341
13 342
13 348
13 350
13 356
13 362
13 365
13 381
13 382
13 385
13 401
13 406
13 407
13 414
13 417
13 422
13 429
13 440
13 442
13 448
13 460
13 473
13 475
13 476
13 477
13 478
13 479
13 481
13 483
13 484
14 15
14 16
14 17
14 18
14 19
14 20
14 21
14 22
14 23
14 24
14 25
14 26
14 27
14 28
14 29
14 30
14 31
14 32
14 34
14 35
14 36
14 37
14 38
14 39
14 40
14 41
14 42
14 43
14 44
14 45
14 47
14 48
14 52
14 53
14 54
14 57
14 58
14 59
14 60
14 62
14 63
14 66
14 67
14 68
14 70
14 73
14 77
14 78
14 83
14 84
14 92
14 93
14 95
14 97
14 100
14 102
14 104
14 111
14 112
14 120
14 123
14 125
14 132
14 133
14 139
14 140
14 142
14 151
14 152
14 164
14 165
14 166
14 168
14 176
14 180
14 183
14 184
14 186
14 192
14 197
14 205
14 215
14 217
14 231
14 242
14 244
14 247
14 252
14 254
14 273
14 280
14 285
14 294
14 299
14 303
14 308
14 310
14 312
14 313
14 315
14 316
14 321
14 327
14 331
14 335
14 342
14 350
14 354
14 355
14 357
14 359
14 360
14 368
14 378
14 384
14 390
14 394
14 404
14 412
14 413
14 426
14 429
14 444
14 468
14 480
14 488
14 491
15 16
15 17
15 18
15 19
15 20
15 21
15 22
15 23
15 24
15 25
15 26
15 27
15 28
15 29
15 30
15 31
15 32
15 33
15 34
15 35
15 36
15 37
15 38
15 40
15 41
15 45
15 46
15 47
15 49
15 50
15 51
15 52
15 53
15 55
15 56
15 59
15 61
15 62
15 63
15 67
15 72
15 75
15 78
15 83
15 86
15 87
15 88
15 92
15 94
15 95
15 96
15 101
15 109
15 111
15 113
15 122
15 123
15 124
15 125
15 127
15 129
15 130
15 133
15 136
15 144
15 147
15 148
15 149
15 152
15 155
15 157
15 158
15 160
15 162
15 170
15 174
15 178
15 187
15 194
15 196
15 212
15 213
15 217
15 233
15 236
15 241
15 243
15 245
15 249
15 253
15 255
15 256
15 259
15 260
15 261
15 262
15 263
15 271
15 279
15 283
15 296
15 302
15 305
15 317
15 318
15 337
15 344
15 357
15 368
15 380
15 405
15 414
15 415
15 420
15 428
15 442
15 451
15 459
15 466
15 467
15 469
15 477
15 480
15 484
15 490
15 498
16 17
16 18
16 19
16 20
16 21
16 22
16 23
16 24
16 25
16 26
16 27
16 28
16 29
16 30
16 31
16 32
16 33
16 34
16 35
16 36
16 37
16 39
16 41
16 42
16 43
16 44
16 45
16 46
16 47
16 48
16 49
16 50
16 52
16 53
16 54
16 60
16 62
16 64
16 66
16 69
16 71
16 77
16 78
16 82
16 83
16 85
16 86
16 90
16 92
16 95
16 96
16 97
16 98
16 99
16 100
16 102
16 105
16 106
16 107
16 110
16 112
16 113
16 118
16 121
16 125
16 127
16 129
16 135
16 141
16 142
16 144
16 146
16 148
16 151
16 163
16 164
16 165
16 166
16 167
16 174
16 175
16 178
16 184
16 189
16 191
16 192
16 193
16 200
16 206
16 211
16 216
16 220
16 223
16 224
16 230
16 233
16 235
16 242
16 251
16 255
16 257
16 258
16 262
16 272
16 274
16 288
16 296
16 298
16 306
16 316
16 320
16 328
16 343
16 348
16 353
16 355
16 356
16 369
16 375
16 377
16 392
16 398
16 403
16 404
16 416
16 427
16 431
16 434
16 445
16 450
16 461
16 463
16 464
16 471
16 472
16 485
16 488
17 18
17 19
17 20
17 21
17 22
17 23
17 24
17 25
17 26
17 27
17 28
17 29
17 31
17 32
17 33
17 34
17 35
17 36
17 37
17 38
17 39
17 40
17 41
17 42
17 43
17 44
17 46
17 47
17 49
17 51
17 52
17 53
17 55
17 58
17 61
17 62
17 63
17 64
17 65
17 66
17 67
17 68
17 72
17 73
17 75
17 76
17 80
17 81
17 103
17 104
17 107
17 112
17 116
17 124
17 126
17 127
17 128
17 130
17 134
17 135
17 141
17 144
17 145
17 147
17 149
17 159
17 160
17 162
17 163
17 167
17 171
17 175
17 196
17 199
17 200
17 210
17 215
17 219
17 220
17 221
17 230
17 231
17 232
17 235
17 236
17 238
17 240
17 244
17 255
17 256
17 269
17 273
17 277
17 283
17 288
17 292
17 298
17 300
17 307
17 314
17 318
17 323
17 328
17 331
17 333
17 336
17 338
17 348
17 349
17 353
17 365
17 369
17 374
17 375
17 381
17 389
17 392
17 397
17 412
17 416
17 418
17 419
17 430
17 434
17 447
17 452
17 482
17 490
18 19
18 20
18 21
18 22
18 23
18 24
18 25
18 26
18 27
18 28
18 29
18 30
18 31
18 32
18 33
18 34
18 35
18 36
18 37
18 38
18 39
18 40
18 41
18 42
18 43
18 44
18 46
18 48
18 51
18 53
18 54
18 55
18 57
18 58
18 59
18 60
18 62
18 63
18 66
18 69
18 71
18 72
18 76
18 77
18 78
18 80
18 83
18 89
18 91
18 93
18 95
18 97
18 99
18 100
18 102
18 105
18 108
18 109
18 110
18 113
18 116
18 118
18 119
18 121
18 122
18 126
18 129
18 130
18 134
18 136
18 137
18 138
18 140
18 145
18 157
18 158
18 160
18 163
18 166
18 169
18 185
18 191
18 193
18 197
18 199
18 200
18 202
18 203
18 204
18 207
18 208
18 225
18 227
18 231
18 234
18 242
18 246
18 247
18 252
18 262
18 264
18 266
18 275
18 276
18 278
18 284
18 286
18 288
18 289
18 300
18 305
18 310
18 313
18 314
18 315
18 318
18 320
18 338
18 340
18 346
18 362
18 366
18 369
18 381
18 384
18 386
18 392
18 405
18 419
18 431
18 434
18 442
18 468
18 469
18 475
18 478
18 486
18 487
18 498
19 20
19 21
19 22
19 23
19 24
19 25
19 26
19 27
19 28
19 29
19 30
19 31
19 32
19 33
19 34
19 35
19 36
19 37
19 38
19 40
19 41
19 42
19 43
19 45
19 48
19 50
19 55
19 56
19 57
19 60
19 61
19 65
19 68
19 72
19 74
19 77
19 78
19 80
19 81
19 82
19 83
19 84
19 86
19 90
19 92
19 95
19 96
19 98
19 104
19 106
19 107
19 109
19 113
19 114
19 115
19 117
19 118
19 120
19 121
19 122
19 124
19 126
19 132
19 133
19 134
19 137
19 142
19 143
19 149
19 151
19 155
19 156
19 159
19 164
19 166
19 171
19 172
19 177
19 179
19 187
19 189
19 190
19 192
19 201
19 202
19 203
19 208
19 209
19 221
19 225
19 226
19 231
19 239
19 246
19 247
19 262
19 269
19 279
19 280
19 281
19 284
19 285
19 297
19 305
19 306
19 308
19 310
19 312
19 326
19 336
19 348
19 353
19 366
19 367
19 372
19 376
19 381
19 382
19 383
19 385
19 394
19 397
19 404
19 423
19 425
19 435
19 438
19 440
19 457
19 461
19 479
19 484
19 492
20 21
20 22
20 23
20 24
20 25
20 26
20 27
20 28
20 29
20 30
20 31
20 32
20 33
20 34
20 35
20 38
20 39
20 40
20 41
20 42
20 43
20 47
20 50
20 51
20 52
20 53
20 55
20 58
20 61
20 62
20 63
20 65
20 66
20 67
20 68
20 70
20 71
20 77
20 81
20 88
20 89
20 90
20 91
20 92
20 93
20 96
20 99
20 100
20 108
20 109
20 110
20 112
20 122
20 131
20 133
20 135
20 149
20 152
20 155
20 158
20 161
20 167
20 170
20 177
20 180
20 184
20 188
20 193
20 195
20 196
20 199
20 204
20 205
20 206
20 207
20 221
20 225
20 227
20 228
20 234
20 235
20 238
20 244
20 269
20 278
20 279
20 289
20 294
20 301
20 305
20 309
20 311
20 319
20 323
20 327
20 332
20 334
20 338
20 339
20 348
20 355
20 359
20 361
20 364
20 369
20 384
20 386
20 400
20 405
20 409
20 419
20 420
20 424
20 430
20 436
20 444
20 446
20 449
20 467
20 472
20 477
20 478
20 486
20 489
20 490
21 22
21 23
21 24
21 25
21 26
21 27
21 28
21 29
21 30
21 31
21 32
21 33
21 34
21 35
21 37
21 38
21 40
21 41
21 42
21 43
21 44
21 45
21 46
21 47
21 49
21 50
21 53
21 54
21 55
21 56
21 59
21 60
21 62
21 63
21 65
21 66
21 67
21 68
21 69
21 70
21 72
21 73
21 84
21 85
21 86
21 93
21 95
21 97
21 100
21 102
21 103
21 104
21 105
21 108
21 110
21 114
21 120
21 121
21 128
21 129
21 130
21 132
21 135
21 139
21 141
21 142
21 145
21 147
21 149
21 151
21 153
21 157
21 158
21 159
21 160
21 161
21 167
21 169
21 170
21 175
21 177
21 181
21 186
21 193
21 196
21 198
21 199
21 201
21 202
21 205
21 208
21 218
21 220
21 222
21 223
21 239
21 240
21 245
21 248
21 254
21 257
21 262
21 269
21 274
21 275
21 276
21 287
21 289
21 296
21 302
21 314
21 315
21 319
21 325
21 326
21 343
21 345
21 346
21 349
21 352
21 355
21 361
21 376
21 394
21 398
21 400
21 401
21 404
21 407
21 412
21 414
21 418
21 430
21 432
21 435
21 436
21 438
21 446
21 454
21 455
21 473
21 474
21 476
21 487
21 488
21 490
21 497
21 499
22 23
22 24
22 25
22 26
22 27
22 28
22 29
22 30
22 31
22 32
22 33
22 34
22 35
22 36
22 37
22 38
22 39
22 40
22 41
22 43
22 44
22 45
22 46
22 47
22 48
22 49
22 50
22 51
22 52
22 53
22 55
22 57
22 58
22 60
22 61
22 64
22 65
22 66
22 67
22 69
22 76
22 79
22 84
22 88
22 90
22 91
22 92
22 98
22 99
22 100
22 101
22 102
22 103
22 104
22 105
22 106
22 109
22 112
22 113
22 114
22 115
22 119
22 120
22 127
22 131
22 138
22 142
22 144
22 146
22 147
22 150
22 153
22 157
22 160
22 162
22 164
22 168
22 169
22 173
22 174
22 182
22 184
22 188
22 196
22 197
22 199
22 203
22 206
22 208
22 210
22 212
22 215
22 225
22 229
22 230
22 231
22 233
22 234
22 236
22 239
22 251
22 253
22 254
22 255
22 256
22 257
22 259
22 262
22 266
22 268
22 271
22 274
22 275
22 280
22 281
22 285
22 286
22 288
22 289
22 290
22 293
22 296
22 301
22 307
22 311
22 318
22 323
22 326
22 334
22 347
22 353
22 358
22 361
22 368
22 373
22 375
22 390
22 393
22 394
22 398
22 400
22 401
22 403
22 404
22 405
22 408
22 409
22 410
22 411
22 413
22 415
22 418
22 421
22 425
22 426
22 427
22 433
22 434
22 436
22 438
22 441
22 442
22 443
22 446
22 448
22 449
22 451
22 458
22 462
22 463
22 469
22 470
22 475
22 479
22 483
22 484
22 490
22 498
23 24
23 25
23 26
23 27
23 28
23 29
23 30
23 31
23 32
23 33
23 34
23 36
23 37
23 38
23 39
23 41
23 45
23 46
23 47
23 48
23 49
23 50
23 51
23 52
23 57
23 59
23 60
23 61
23 62
23 63
23 64
23 65
23 66
23 67
23 68
23 69
23 70
23 71
23 72
23 75
23 76
23 80
23 81
23 84
23 85
23 89
23 92
23 93
23 94
23 100
23 101
23 102
23 105
23 107
23 111
23 113
23 117
23 118
23 119
23 121
23 124
23 126
23 127
23 128
23 129
23 130
23 137
23 141
23 142
23 143
23 144
23 145
23 150
23 151
23 152
23 158
23 164
23 172
23 173
23 175
23 181
23 183
23 192
23 194
23 199
23 204
23 206
23 208
23 212
23 215
23 218
23 221
23 226
23 232
23 233
23 238
23 239
23 240
23 247
23 248
23 263
23 266
23 267
23 269
23 271
23 282
23 284
23 290
23 291
23 292
23 294
23 299
23 300
23 310
23 311
23 314
23 317
23 322
23 324
23 332
23 339
23 344
23 345
23 347
23 348
23 349
23 351
23 359
23 363
23 371
23 372
23 376
23 377
23 379
23 380
23 381
23 382
23 393
23 394
23 396
23 403
23 407
23 412
23 423
23 426
23 444
23 447
23 450
23 469
23 473
23 485
23 486
23 491
23 492
23 493
23 497
23 499
24 25
24 26
24 27
24 28
24 29
24 30
24 31
24 32
24 33
24 34
24 35
24 36
24 37
24 38
24 39
24 40
24 41
24 42
24 43
24 44
24 45
24 46
24 47
24 48
24 49
24 50
24 51
24 52
24 53
24 58
24 62
24 63
24 64
24 65
24 68
24 69
24 71
24 72
24 73
24 74
24 75
24 76
24 77
24 80
24 82
24 83
24 86
24 88
24 89
24 96
24 97
24 98
24 99
24 100
24 105
24 106
24 107
24 109
24 110
24 111
24 113
24 117
24 120
24 132
24 134
24 137
24 139
24 145
24 146
24 148
24 149
24 151
24 153
24 158
24 159
24 161
24 163
24 165
24 171
24 175
24 178
24 182
24 183
24 185
24 186
24 193
24 195
24 196
24 205
24 207
24 209
24 214
24 218
24 226
24 230
24 232
24 240
24 245
24 250
24 252
24 257
24 260
24 261
24 264
24 267
24 268
24 272
24 274
24 276
24 283
24 290
24 293
24 295
24 296
24 309
24 317
24 318
24 326
24 327
24 328
24 330
24 337
24 338
24 340
24 348
24 350
24 352
24 354
24 360
24 363
24 368
24 375
24 377
24 382
24 385
24 394
24 397
24 400
24 404
24 409
24 417
24 421
24 424
24 429
24 447
24 449
24 453
24 457
24 459
24 473
24 476
24 482
24 487
24 493
24 495
25 26
25 27
25 28
25 29
25 30
25 31
25 32
25 33
25 34
25 35
25 36
25 37
25 39
25 41
25 43
25 44
25 45
25 48
25 49
25 50
25 52
25 53
25 55
25 57
25 58
25 60
25 61
25 62
25 63
25 66
25 68
25 70
25 72
25 74
25 77
25 78
25 79
25 80
25 83
25 85
25 86
25 88
25 92
25 97
25 98
25 102
25 106
25 108
25 109
25 115
25 117
25 121
25 126
25 127
25 130
25 131
25 132
25 133
25 134
25 135
25 138
25 139
25 140
25 146
25 154
25 156
25 164
25 166
25 172
25 174
25 175
25 179
25 180
25 187
25 189
25 211
25 216
25 221
25 224
25 225
25 229
25 230
25 231
25 233
25 236
25 238
25 244
25 248
25 253
25 256
25 257
25 259
25 265
25 270
25 273
25 274
25 276
25 277
25 294
25 312
25 318
25 323
25 331
25 335
25 342
25 345
25 349
25 351
25 357
25 359
25 361
25 364
25 366
25 369
25 377
25 380
25 394
25 395
25 400
25 403
25 407
25 414
25 423
25 447
25 457
25 459
25 463
25 467
25 471
25 475
25 476
25 487
25 490
26 27
26 28
26 29
26 30
26 31
26 33
26 34
26 35
26 37
26 38
26 39
26 40
26 41
26 43
26 44
26 45
26 46
26 49
26 51
26 52
26 53
26 54
26 56
26 59
26 60
26 61
26 62
26 64
26 66
26 67
26 69
26 73
26 74
26 77
26 78
26 79
26 84
26 85
26 87
26 91
26 92
26 93
26 95
26 98
26 99
26 100
26 102
26 105
26 110
26 111
26 113
26 115
26 116
26 118
26 121
26 130
26 133
26 135
26 137
26 139
26 143
26 144
26 145
26 146
26 149
26 151
26 164
26 173
26 177
26 180
26 182
26 184
26 189
26 190
26 191
26 193
26 195
26 196
26 200
26 202
26 204
26 205
26 206
26 208
26 209
26 215
26 217
26 223
26 224
26 228
26 230
26 233
26 234
26 236
26 238
26 242
26 243
26 248
26 250
26 251
26 259
26 264
26 266
26 267
26 280
26 285
26 292
26 298
26 302
26 316
26 320
26 322
26 327
26 328
26 330
26 335
26 351
26 361
26 362
26 363
26 365
26 367
26 370
26 374
26 385
26 387
26 388
26 389
26 390
26 392
26 398
26 400
26 401
26 410
26 414
26 420
26 433
26 434
26 436
26 448
26 449
26 453
26 454
26 460
26 465
26 470
26 488
26 489
27 28
27 29
27 30
27 31
27 32
27 33
27 35
27 36
27 37
27 38
27 39
27 40
27 41
27 42
27 44
27 50
27 51
27 56
27 58
27 59
27 64
27 65
27 67
27 75
27 76
27 79
27 80
27 82
27 84
27 85
27 87
27 89
27 90
27 92
27 94
27 95
27 99
27 101
27 102
27 107
27 110
27 114
27 117
27 119
27 120
27 121
27 123
27 124
27 126
27 137
27 139
27 140
27 146
27 149
27 151
27 155
27 158
27 161
27 163
27 171
27 172
27 178
27 181
27 182
27 185
27 186
27 191
27 198
27 202
27 206
27 211
27 212
27 213
27 214
27 217
27 223
27 227
27 237
27 239
27 248
27 250
27 257
27 258
27 264
27 272
27 280
27 283
27 284
27 287
27 295
27 298
27 299
27 301
27 305
27 311
27 313
27 314
27 315
27 323
27 334
27 352
27 353
27 357
27 366
27 367
27 375
27 378
27 381
27 384
27 391
27 394
27 397
27 400
27 416
27 429
27 441
27 445
27 452
27 454
27 456
27 465
27 471
27 474
27 484
27 489
27 496
28 29
28 30
28 31
28 32
28 33
28 34
28 35
28 40
28 41
28 42
28 45
28 46
28 47
28 49
28 51
28 52
28 54
28 57
28 58
28 59
28 60
28 61
28 63
28 65
28 66
28 67
28 68
28 70
28 74
28 75
28 78
28 79
28 80
28 82
28 85
28 87
28 88
28 91
28 92
28 93
28 95
28 97
28 103
28 105
28 107
28 109
28 110
28 111
28 114
28 115
28 117
28 118
28 119
28 123
28 125
28 129
28 131
28 135
28 138
28 139
28 140
28 142
28 144
28 148
28 151
28 159
28 160
28 163
28 164
28 167
28 169
28 174
28 175
28 179
28 187
28 189
28 200
28 205
28 206
28 208
28 209
28 211
28 212
28 216
28 217
28 221
28 227
28 228
28 232
28 237
28 241
28 258
28 261
28 262
28 263
28 264
28 272
28 277
28 287
28 291
28 293
28 297
28 298
28 299
28 300
28 305
28 309
28 329
28 330
28 333
28 334
28 335
28 342
28 343
28 346
28 359
28 360
28 361
28 362
28 365
28 369
28 375
28 376
28 377
28 378
28 381
28 384
28 388
28 389
28 391
28 393
28 399
28 400
28 402
28 403
28 410
28 411
28 417
28 423
28 425
28 433
28 435
28 447
28 448
28 455
28 456
28 457
28 458
28 462
28 464
28 467
28 469
28 477
28 483
28 487
28 488
28 492
28 497
28 498
29 30
29 31
29 32
29 34
29 37
29 38
29 39
29 40
29 41
29 44
29 46
29 49
29 50
29 52
29 53
29 55
29 57
29 59
29 60
29 61
29 62
29 63
29 65
29 68
29 73
29 74
29 76
29 79
29 80
29 82
29 84
29 85
29 86
29 89
29 100
29 101
29 104
29 105
29 106
29 115
29 122
29 124
29 128
29 129
29 130
29 135
29 144
29 145
29 147
29 152
29 156
29 164
29 165
29 166
29 168
29 169
29 180
29 181
29 182
29 189
29 195
29 200
29 208
29 211
29 213
29 215
29 218
29 227
29 230
29 233
29 234
29 237
29 245
29 264
29 269
29 274
29 276
29 282
29 291
29 293
29 297
29 301
29 307
29 310
29 316
29 318
29 319
29 325
29 334
29 343
29 346
29 350
29 353
29 366
29 373
29 375
29 388
29 391
29 410
29 412
29 413
29 427
29 429
29 437
29 443
29 449
29 455
29 457
29 462
29 464
29 467
29 476
29 497
30 31
30 32
30 33
30 34
30 35
30 36
30 37
30 38
30 40
30 41
30 42
30 43
30 44
30 46
30 47
30 48
30 49
30 50
30 51
30 54
30 56
30 59
30 60
30 61
30 62
30 65
30 66
30 68
30 70
30 72
30 75
30 76
30 77
30 79
30 81
30 84
30 87
30 90
30 91
30 92
30 98
30 99
30 102
30 103
30 104
30 105
30 107
30 110
30 117
30 125
30 128
30 129
30 133
30 138
30 140
30 141
30 142
30 143
30 147
30 149
30 150
30 152
30 155
30 158
30 167
30 169
30 172
30 173
30 178
30 179
30 181
30 183
30 187
30 190
30 191
30 192
30 202
30 203
30 207
30 209
30 213
30 214
30 215
30 218
30 220
30 221
30 224
30 225
30 229
30 231
30 238
30 242
30 246
30 252
30 255
30 273
30 275
30 279
30 288
30 297
30 298
30 300
30 302
30 306
30 308
30 312
30 321
30 324
30 325
30 333
30 335
30 337
30 344
30 346
30 353
30 366
30 370
30 375
30 383
30 389
30 393
30 396
30 397
30 415
30 421
30 422
30 428
30 435
30 439
30 445
30 446
30 447
30 453
30 457
30 458
30 459
30 478
30 484
30 492
30 497
31 33
31 35
31 36
31 37
31 38
31 39
31 40
31 42
31 43
31 45
31 47
31 48
31 49
31 53
31 55
31 56
31 57
31 58
31 60
31 63
31 65
31 68
31 70
31 71
31 72
31 73
31 74
31 76
31 79
31 80
31 84
31 85
31 86
31 88
31 91
31 93
31 95
31 96
31 98
31 99
31 100
31 106
31 116
31 120
31 121
31 123
31 126
31 127
31 137
31 138
31 139
31 141
31 155
31 157
31 162
31 168
31 171
31 178
31 186
31 187
31 190
31 193
31 196
31 199
31 206
31 215
31 222
31 226
31 230
31 232
31 236
31 238
31 240
31 243
31 244
31 251
31 259
31 261
31 264
31 270
31 273
31 280
31 287
31 298
31 301
31 303
31 306
31 308
31 317
31 322
31 337
31 338
31 342
31 343
31 357
31 367
31 377
31 381
31 394
31 400
31 411
31 427
31 428
31 435
31 445
31 455
31 458
31 462
31 466
31 470
31 474
31 475
31 478
31 482
31 486
31 492
31 499
32 33
32 34
32 38
32 39
32 41
32 42
32 45
32 47
32 48
32 54
32 55
32 59
32 60
32 61
32 64
32 65
32 67
32 71
32 73
32 76
32 79
32 81
32 83
32 84
32 86
32 87
32 93
32 105
32 106
32 108
32 109
32 111
32 114
32 120
32 121
32 123
32 126
32 134
32 135
32 143
32 144
32 145
32 147
32 148
32 152
32 156
32 160
32 161
32 164
32 165
32 172
32 173
32 175
32 185
32 188
32 189
32 190
32 193
32 200
32 201
32 204
32 213
32 217
32 218
32 221
32 228
32 237
32 242
32 243
32 245
32 249
32 258
32 268
32 270
32 279
32 283
32 287
32 289
32 305
32 308
32 329
32 342
32 355
32 357
32 359
32 361
32 364
32 368
32 375
32 405
32 406
32 415
32 420
32 421
32 437
32 453
32 458
32 474
32 475
32 478
32 480
32 486
33 35
33 36
33 40
33 43
33 44
33 46
33 47
33 48
33 49
33 51
33 53
33 55
33 56
33 57
33 58
33 60
33 61
33 63
33 66
33 71
33 72
33 73
33 74
33 78
33 80
33 87
33 88
33 89
33 96
33 100
33 105
33 109
33 110
33 114
33 117
33 118
33 126
33 127
33 128
33 129
33 134
33 137
33 139
33 140
33 141
33 142
33 144
33 149
33 153
33 157
33 160
33 165
33 167
33 172
33 174
33 175
33 176
33 177
33 179
33 186
33 192
33 197
33 201
33 203
33 219
33 220
33 225
33 237
33 255
33 260
33 264
33 269
33 274
33 275
33 281
33 285
33 287
33 296
33 298
33 313
33 317
33 322
33 325
33 344
33 347
33 350
33 356
33 368
33 374
33 375
33 389
33 393
33 394
33 398
33 404
33 407
33 419
33 423
33 428
33 461
33 472
33 483
34 35
34 36
34 37
34 39
34 40
34 42
34 43
34 44
34 45
34 46
34 47
34 48
34 49
34 50
34 51
34 52
34 54
34 60
34 61
34 64
34 66
34 69
34 73
34 74
34 75
34 79
34 80
34 81
34 87
34 88
34 89
34 90
34 94
34 101
34 102
34 103
34 105
34 107
34 109
34 112
34 114
34 117
34 122
34 123
34 124
34 125
34 126
34 128
34 129
34 138
34 139
34 144
34 150
34 151
34 153
34 154
34 161
34 162
34 165
34 170
34 174
34 176
34 177
34 178
34 184
34 187
34 199
34 200
34 201
34 209
34 211
34 216
34 218
34 220
34 240
34 252
34 254
34 266
34 267
34 273
34 278
34 285
34 296
34 297
34 299
34 306
34 313
34 318
34 321
34 323
34 325
34 327
34 330
34 337
34 357
34 366
34 372
34 391
34 399
34 401
34 417
34 421
34 427
34 434
34 437
34 438
34 440
34 443
34 447
34 454
34 457
34 460
34 461
34 463
34 464
34 468
34 484
34 488
35 36
35 37
35 38
35 39
35 40
35 42
35 45
35 47
35 48
35 49
35 50
35 51
35 55
35 56
35 57
35 58
35 62
35 63
35 65
35 71
35 76
35 77
35 78
35 80
35 81
35 83
35 85
35 86
35 91
35 92
35 94
35 95
35 96
35 99
35 100
35 103
35 110
35 112
35 120
35 124
35 125
35 128
35 131
35 133
35 138
35 140
35 143
35 146
35 148
35 150
35 152
35 155
35 156
35 160
35 161
35 162
35 163
35 164
35 170
35 172
35 174
35 181
35 184
35 196
35 200
35 201
35 206
35 208
35 222
35 225
35 226
35 237
35 241
35 243
35 245
35 248
35 257
35 261
35 264
35 268
35 270
35 274
35 292
35 299
35 302
35 304
35 305
35 307
35 310
35 335
35 338
35 340
35 345
35 346
35 350
35 351
35 356
35 367
35 370
35 371
35 377
35 381
35 383
35 387
35 388
35 392
35 405
35 416
35 424
35 450
35 452
35 462
35 486
35 488
35 496
35 497
35 498
36 38
36 40
36 43
36 44
36 47
36 48
36 53
36 56
36 57
36 59
36 62
36 69
36 73
36 74
36 76
36 77
36 81
36 86
36 89
36 90
36 91
36 96
36 99
36 102
36 104
36 108
36 111
36 115
36 117
36 124
36 126
36 127
36 132
36 144
36 145
36 147
36 150
36 153
36 154
36 155
36 157
36 159
36 162
36 177
36 179
36 183
36 184
36 186
36 191
36 192
36 209
36 211
36 212
36 214
36 216
36 220
36 222
36 228
36 230
36 236
36 240
36 249
36 252
36 258
36 265
36 267
36 269
36 270
36 273
36 276
36 278
36 298
36 315
36 319
36 320
36 321
36 325
36 336
36 338
36 340
36 345
36 348
36 354
36 355
36 359
36 370
36 373
36 379
36 385
36 390
36 392
36 393
36 395
36 398
36 399
36 406
36 408
36 416
36 424
36 430
36 440
36 454
36 455
36 458
36 459
36 461
36 473
36 486
36 488
36 497
36 498
37 39
37 40
37 42
37 43
37 45
37 46
37 48
37 49
37 52
37 53
37 54
37 59
37 62
37 64
37 68
37 72
37 73
37 78
37 79
37 80
37 82
37 83
37 84
37 85
37 90
37 94
37 96
37 97
37 99
37 101
37 108
37 110
37 113
37 115
37 116
37 118
37 119
37 120
37 123
37 132
37 134
37 136
37 155
37 156
37 162
37 168
37 174
37 176
37 178
37 187
37 190
37 195
37 196
37 199
37 201
37 204
37 224
37 229
37 240
37 243
37 244
37 253
37 255
37 270
37 273
37 279
37 283
37 290
37 292
37 295
37 296
37 302
37 304
37 314
37 318
37 325
37 328
37 332
37 336
37 348
37 351
37 354
37 360
37 363
37 369
37 374
37 396
37 402
37 406
37 417
37 420
37 434
37 440
37 446
37 460
37 467
37 481
37 493
37 497
37 499
38 39
38 40
38 41
38 44
38 45
38 46
38 55
38 56
38 58
38 60
38 61
38 62
38 63
38 64
38 71
38 72
38 73
38 74
38 75
38 79
38 81
38 85
38 87
38 92
38 93
38 96
38 102
38 109
38 110
38 117
38 118
38 119
38 120
38 123
38 128
38 130
38 134
38 136
38 138
38 139
38 140
38 141
38 142
38 143
38 145
38 146
38 150
38 151
38 153
38 155
38 157
38 159
38 161
38 168
38 170
38 172
38 173
38 175
38 176
38 181
38 182
38 187
38 189
38 224
38 238
38 239
38 246
38 248
38 264
38 270
38 271
38 272
38 273
38 274
38 282
38 285
38 286
38 290
38 293
38 294
38 301
38 302
38 303
38 321
38 332
38 335
38 345
38 351
38 360
38 371
38 372
38 377
38 379
38 381
38 384
38 385
38 386
38 401
38 402
38 404
38 408
38 414
38 420
38 421
38 422
38 433
38 449
38 450
38 451
38 454
38 466
38 469
38 470
38 480
38 481
38 485
38 486
38 487
38 497
39 41
39 42
39 43
39 48
39 49
39 51
39 52
39 54
39 55
39 57
39 58
39 60
39 61
39 67
39 71
39 74
39 81
39 82
39 83
39 90
39 96
39 98
39 99
39 100
39 101
39 107
39 109
39 111
39 112
39 114
39 121
39 124
39 128
39 132
39 136
39 141
39 146
39 150
39 154
39 156
39 158
39 166
39 171
39 176
39 179
39 183
39 194
39 197
39 204
39 216
39 218
39 219
39 226
39 238
39 246
39 248
39 249
39 254
39 255
39 260
39 264
39 265
39 267
39 269
39 272
39 279
39 281
39 297
39 301
39 302
39 304
39 312
39 320
39 321
39 330
39 337
39 341
39 375
39 386
39 397
39 420
39 426
39 429
39 435
39 438
39 439
39 462
39 463
39 467
39 469
39 471
39 475
39 494
40 41
40 42
40 43
40 44
40 45
40 46
40 47
40 48
40 50
40 51
40 54
40 55
40 56
40 58
40 60
40 66
40 67
40 73
40 74
40 75
40 79
40 84
40 85
40 86
40 94
40 95
40 100
40 101
40 105
40 106
40 108
40 112
40 117
40 118
40 121
40 125
40 128
40 135
40 141
40 146
40 147
40 152
40 156
40 159
40 161
40 162
40 164
40 173
40 182
40 183
40 184
40 187
40 188
40 190
40 193
40 196
40 200
40 204
40 206
40 208
40 210
40 223
40 228
40 235
40 245
40 253
40 262
40 264
40 265
40 271
40 272
40 273
40 274
40 283
40 284
40 287
40 291
40 292
40 298
40 300
40 303
40 309
40 313
40 316
40 321
40 324
40 326
40 335
40 339
40 346
40 353
40 362
40 364
40 370
40 374
40 375
40 378
40 390
40 394
40 398
40 402
40 409
40 415
40 418
40 420
40 423
40 436
40 451
40 457
40 458
40 466
40 468
40 473
40 478
40 479
40 480
40 481
40 489
41 42
41 43
41 45
41 48
41 49
41 50
41 52
41 54
41 56
41 57
41 59
41 62
41 63
41 64
41 68
41 72
41 74
41 76
41 77
41 78
41 82
41 85
41 86
41 89
41 90
41 91
41 92
41 101
41 104
41 105
41 106
41 109
41 118
41 121
41 124
41 127
41 131
41 136
41 139
41 140
41 144
41 154
41 157
41 158
41 162
41 167
41 168
41 171
41 172
41 180
41 187
41 188
41 192
41 197
41 200
41 206
41 208
41 219
41 225
41 227
41 229
41 235
41 236
41 240
41 246
41 249
41 258
41 261
41 273
41 275
41 277
41 278
41 292
41 296
41 300
41 301
41 305
41 307
41 308
41 310
41 323
41 338
41 351
41 355
41 356
41 367
41 369
41 372
41 384
41 388
41 390
41 395
41 396
41 398
41 399
41 402
41 404
41 415
41 430
41 434
41 436
41 437
41 439
41 451
41 455
41 486
41 491
41 493
41 498
42 44
42 46
42 50
42 51
42 55
42 57
42 58
42 62
42 63
42 64
42 65
42 67
42 68
42 69
42 72
42 73
42 81
42 91
42 94
42 99
42 104
42 109
42 110
42 114
42 116
42 126
42 127
42 131
42 134
42 136
42 147
42 152
42 154
42 169
42 173
42 176
42 179
42 184
42 185
42 187
42 195
42 197
42 198
42 209
42 227
42 230
42 232
42 235
42 250
42 258
42 259
42 261
42 264
42 268
42 276
42 277
42 282
42 283
42 289
42 298
42 313
42 320
42 322
42 333
42 337
42 339
42 341
42 352
42 360
42 361
42 372
42 387
42 399
42 417
42 427
42 434
42 440
42 458
42 462
42 469
42 471
42 481
42 497
42 499
43 44
43 45
43 46
43 47
43 51
43 52
43 56
43 57
43 58
43 59
43 60
43 61
43 66
43 70
43 72
43 73
43 76
43 77
43 81
43 82
43 84
43 86
43 90
43 100
43 103
43 107
43 108
43 111
43 117
43 118
43 128
43 133
43 135
43 137
43 142
43 146
43 147
43 149
43 152
43 155
43 156
43 160
43 162
43 165
43 169
43 174
43 178
43 181
43 182
43 184
43 189
43 202
43 222
43 224
43 226
43 227
43 229
43 233
43 237
43 240
43 247
43 250
43 251
43 253
43 255
43 259
43 264
43 267
43 273
43 283
43 290
43 293
43 300
43 305
43 315
43 322
43 330
43 332
43 334
43 337
43 362
43 368
43 370
43 379
43 383
43 387
43 391
43 395
43 402
43 406
43 418
43 420
43 425
43 427
43 429
43 479
43 480
43 483
43 489
43 494
44 46
44 50
44 51
44 52
44 54
44 59
44 65
44 66
44 68
44 70
44 73
44 75
44 79
44 87
44 90
44 95
44 103
44 104
44 106
44 121
44 125
44 130
44 147
44 148
44 153
44 155
44 161
44 163
44 167
44 173
44 177
44 194
44 195
44 196
44 214
44 217
44 223
44 224
44 229
44 232
44 253
44 254
44 257
44 262
44 269
44 276
44 282
44 286
44 289
44 293
44 299
44 300
44 301
44 306
44 315
44 326
44 343
44 348
44 353
44 358
44 374
44 396
44 399
44 422
44 451
44 464
44 476
44 477
44 493
44 494
45 46
45 48
45 49
45 50
45 51
45 53
45 58
45 62
45 63
45 65
45 66
45 76
45 81
45 82
45 83
45 87
45 90
45 95
45 103
45 104
45 107
45 111
45 114
45 126
45 140
45 141
45 157
45 164
45 168
45 182
45 189
45 192
45 201
45 216
45 217
45 218
45 229
45 238
45 241
45 253
45 256
45 267
45 280
45 316
45 318
45 329
45 351
45 362
45 370
45 376
45 383
45 385
45 392
45 406
45 420
45 432
45 439
45 453
45 467
45 489
45 492
46 47
46 49
46 51
46 53
46 55
46 56
46 57
46 58
46 59
46 62
46 63
46 64
46 65
46 66
46 68
46 69
46 74
46 77
46 80
46 81
46 83
46 84
46 88
46 91
46 92
46 93
46 94
46 105
46 107
46 108
46 109
46 112
46 114
46 115
46 116
46 122
46 123
46 125
46 126
46 128
46 130
46 132
46 136
46 138
46 145
46 150
46 157
46 165
46 166
46 170
46 175
46 186
46 194
46 195
46 206
46 209
46 214
46 216
46 217
46 220
46 221
46 235
46 241
46 246
46 288
46 290
46 312
46 322
46 344
46 350
46 366
46 376
46 377
46 381
46 382
46 401
46 404
46 413
46 419
46 420
46 422
46 445
46 447
46 459
46 461
46 462
46 464
46 466
46 470
46 473
46 488
46 494
46 497
47 50
47 51
47 55
47 56
47 58
47 63
47 64
47 69
47 73
47 78
47 81
47 94
47 99
47 100
47 111
47 113
47 117
47 119
47 134
47 135
47 138
47 143
47 166
47 188
47 201
47 221
47 223
47 236
47 240
47 247
47 248
47 249
47 251
47 255
47 268
47 285
47 302
47 306
47 324
47 341
47 342
47 345
47 347
47 351
47 358
47 363
47 366
47 399
47 405
47 435
47 436
47 450
47 469
47 494
48 49
48 51
48 54
48 62
48 67
48 69
48 72
48 74
48 75
48 84
48 85
48 90
48 94
48 97
48 99
48 100
48 102
48 111
48 112
48 115
48 116
48 126
48 135
48 154
48 155
48 168
48 173
48 176
48 177
48 181
48 201
48 212
48 222
48 233
48 244
48 254
48 267
48 269
48 294
48 309
48 314
48 317
48 322
48 323
48 325
48 326
48 331
48 336
48 339
48 343
48 352
48 356
48 377
48 394
48 409
48 414
48 416
48 426
48 427
48 429
48 430
48 439
48 445
48 446
48 447
48 449
48 457
48 466
48 475
48 478
48 485
48 491
49 50
49 53
49 54
49 57
49 59
49 61
49 63
49 67
49 74
49 75
49 82
49 83
49 86
49 88
49 89
49 91
49 92
49 96
49 101
49 103
49 106
49 109
49 113
49 115
49 116
49 120
49 126
49 131
49 138
49 140
49 142
49 146
49 147
49 152
49 157
49 158
49 166
49 168
49 178
49 179
49 183
49 188
49 198
49 208
49 217
49 220
49 233
49 239
49 253
49 256
49 257
49 265
49 268
49 270
49 276
49 300
49 305
49 306
49 316
49 325
49 328
49 350
49 356
49 365
49 381
49 407
49 408
49 421
49 424
49 428
49 430
49 438
49 442
49 468
49 474
49 483
49 488
49 498
50 51
50 52
50 53
50 54
50 55
50 56
50 59
50 65
50 67
50 70
50 77
50 80
50 83
50 87
50 88
50 93
50 96
50 97
50 111
50 112
50 115
50 122
50 123
50 129
50 130
50 131
50 132
50 133
50 151
50 160
50 165
50 167
50 169
50 173
50 174
50 176
50 188
50 205
50 209
50 214
50 216
50 220
50 224
50 230
50 234
50 242
50 245
50 251
50 252
50 256
50 263
50 266
50 270
50 276
50 288
50 300
50 310
50 319
50 329
50 335
50 338
50 342
50 346
50 349
50 353
50 354
50 363
50 369
50 373
50 376
50 378
50 381
50 398
50 403
50 407
50 423
50 425
50 439
50 443
50 445
50 452
50 455
50 458
50 461
50 465
50 482
51 54
51 60
51 61
51 64
51 66
51 67
51 68
51 70
51 71
51 76
51 82
51 83
51 93
51 94
51 95
51 97
51 107
51 108
51 116
51 117
51 124
51 127
51 129
51 130
51 133
51 137
51 140
51 143
51 150
51 156
51 157
51 161
51 164
51 165
51 170
51 172
51 177
51 179
51 182
51 184
51 189
51 191
51 194
51 204
51 224
51 227
51 237
51 240
51 245
51 254
51 274
51 277
51 282
51 286
51 297
51 303
51 304
51 305
51 308
51 310
51 311
51 315
51 317
51 351
51 352
51 354
51 372
51 375
51 379
51 396
51 401
51 406
51 413
51 424
51 438
51 447
51 475
51 483
51 492
52 53
52 54
52 56
52 67
52 69
52 72
52 73
52 77
52 78
52 83
52 85
52 88
52 89
52 91
52 95
52 97
52 101
52 111
52 112
52 114
52 117
52 125
52 126
52 127
52 128
52 129
52 133
52 140
52 141
52 149
52 150
52 154
52 160
52 163
52 171
52 173
52 174
52 187
52 195
52 199
52 206
52 211
52 216
52 221
52 225
52 232
52 236
52 239
52 241
52 242
52 252
52 258
52 264
52 280
52 288
52 293
52 295
52 318
52 320
52 321
52 324
52 327
52 344
52 349
52 358
52 372
52 375
52 376
52 386
52 412
52 414
52 418
52 437
52 446
52 453
52 456
52 475
52 480
52 495
52 496
53 55
53 56
53 57
53 64
53 67
53 68
53 69
53 70
53 72
53 77
53 81
53 87
53 89
53 93
53 98
53 100
53 102
53 105
53 106
53 107
53 125
53 126
53 136
53 139
53 145
53 147
53 149
53 156
53 157
53 159
53 168
53 169
53 171
53 179
53 182
53 184
53 185
53 188
53 192
53 196
53 197
53 200
53 207
53 213
53 218
53 224
53 229
53 240
53 244
53 247
53 260
53 268
53 272
53 273
53 275
53 284
53 286
53 291
53 295
53 296
53 297
53 298
53 299
53 301
53 311
53 326
53 336
53 340
53 348
53 359
53 372
53 373
53 374
53 400
53 402
53 406
53 415
53 422
53 429
53 440
53 445
53 446
53 472
53 477
53 482
53 488
53 489
54 57
54 58
54 64
54 66
54 70
54 71
54 72
54 74
54 79
54 80
54 82
54 83
54 87
54 90
54 91
54 94
54 96
54 98
54 108
54 111
54 112
54 138
54 139
54 142
54 143
54 154
54 176
54 177
54 178
54 188
54 196
54 217
54 227
54 232
54 248
54 251
54 258
54 265
54 267
54 271
54 280
54 291
54 311
54 316
54 318
54 369
54 376
54 378
54 380
54 382
54 384
54 413
54 421
54 428
54 432
54 448
54 449
54 452
54 466
54 482
54 489
55 56
55 59
55 65
55 66
55 67
55 70
55 75
55 78
55 79
55 85
55 87
55 93
55 94
55 95
55 96
55 98
55 102
55 118
55 119
55 121
55 122
55 132
55 145
55 153
55 154
55 156
55 159
55 170
55 173
55 175
55 177
55 184
55 191
55 200
55 203
55 214
55 227
55 235
55 246
55 247
55 258
55 263
55 271
55 280
55 290
55 293
55 299
55 302
55 320
55 321
55 331
55 335
55 336
55 338
55 355
55 361
55 362
55 368
55 381
55 384
55 393
55 395
55 403
55 426
55 427
55 457
55 459
55 475
55 484
55 488
55 499
56 57
56 59
56 61
56 62
56 69
56 73
56 75
56 81
56 84
56 90
56 92
56 96
56 97
56 98
56 102
56 115
56 121
56 122
56 123
56 126
56 127
56 128
56 134
56 140
56 146
56 159
56 161
56 168
56 170
56 181
56 185
56 191
56 198
56 201
56 203
56 206
56 219
56 228
56 251
56 253
56 258
56 265
56 271
56 276
56 279
56 286
56 291
56 304
56 319
56 329
56 338
56 343
56 354
56 356
56 358
56 367
56 371
56 380
56 396
56 398
56 415
56 422
56 425
56 429
56 461
56 462
56 464
56 466
56 469
56 470
56 477
56 478
56 479
56 486
56 487
56 489
56 493
57 61
57 67
57 71
57 76
57 79
57 83
57 85
57 89
57 91
57 96
57 98
57 100
57 107
57 114
57 116
57 120
57 122
57 125
57 129
57 137
57 147
57 155
57 158
57 162
57 179
57 183
57 184
57 193
57 207
57 210
57 211
57 213
57 214
57 228
57 239
57 247
57 259
57 261
57 268
57 269
57 293
57 329
57 343
57 345
57 360
57 368
57 373
57 375
57 381
57 395
57 403
57 413
57 417
57 418
57 431
57 450
57 490
58 59
58 61
58 63
58 65
58 66
58 71
58 72
58 73
58 76
58 78
58 79
58 82
58 86
58 87
58 88
58 94
58 111
58 115
58 117
58 123
58 128
58 130
58 135
58 137
58 148
58 150
58 152
58 154
58 163
58 168
58 170
58 179
58 181
58 182
58 188
58 200
58 202
58 211
58 218
58 221
58 231
58 234
58 238
58 239
58 243
58 246
58 247
58 250
58 261
58 267
58 274
58 284
58 285
58 292
58 303
58 311
58 315
58 333
58 335
58 339
58 353
58 356
58 358
58 364
58 368
58 370
58 377
58 386
58 387
58 389
58 419
58 442
58 447
58 448
58 450
58 467
58 474
58 483
58 491
58 492
59 61
59 66
59 75
59 76
59 78
59 79
59 80
59 82
59 85
59 86
59 87
59 91
59 95
59 98
59 103
59 127
59 130
59 135
59 138
59 147
59 148
59 150
59 156
59 159
59 176
59 180
59 191
59 192
59 193
59 194
59 195
59 199
59 203
59 206
59 213
59 216
59 218
59 221
59 227
59 231
59 234
59 238
59 260
59 264
59 267
59 270
59 274
59 293
59 294
59 355
59 366
59 371
59 376
59 377
59 379
59 380
59 383
59 399
59 412
59 429
59 430
59 443
59 461
59 463
59 487
59 496
60 68
60 69
60 70
60 75
60 83
60 113
60 119
60 120
60 121
60 124
60 125
60 128
60 131
60 141
60 143
60 144
60 146
60 152
60 158
60 165
60 166
60 168
60 174
60 201
60 204
60 209
60 220
60 225
60 228
60 230
60 234
60 241
60 243
60 246
60 248
60 284
60 286
60 290
60 293
60 294
60 303
60 305
60 311
60 318
60 333
60 355
60 363
60 366
60 374
60 377
60 378
60 387
60 389
60 401
60 411
60 430
60 453
60 455
60 459
60 467
60 468
60 476
60 494
60 495
61 62
61 64
61 68
61 71
61 77
61 80
61 81
61 84
61 85
61 87
61 88
61 90
61 91
61 93
61 98
61 105
61 106
61 110
61 112
61 119
61 124
61 127
61 129
61 130
61 132
61 134
61 135
61 136
61 138
61 142
61 150
61 155
61 163
61 164
61 165
61 171
61 172
61 175
61 181
61 182
61 186
61 207
61 221
61 228
61 230
61 242
61 263
61 266
61 270
61 304
61 308
61 317
61 321
61 323
61 326
61 328
61 329
61 331
61 335
61 345
61 351
61 357
61 360
61 361
61 375
61 380
61 384
61 395
61 401
61 405
61 406
61 414
61 418
61 426
61 435
61 436
61 438
61 463
61 472
61 473
61 494
62 65
62 70
62 71
62 76
62 89
62 91
62 92
62 101
62 102
62 108
62 110
62 111
62 122
62 123
62 146
62 151
62 153
62 155
62 156
62 167
62 170
62 171
62 179
62 186
62 194
62 210
62 214
62 217
62 236
62 239
62 248
62 272
62 275
62 280
62 292
62 303
62 307
62 308
62 323
62 332
62 341
62 342
62 346
62 354
62 369
62 371
62 401
62 402
62 409
62 420
62 440
62 457
62 465
62 471
62 479
62 488
63 64
63 68
63 69
63 73
63 75
63 76
63 92
63 101
63 103
63 116
63 122
63 124
63 125
63 136
63 139
63 168
63 169
63 178
63 186
63 189
63 190
63 194
63 205
63 215
63 217
63 227
63 237
63 239
63 242
63 245
63 246
63 260
63 262
63 264
63 271
63 272
63 298
63 308
63 313
63 314
63 325
63 328
63 334
63 340
63 343
63 344
63 347
63 352
63 356
63 362
63 365
63 367
63 371
63 372
63 380
63 391
63 395
63 407
63 412
63 433
63 440
63 446
63 455
63 460
63 463
63 469
63 476
63 482
63 486
63 492
64 66
64 67
64 68
64 69
64 70
64 71
64 73
64 77
64 83
64 89
64 90
64 91
64 93
64 99
64 101
64 102
64 106
64 107
64 112
64 114
64 115
64 116
64 133
64 134
64 142
64 144
64 145
64 146
64 148
64 150
64 152
64 153
64 164
64 170
64 182
64 183
64 196
64 201
64 203
64 220
64 223
64 235
64 248
64 254
64 256
64 258
64 261
64 267
64 272
64 278
64 281
64 325
64 336
64 337
64 368
64 379
64 381
64 391
64 396
64 398
64 408
64 411
64 427
64 431
64 437
64 446
64 459
64 460
64 467
64 471
64 476
64 484
64 494
65 66
65 75
65 78
65 80
65 81
65 85
65 89
65 91
65 95
65 109
65 114
65 123
65 124
65 136
65 147
65 149
65 153
65 157
65 158
65 160
65 162
65 183
65 200
65 210
65 212
65 226
65 227
65 236
65 243
65 244
65 247
65 249
65 250
65 251
65 252
65 259
65 267
65 268
65 271
65 273
65 278
65 285
65 288
65 300
65 302
65 314
65 317
65 323
65 324
65 339
65 341
65 345
65 364
65 382
65 383
65 392
65 399
65 408
65 412
65 413
65 424
65 437
65 442
65 444
66 76
66 82
66 86
66 91
66 93
66 96
66 98
66 103
66 106
66 114
66 124
66 127
66 128
66 151
66 156
66 160
66 166
66 176
66 178
66 189
66 194
66 195
66 196
66 199
66 204
66 209
66 220
66 222
66 234
66 242
66 257
66 270
66 284
66 305
66 313
66 321
66 336
66 340
66 354
66 362
66 367
66 377
66 386
66 388
66 421
66 426
66 440
66 444
66 459
66 466
66 470
67 69
67 72
67 74
67 75
67 76
67 81
67 84
67 85
67 88
67 96
67 97
67 101
67 104
67 105
67 106
67 111
67 113
67 127
67 132
67 134
67 138
67 146
67 149
67 156
67 160
67 175
67 187
67 190
67 194
67 202
67 213
67 215
67 218
67 220
67 230
67 244
67 245
67 257
67 262
67 263
67 265
67 266
67 267
67 272
67 287
67 320
67 335
67 365
67 406
67 409
67 415
67 418
67 434
67 444
67 498
68 70
68 72
68 73
68 74
68 75
68 77
68 79
68 82
68 87
68 88
68 94
68 99
68 103
68 107
68 108
68 111
68 113
68 114
68 121
68 122
68 127
68 132
68 139
68 140
68 144
68 147
68 154
68 158
68 159
68 160
68 162
68 165
68 170
68 178
68 184
68 187
68 196
68 205
68 208
68 212
68 223
68 230
68 231
68 232
68 234
68 236
68 237
68 238
68 241
68 259
68 262
68 265
68 268
68 269
68 277
68 280
68 290
68 296
68 302
68 303
68 306
68 314
68 339
68 349
68 350
68 352
68 356
68 382
68 385
68 408
68 409
68 440
68 445
68 456
68 466
68 467
68 476
69 70
69 73
69 78
69 81
69 82
69 87
69 89
69 92
69 108
69 110
69 119
69 120
69 128
69 129
69 130
69 131
69 132
69 133
69 137
69 140
69 143
69 144
69 147
69 149
69 150
69 161
69 166
69 167
69 169
69 172
69 176
69 181
69 186
69 188
69 190
69 197
69 214
69 223
69 243
69 254
69 260
69 271
69 272
69 294
69 296
69 304
69 310
69 319
69 321
69 323
69 328
69 352
69 357
69 369
69 383
69 393
69 394
69 398
69 410
69 412
69 414
69 417
69 421
69 443
69 452
69 458
69 460
69 467
69 486
69 491
70 73
70 74
70 81
70 82
70 83
70 86
70 105
70 109
70 116
70 118
70 131
70 139
70 149
70 152
70 180
70 181
70 182
70 185
70 198
70 206
70 225
70 235
70 243
70 248
70 250
70 257
70 262
70 263
70 274
70 281
70 309
70 310
70 321
70 324
70 327
70 342
70 358
70 365
70 374
70 396
70 409
70 416
70 433
70 443
70 465
70 480
70 483
70 486
70 494
71 75
71 81
71 87
71 88
71 90
71 94
71 98
71 99
71 118
71 119
71 123
71 133
71 143
71 157
71 181
71 182
71 188
71 192
71 193
71 194
71 195
71 199
71 207
71 218
71 222
71 223
71 229
71 236
71 238
71 244
71 245
71 249
71 255
71 266
71 278
71 286
71 287
71 289
71 293
71 297
71 301
71 310
71 323
71 331
71 337
71 345
71 363
71 364
71 376
71 388
71 402
71 413
71 414
71 441
71 447
71 464
71 470
71 478
71 482
71 499
72 79
72 84
72 86
72 87
72 90
72 91
72 92
72 93
72 94
72 97
72 98
72 108
72 109
72 112
72 119
72 133
72 135
72 137
72 138
72 141
72 154
72 157
72 175
72 177
72 188
72 192
72 193
72 197
72 200
72 202
72 203
72 211
72 223
72 226
72 250
72 260
72 261
72 279
72 286
72 303
72 309
72 310
72 323
72 329
72 333
72 337
72 339
72 340
72 351
72 356
72 368
72 388
72 391
72 392
72 397
72 399
72 400
72 423
72 433
72 434
72 435
72 442
72 455
72 459
72 473
72 487
72 491
73 74
73 76
73 85
73 86
73 88
73 89
73 92
73 94
73 95
73 96
73 99
73 105
73 109
73 113
73 114
73 115
73 121
73 122
73 132
73 135
73 140
73 141
73 144
73 152
73 159
73 166
73 172
73 181
73 182
73 184
73 190
73 191
73 194
73 197
73 202
73 207
73 210
73 218
73 228
73 229
73 240
73 245
73 255
73 259
73 261
73 263
73 270
73 278
73 298
73 299
73 303
73 305
73 312
73 319
73 322
73 337
73 340
73 346
73 349
73 370
73 382
73 389
73 405
73 417
73 473
73 481
73 487
73 490
73 494
74 78
74 80
74 84
74 94
74 97
74 100
74 105
74 106
74 108
74 109
74 110
74 129
74 131
74 135
74 137
74 140
74 144
74 145
74 149
74 158
74 161
74 163
74 164
74 165
74 167
74 168
74 170
74 171
74 180
74 182
74 184
74 189
74 192
74 193
74 195
74 197
74 203
74 206
74 209
74 210
74 226
74 231
74 248
74 249
74 250
74 256
74 257
74 265
74 276
74 279
74 283
74 285
74 287
74 316
74 322
74 332
74 334
74 335
74 336
74 362
74 363
74 368
74 370
74 376
74 378
74 385
74 386
74 391
74 393
74 395
74 408
74 409
74 410
74 428
74 435
74 437
74 447
74 448
74 450
74 454
74 458
74 463
75 76
75 77
75 85
75 86
75 88
75 89
75 93
75 95
75 100
75 114
75 119
75 121
75 124
75 132
75 137
75 144
75 154
75 158
75 159
75 171
75 175
75 179
75 185
75 195
75 198
75 201
75 202
75 221
75 227
75 244
75 260
75 266
75 277
75 278
75 279
75 280
75 290
75 299
75 306
75 309
75 311
75 313
75 320
75 336
75 350
75 352
75 354
75 357
75 359
75 362
75 390
75 406
75 413
75 420
75 430
75 431
75 432
75 442
75 445
75 468
75 476
76 78
76 91
76 99
76 106
76 109
76 115
76 119
76 120
76 122
76 129
76 147
76 153
76 154
76 159
76 166
76 179
76 186
76 202
76 205
76 207
76 216
76 239
76 244
76 261
76 270
76 283
76 291
76 298
76 307
76 313
76 332
76 355
76 362
76 369
76 389
76 407
76 424
76 437
76 454
76 485
76 490
77 79
77 80
77 86
77 89
77 90
77 95
77 97
77 100
77 110
77 116
77 118
77 123
77 130
77 132
77 133
77 143
77 148
77 156
77 159
77 171
77 194
77 197
77 201
77 202
77 204
77 212
77 224
77 230
77 243
77 252
77 257
77 275
77 277
77 286
77 291
77 293
77 332
77 334
77 339
77 352
77 359
77 405
77 426
77 431
77 437
77 465
77 484
77 495
77 498
78 81
78 82
78 83
78 87
78 90
78 93
78 96
78 98
78 101
78 104
78 105
78 106
78 108
78 116
78 117
78 119
78 124
78 125
78 131
78 137
78 138
78 152
78 157
78 160
78 170
78 174
78 180
78 189
78 191
78 193
78 203
78 206
78 221
78 226
78 240
78 250
78 256
78 257
78 266
78 279
78 281
78 282
78 283
78 290
78 295
78 301
78 303
78 308
78 319
78 333
78 340
78 347
78 348
78 358
78 384
78 389
78 402
78 414
78 415
78 458
78 459
78 471
78 472
78 482
78 492
79 81
79 82
79 91
79 94
79 96
79 102
79 103
79 123
79 126
79 132
79 134
79 137
79 138
79 141
79 142
79 143
79 148
79 178
79 191
79 194
79 197
79 218
79 222
79 226
79 228
79 232
79 238
79 246
79 253
79 280
79 287
79 294
79 295
79 296
79 299
79 307
79 316
79 320
79 321
79 338
79 348
79 352
79 376
79 385
79 394
79 397
79 400
79 419
79 420
79 448
79 469
79 472
79 478
80 88
80 93
80 98
80 101
80 104
80 118
80 124
80 131
80 149
80 158
80 165
80 173
80 174
80 191
80 195
80 198
80 217
80 220
80 223
80 229
80 243
80 255
80 265
80 297
80 302
80 313
80 317
80 324
80 328
80 332
80 350
80 355
80 357
80 366
80 373
80 381
80 406
80 419
80 425
80 444
80 475
81 85
81 89
81 95
81 99
81 103
81 104
81 113
81 114
81 131
81 139
81 148
81 161
81 182
81 184
81 185
81 188
81 206
81 214
81 218
81 220
81 229
81 245
81 251
81 256
81 261
81 277
81 284
81 289
81 296
81 301
81 322
81 326
81 331
81 332
81 336
81 351
81 362
81 374
81 384
81 386
81 413
81 418
81 456
81 458
81 472
82 84
82 108
82 114
82 120
82 123
82 134
82 137
82 149
82 152
82 153
82 160
82 162
82 170
82 175
82 177
82 180
82 190
82 191
82 192
82 195
82 197
82 198
82 206
82 207
82 209
82 223
82 227
82 233
82 252
82 271
82 276
82 293
82 311
82 314
82 315
82 328
82 334
82 338
82 349
82 350
82 354
82 356
82 357
82 361
82 365
82 383
82 388
82 393
82 403
82 411
82 412
82 419
82 424
82 432
82 478
82 483
83 85
83 87
83 92
83 93
83 97
83 111
83 113
83 118
83 122
83 125
83 127
83 140
83 142
83 145
83 150
83 171
83 177
83 192
83 196
83 199
83 201
83 209
83 213
83 214
83 237
83 244
83 267
83 269
83 271
83 286
83 290
83 296
83 309
83 318
83 351
83 417
83 424
83 433
83 446
83 449
83 456
83 460
83 466
83 467
83 479
84 102
84 103
84 108
84 120
84 125
84 132
84 135
84 151
84 154
84 161
84 162
84 163
84 166
84 168
84 182
84 184
84 196
84 201
84 211
84 217
84 219
84 232
84 246
84 260
84 261
84 266
84 279
84 299
84 304
84 306
84 312
84 328
84 329
84 331
84 338
84 353
84 355
84 367
84 372
84 374
84 378
84 381
84 391
84 402
84 403
84 413
84 432
84 434
84 442
84 455
84 493
85 91
85 105
85 116
85 130
85 131
85 136
85 139
85 146
85 150
85 151
85 171
85 173
85 183
85 185
85 186
85 193
85 197
85 207
85 208
85 217
85 219
85 236
85 242
85 246
85 260
85 277
85 283
85 285
85 286
85 301
85 323
85 325
85 327
85 333
85 336
85 339
85 340
85 348
85 365
85 367
85 388
85 406
85 414
85 420
85 439
85 457
85 473
85 494
85 497
86 91
86 94
86 97
86 99
86 106
86 108
86 112
86 113
86 120
86 124
86 125
86 134
86 135
86 137
86 148
86 165
86 167
86 169
86 173
86 174
86 176
86 186
86 189
86 190
86 193
86 203
86 208
86 212
86 213
86 218
86 231
86 232
86 235
86 259
86 262
86 271
86 279
86 283
86 298
86 310
86 357
86 368
86 384
86 392
86 407
86 427
86 436
86 444
86 449
86 459
86 460
86 477
86 485
86 489
86 497
87 94
87 95
87 98
87 100
87 102
87 104
87 111
87 114
87 116
87 118
87 120
87 121
87 122
87 132
87 134
87 137
87 142
87 143
87 145
87 157
87 158
87 177
87 186
87 200
87 202
87 205
87 208
87 224
87 230
87 235
87 238
87 243
87 257
87 258
87 271
87 273
87 278
87 279
87 283
87 294
87 299
87 317
87 330
87 332
87 342
87 347
87 358
87 410
87 420
87 434
87 439
87 450
87 462
87 473
87 477
88 90
88 102
88 115
88 124
88 129
88 131
88 133
88 139
88 145
88 150
88 153
88 157
88 172
88 177
88 180
88 182
88 183
88 195
88 201
88 206
88 216
88 219
88 231
88 260
88 263
88 271
88 280
88 286
88 295
88 322
88 324
88 330
88 335
88 347
88 355
88 367
88 370
88 388
88 400
88 404
88 408
88 420
88 426
88 436
88 460
88 467
88 478
89 93
89 96
89 103
89 109
89 110
89 114
89 116
89 120
89 125
89 128
89 129
89 138
89 142
89 145
89 146
89 147
89 154
89 161
89 165
89 166
89 167
89 170
89 176
89 180
89 181
89 196
89 201
89 203
89 214
89 223
89 238
89 244
89 248
89 254
89 255
89 256
89 262
89 301
89 309
89 311
89 312
89 321
89 323
89 347
89 357
89 383
89 410
89 419
89 431
89 450
89 457
89 486
89 493
90 92
90 98
90 104
90 106
90 110
90 114
90 123
90 126
90 129
90 132
90 135
90 138
90 139
90 144
90 147
90 151
90 165
90 170
90 171
90 173
90 179
90 185
90 187
90 190
90 191
90 199
90 202
90 210
90 212
90 213
90 225
90 229
90 230
90 248
90 250
90 265
90 272
90 273
90 275
90 297
90 304
90 328
90 350
90 351
90 355
90 362
90 368
90 374
90 394
90 401
90 402
90 427
90 432
90 440
90 443
90 448
90 451
90 461
90 471
90 475
90 478
90 490
90 492
90 493
91 93
91 99
91 101
91 105
91 107
91 115
91 117
91 124
91 127
91 137
91 138
91 158
91 162
91 163
91 168
91 171
91 180
91 187
91 222
91 240
91 247
91 264
91 276
91 280
91 286
91 291
91 306
91 313
91 314
91 315
91 327
91 330
91 365
91 366
91 372
91 373
91 386
91 424
91 453
91 454
91 481
91 490
91 496
91 499
92 96
92 103
92 117
92 137
92 141
92 148
92 151
92 156
92 175
92 216
92 242
92 254
92 263
92 270
92 281
92 284
92 326
92 339
92 355
92 371
92 385
92 396
92 398
92 428
92 436
92 437
92 452
92 482
92 496
93 96
93 104
93 111
93 114
93 119
93 122
93 132
93 138
93 148
93 149
93 153
93 157
93 158
93 162
93 167
93 170
93 171
93 173
93 198
93 216
93 239
93 254
93 265
93 291
93 292
93 303
93 308
93 312
93 316
93 335
93 341
93 370
93 389
93 402
93 404
93 416
93 434
93 470
93 475
93 487
93 497
94 97
94 98
94 102
94 105
94 112
94 121
94 122
94 125
94 128
94 132
94 141
94 145
94 149
94 163
94 167
94 173
94 176
94 180
94 195
94 198
94 200
94 204
94 213
94 218
94 226
94 228
94 236
94 241
94 247
94 250
94 252
94 256
94 263
94 265
94 286
94 288
94 297
94 317
94 321
94 324
94 327
94 329
94 337
94 340
94 359
94 366
94 375
94 389
94 392
94 397
94 414
94 423
94 430
94 433
94 444
94 445
94 456
94 481
94 490
94 491
95 97
95 107
95 109
95 113
95 115
95 116
95 122
95 133
95 147
95 151
95 153
95 158
95 163
95 164
95 166
95 169
95 174
95 180
95 191
95 198
95 199
95 207
95 211
95 219
95 225
95 235
95 242
95 252
95 260
95 286
95 296
95 308
95 309
95 314
95 319
95 326
95 333
95 345
95 348
95 365
95 411
95 418
95 428
95 479
95 480
95 481
95 491
96 100
96 101
96 104
96 116
96 121
96 122
96 126
96 132
96 155
96 160
96 169
96 185
96 194
96 211
96 216
96 220
96 229
96 238
96 254
96 281
96 285
96 286
96 287
96 307
96 323
96 354
96 359
96 405
96 406
96 422
96 423
96 433
96 437
96 449
96 495
97 104
97 106
97 108
97 113
97 123
97 124
97 125
97 128
97 134
97 160
97 183
97 188
97 204
97 216
97 219
97 241
97 248
97 250
97 271
97 274
97 301
97 348
97 367
97 382
97 383
97 416
97 427
97 455
97 466
97 473
97 484
97 485
97 493
97 497
98 101
98 103
98 118
98 119
98 120
98 129
98 139
98 142
98 147
98 150
98 166
98 215
98 250
98 258
98 286
98 293
98 306
98 308
98 328
98 344
98 346
98 395
98 400
98 425
98 440
98 448
98 476
98 492
99 103
99 113
99 116
99 118
99 119
99 122
99 148
99 150
99 155
99 160
99 170
99 177
99 184
99 198
99 199
99 223
99 236
99 336
99 357
99 364
99 369
99 370
99 373
99 384
99 396
99 398
99 419
99 420
99 421
99 438
99 465
99 479
100 102
100 107
100 108
100 113
100 116
100 117
100 127
100 141
100 148
100 164
100 166
100 167
100 181
100 184
100 185
100 186
100 187
100 189
100 190
100 191
100 193
100 202
100 208
100 210
100 212
100 225
100 232
100 240
100 245
100 246
100 249
100 257
100 259
100 264
100 268
100 274
100 295
100 302
100 343
100 350
100 352
100 359
100 366
100 397
100 405
100 406
100 457
100 465
100 466
100 491
101 106
101 109
101 112
101 116
101 118
101 130
101 156
101 157
101 171
101 174
101 180
101 182
101 198
101 200
101 203
101 205
101 207
101 209
101 212
101 216
101 224
101 226
101 233
101 238
101 256
101 262
101 272
101 283
101 285
101 297
101 358
101 359
101 370
101 372
101 378
101 382
101 390
101 395
101 408
101 409
101 411
101 418
101 424
101 434
101 446
101 463
101 490
102 118
102 119
102 123
102 124
102 125
102 136
102 142
102 148
102 150
102 155
102 172
102 185
102 190
102 209
102 226
102 235
102 243
102 253
102 254
102 258
102 288
102 294
102 302
102 347
102 349
102 357
102 360
102 362
102 377
102 382
102 387
102 388
102 403
102 440
102 472
102 490
103 107
103 131
103 136
103 140
103 143
103 144
103 151
103 166
103 181
103 192
103 200
103 206
103 207
103 208
103 210
103 215
103 221
103 224
103 234
103 238
103 240
103 241
103 244
103 251
103 256
103 258
103 269
103 295
103 300
103 322
103 330
103 334
103 383
103 390
103 421
103 423
103 424
103 450
103 452
103 454
103 465
103 488
104 125
104 133
104 149
104 150
104 151
104 152
104 205
104 217
104 226
104 233
104 234
104 235
104 243
104 268
104 270
104 275
104 281
104 304
104 305
104 306
104 313
104 324
104 342
104 359
104 383
104 396
104 400
104 403
104 430
104 433
104 446
104 447
104 453
104 464
104 486
105 107
105 118
105 142
105 189
105 191
105 203
105 219
105 237
105 242
105 246
105 247
105 258
105 301
105 312
105 321
105 346
105 371
105 390
105 411
105 417
105 437
105 459
105 468
106 108
106 116
106 123
106 125
106 127
106 141
106 152
106 161
106 174
106 193
106 195
106 206
106 211
106 233
106 248
106 253
106 255
106 265
106 266
106 270
106 274
106 313
106 328
106 335
106 344
106 378
106 384
106 387
106 406
106 416
106 419
106 438
106 443
106 455
106 457
106 479
106 490
107 118
107 128
107 133
107 141
107 147
107 161
107 163
107 176
107 183
107 212
107 228
107 229
107 245
107 254
107 257
107 258
107 260
107 267
107 280
107 281
107 288
107 294
107 301
107 303
107 309
107 312
107 313
107 332
107 363
107 383
107 395
107 412
107 420
107 441
107 444
107 448
107 449
107 460
107 465
108 109
108 110
108 112
108 113
108 119
108 120
108 122
108 125
108 127
108 128
108 143
108 144
108 146
108 154
108 174
108 190
108 192
108 202
108 205
108 222
108 224
108 236
108 243
108 250
108 252
108 256
108 259
108 295
108 300
108 312
108 317
108 320
108 330
108 338
108 342
108 351
108 364
108 371
108 373
108 390
108 400
108 407
108 443
108 452
108 454
108 456
108 460
108 468
108 470
108 494
109 111
109 118
109 130
109 142
109 143
109 151
109 153
109 159
109 162
109 167
109 168
109 180
109 183
109 185
109 191
109 193
109 198
109 199
109 200
109 204
109 206
109 207
109 223
109 234
109 237
109 248
109 249
109 256
109 263
109 279
109 281
109 298
109 312
109 317
109 333
109 336
109 352
109 361
109 367
109 368
109 376
109 381
109 388
109 398
109 420
109 430
109 449
109 452
109 454
109 461
110 112
110 117
110 120
110 121
110 124
110 135
110 153
110 164
110 186
110 202
110 215
110 216
110 241
110 250
110 270
110 280
110 281
110 319
110 356
110 367
110 374
110 405
110 411
110 414
110 417
110 435
110 455
110 461
110 470
111 117
111 125
111 128
111 132
111 143
111 153
111 164
111 173
111 184
111 189
111 192
111 194
111 196
111 203
111 218
111 219
111 229
111 253
111 254
111 268
111 281
111 300
111 304
111 319
111 364
111 373
111 417
111 439
111 445
111 446
111 452
111 456
111 461
111 465
111 468
111 493
111 499
112 118
112 126
112 143
112 145
112 148
112 156
112 160
112 162
112 172
112 174
112 175
112 176
112 181
112 188
112 189
112 215
112 219
112 221
112 225
112 237
112 239
112 249
112 250
112 251
112 253
112 266
112 274
112 303
112 308
112 309
112 314
112 317
112 329
112 331
112 333
112 382
112 383
112 403
112 410
112 415
112 421
112 428
112 429
112 445
112 476
112 480
112 491
112 496
113 115
113 123
113 134
113 143
113 146
113 152
113 157
113 158
113 162
113 168
113 172
113 185
113 199
113 200
113 205
113 217
113 225
113 229
113 258
113 271
113 282
113 304
113 320
113 329
113 348
113 355
113 382
113 387
113 403
113 408
113 432
113 448
113 480
114 136
114 138
114 146
114 147
114 185
114 202
114 203
114 216
114 227
114 242
114 243
114 279
114 301
114 312
114 321
114 341
114 343
114 425
114 492
114 496
115 116
115 117
115 120
115 122
115 128
115 141
115 146
115 150
115 162
115 163
115 164
115 165
115 166
115 167
115 169
115 178
115 179
115 183
115 187
115 197
115 216
115 218
115 221
115 223
115 233
115 237
115 241
115 260
115 268
115 271
115 274
115 278
115 280
115 285
115 295
115 313
115 324
115 332
115 333
115 362
115 370
115 420
115 428
115 437
115 443
115 445
115 446
115 470
115 484
115 487
116 122
116 129
116 140
116 147
116 155
116 156
116 162
116 188
116 189
116 191
116 218
116 223
116 231
116 243
116 252
116 262
116 275
116 283
116 286
116 298
116 345
116 365
116 374
116 376
116 401
116 402
116 403
116 413
116 418
116 447
116 467
116 471
116 480
116 482
117 135
117 140
117 141
117 143
117 145
117 154
117 163
117 168
117 183
117 187
117 216
117 241
117 247
117 259
117 272
117 297
117 302
117 303
117 317
117 342
117 375
117 383
117 388
117 393
117 396
117 403
117 405
117 409
117 430
117 453
117 454
117 473
117 482
117 496
118 136
118 140
118 145
118 167
118 213
118 222
118 225
118 239
118 242
118 246
118 252
118 281
118 282
118 302
118 311
118 317
118 327
118 333
118 340
118 360
118 379
118 390
118 396
118 408
118 426
118 435
118 458
118 463
118 491
119 127
119 130
119 134
119 135
119 148
119 154
119 155
119 156
119 161
119 167
119 178
119 186
119 188
119 195
119 196
119 228
119 229
119 236
119 239
119 256
119 258
119 266
119 269
119 275
119 288
119 291
119 292
119 295
119 318
119 328
119 338
119 380
119 391
119 403
119 409
119 412
119 439
119 448
119 458
119 498
120 134
120 161
120 163
120 177
120 180
120 185
120 198
120 202
120 207
120 210
120 214
120 222
120 224
120 227
120 237
120 242
120 250
120 261
120 276
120 296
120 301
120 303
120 304
120 311
120 313
120 318
120 326
120 334
120 339
120 363
120 397
120 398
120 405
120 410
120 414
120 419
120 481
120 495
121 144
121 178
121 211
121 218
121 219
121 226
121 227
121 230
121 233
121 234
121 235
121 255
121 278
121 290
121 307
121 309
121 338
121 341
121 342
121 352
121 374
121 378
121 382
121 385
121 388
121 435
121 446
121 469
121 470
121 484
121 486
122 145
122 149
122 153
122 162
122 175
122 177
122 179
122 225
122 235
122 240
122 271
122 273
122 277
122 285
122 307
122 309
122 313
122 335
122 361
122 374
122 379
122 395
122 396
122 420
122 421
122 434
122 446
122 466
122 497
123 131
123 138
123 139
123 147
123 149
123 161
123 162
123 163
123 165
123 167
123 177
123 188
123 210
123 228
123 237
123 241
123 251
123 278
123 282
123 285
123 289
123 291
123 304
123 311
123 324
123 330
123 334
123 344
123 362
123 365
123 419
123 420
123 430
123 441
123 464
123 474
124 136
124 159
124 166
124 168
124 179
124 180
124 190
124 196
124 209
124 214
124 247
124 249
124 267
124 275
124 288
124 289
124 299
124 306
124 321
124 346
124 353
124 367
124 407
124 426
124 431
124 434
124 435
124 445
124 462
124 477
124 495
125 127
125 136
125 142
125 153
125 156
125 161
125 162
125 203
125 210
125 220
125 231
125 272
125 292
125 300
125 314
125 315
125 332
125 341
125 350
125 358
125 380
125 385
125 402
125 406
125 433
125 436
125 440
125 441
125 451
125 463
125 477
125 499
126 146
126 151
126 170
126 180
126 181
126 236
126 246
126 256
126 290
126 301
126 354
126 360
126 375
126 388
126 390
126 425
126 433
126 462
126 481
127 143
127 145
127 158
127 165
127 171
127 187
127 196
127 204
127 221
127 239
127 248
127 261
127 269
127 278
127 290
127 297
127 308
127 347
127 352
127 366
127 389
127 404
127 413
127 419
127 421
127 437
127 448
127 461
127 463
128 129
128 132
128 133
128 145
128 163
128 168
128 171
128 172
128 187
128 191
128 192
128 193
128 205
128 211
128 214
128 217
128 219
128 228
128 233
128 235
128 241
128 245
128 259
128 260
128 262
128 264
128 265
128 276
128 283
128 284
128 297
128 309
128 339
128 358
128 359
128 385
128 401
128 407
128 413
128 416
128 427
128 445
128 453
128 472
128 473
128 480
128 491
128 494
129 131
129 135
129 141
129 146
129 167
129 169
129 182
129 198
129 247
129 250
129 259
129 262
129 263
129 285
129 287
129 306
129 310
129 316
129 343
129 345
129 347
129 352
129 370
129 383
129 389
129 394
129 396
129 416
129 418
129 428
129 430
129 431
129 445
129 466
129 479
130 133
130 146
130 154
130 155
130 156
130 159
130 165
130 175
130 177
130 203
130 214
130 225
130 252
130 261
130 271
130 308
130 321
130 331
130 334
130 343
130 353
130 370
130 371
130 376
130 387
130 392
130 442
130 449
130 463
130 474
131 136
131 152
131 161
131 169
131 178
131 179
131 187
131 194
131 199
131 205
131 212
131 227
131 236
131 248
131 259
131 266
131 269
131 282
131 295
131 296
131 314
131 324
131 327
131 349
131 371
131 375
131 383
131 400
131 425
131 429
131 437
131 442
131 450
131 451
131 456
131 462
131 471
132 143
132 151
132 176
132 179
132 210
132 211
132 219
132 228
132 246
132 247
132 248
132 252
132 261
132 308
132 315
132 318
132 326
132 330
132 345
132 348
132 354
132 366
132 368
132 373
132 374
132 400
132 405
132 422
132 429
132 444
132 455
132 462
133 159
133 198
133 204
133 209
133 228
133 251
133 264
133 272
133 279
133 288
133 291
133 318
133 365
133 375
133 387
133 416
133 428
133 445
133 454
133 455
133 460
133 465
133 485
134 136
134 139
134 154
134 164
134 166
134 169
134 186
134 212
134 217
134 230
134 231
134 245
134 252
134 253
134 260
134 287
134 312
134 325
134 355
134 360
134 371
134 375
134 378
134 387
134 389
134 396
134 398
134 413
134 435
134 455
134 464
134 474
134 477
134 478
134 481
134 493
134 498
135 138
135 146
135 157
135 158
135 183
135 189
135 194
135 208
135 212
135 215
135 235
135 239
135 252
135 253
135 275
135 281
135 311
135 342
135 349
135 350
135 373
135 408
135 413
135 436
135 455
135 477
136 148
136 156
136 162
136 169
136 171
136 197
136 209
136 224
136 232
136 266
136 267
136 270
136 277
136 292
136 295
136 303
136 307
136 317
136 319
136 320
136 338
136 346
136 379
136 411
136 422
136 428
136 451
136 461
136 482
136 495
137 140
137 151
137 180
137 185
137 207
137 215
137 223
137 251
137 258
137 267
137 272
137 279
137 282
137 291
137 295
137 340
137 343
137 353
137 367
137 368
137 369
137 390
137 410
137 422
137 429
137 435
137 449
137 464
137 467
137 468
137 478
137 479
137 484
138 143
138 150
138 152
138 153
138 154
138 155
138 173
138 183
138 192
138 200
138 208
138 212
138 223
138 233
138 237
138 251
138 263
138 268
138 287
138 293
138 303
138 315
138 316
138 372
138 374
138 402
138 411
138 427
138 448
138 471
139 166
139 168
139 172
139 179
139 192
139 210
139 219
139 234
139 238
139 242
139 248
139 250
139 284
139 287
139 289
139 326
139 330
139 369
139 386
139 389
139 433
139 442
140 148
140 160
140 165
140 166
140 169
140 188
140 198
140 202
140 205
140 213
140 214
140 227
140 229
140 254
140 255
140 262
140 266
140 282
140 287
140 300
140 309
140 320
140 342
140 387
140 389
140 392
140 396
140 401
140 402
140 410
140 425
140 429
140 445
140 464
141 146
141 154
141 160
141 169
141 180
141 199
141 205
141 214
141 257
141 278
141 299
141 300
141 318
141 330
141 336
141 353
141 371
141 379
141 411
141 425
141 452
141 460
141 494
142 160
142 173
142 193
142 197
142 238
142 250
142 283
142 289
142 319
142 323
142 358
142 361
142 388
142 403
142 443
142 476
143 168
143 181
143 188
143 239
143 282
143 309
143 319
143 322
143 329
143 378
143 414
143 442
143 446
144 178
144 194
144 208
144 214
144 239
144 245
144 275
144 287
144 292
144 297
144 314
144 318
144 322
144 330
144 357
144 359
144 360
144 364
144 379
144 381
144 402
144 422
144 436
144 447
144 477
144 478
144 483
145 157
145 162
145 199
145 234
145 238
145 245
145 250
145 252
145 260
145 264
145 266
145 268
145 276
145 292
145 310
145 332
145 338
145 339
145 352
145 369
145 416
145 439
145 440
145 484
146 160
146 171
146 192
146 196
146 198
146 201
146 215
146 228
146 252
146 253
146 270
146 279
146 284
146 287
146 290
146 300
146 325
146 340
146 356
146 360
146 371
146 418
146 490
147 190
147 194
147 195
147 196
147 200
147 208
147 224
147 226
147 227
147 235
147 258
147 303
147 324
147 348
147 349
147 365
147 377
147 388
147 424
147 428
147 431
147 450
147 461
148 163
148 169
148 190
148 193
148 194
148 205
148 211
148 212
148 231
148 232
148 255
148 286
148 292
148 310
148 313
148 322
148 336
148 344
148 350
148 351
148 361
148 364
148 372
148 384
148 400
148 459
148 467
148 470
148 476
148 487
148 489
148 496
149 164
149 165
149 175
149 203
149 208
149 265
149 278
149 282
149 292
149 295
149 308
149 320
149 334
149 340
149 348
149 361
149 367
149 403
149 427
149 431
149 432
149 468
149 478
150 154
150 157
150 158
150 169
150 170
150 177
150 180
150 181
150 198
150 200
150 204
150 213
150 215
150 227
150 237
150 243
150 274
150 282
150 305
150 307
150 322
150 328
150 356
150 368
150 380
150 385
150 392
150 416
150 419
150 471
150 496
151 152
151 170
151 191
151 199
151 210
151 213
151 226
151 230
151 232
151 233
151 241
151 250
151 252
151 262
151 276
151 278
151 304
151 316
151 337
151 348
151 355
151 362
151 363
151 381
151 382
151 396
151 407
151 413
151 417
151 472
151 476
151 482
151 496
152 153
152 166
152 176
152 202
152 204
152 213
152 226
152 229
152 251
152 263
152 272
152 291
152 358
152 378
152 381
152 392
152 421
152 429
152 435
152 440
152 453
152 465
152 480
152 486
153 163
153 173
153 176
153 177
153 183
153 202
153 248
153 252
153 270
153 272
153 276
153 279
153 309
153 319
153 348
153 358
153 393
153 415
153 428
153 433
153 451
153 471
153 483
154 161
154 180
154 182
154 186
154 187
154 193
154 213
154 216
154 222
154 228
154 234
154 244
154 245
154 247
154 259
154 270
154 280
154 300
154 301
154 316
154 321
154 344
154 356
154 360
154 371
154 382
154 391
154 433
154 434
154 462
154 471
154 487
155 156
155 157
155 171
155 188
155 209
155 212
155 213
155 242
155 244
155 273
155 282
155 290
155 304
155 334
155 391
155 399
155 429
155 439
155 460
155 491
156 173
156 181
156 185
156 187
156 190
156 197
156 212
156 215
156 245
156 263
156 274
156 291
156 299
156 305
156 329
156 361
156 415
156 448
156 456
156 461
156 462
156 465
156 493
157 160
157 175
157 182
157 183
157 197
157 207
157 210
157 211
157 222
157 239
157 246
157 267
157 276
157 281
157 289
157 299
157 333
157 347
157 350
157 358
157 365
157 375
157 417
157 425
157 430
157 444
157 464
157 486
157 489
158 172
158 184
158 198
158 223
158 242
158 249
158 282
158 293
158 303
158 326
158 331
158 337
158 389
158 401
158 423
158 433
158 470
158 474
159 176
159 183
159 186
159 188
159 208
159 209
159 217
159 225
159 228
159 230
159 253
159 277
159 278
159 302
159 320
159 322
159 324
159 372
159 406
159 413
159 428
159 464
159 475
160 174
160 175
160 179
160 181
160 186
160 233
160 238
160 241
160 252
160 264
160 314
160 315
160 333
160 380
160 410
160 423
160 438
160 440
160 448
160 463
160 467
161 175
161 178
161 190
161 201
161 203
161 210
161 221
161 225
161 234
161 243
161 255
161 262
161 347
161 357
161 361
161 362
161 366
161 385
161 387
161 426
161 444
161 462
161 470
162 171
162 180
162 190
162 201
162 205
162 209
162 249
162 254
162 264
162 279
162 292
162 301
162 322
162 323
162 341
162 344
162 347
162 386
162 424
162 454
163 186
163 212
163 218
163 234
163 272
163 278
163 292
163 306
163 320
163 347
163 360
163 364
163 380
163 408
163 417
163 432
163 441
163 444
163 449
163 478
163 480
163 485
163 488
164 169
164 170
164 172
164 188
164 190
164 193
164 195
164 204
164 209
164 222
164 225
164 232
164 249
164 259
164 278
164 283
164 306
164 314
164 315
164 324
164 325
164 333
164 334
164 339
164 340
164 349
164 377
164 380
164 397
164 404
164 423
164 457
164 463
164 489
164 493
165 179
165 188
165 247
165 249
165 257
165 260
165 265
165 275
165 333
165 341
165 347
165 352
165 355
165 373
165 387
165 403
165 448
165 479
166 177
166 179
166 183
166 195
166 207
166 212
166 226
166 227
166 231
166 243
166 244
166 251
166 268
166 281
166 282
166 285
166 332
166 337
166 362
166 432
166 437
166 460
166 468
166 481
166 489
167 173
167 178
167 206
167 222
167 223
167 227
167 230
167 253
167 265
167 284
167 302
167 306
167 326
167 333
167 334
167 353
167 376
167 379
167 383
167 392
167 394
167 397
167 406
167 409
167 423
167 428
167 430
167 468
167 470
167 483
167 492
168 169
168 173
168 174
168 185
168 198
168 208
168 215
168 218
168 221
168 224
168 241
168 246
168 275
168 315
168 341
168 342
168 358
168 373
168 376
168 404
168 468
168 476
168 489
168 498
169 172
169 174
169 182
169 190
169 202
169 217
169 219
169 231
169 242
169 247
169 254
169 294
169 314
169 315
169 334
169 336
169 367
169 381
169 387
169 393
169 396
169 399
169 408
169 425
169 460
169 492
170 192
170 229
170 231
170 250
170 257
170 277
170 329
170 335
170 355
170 371
170 381
170 395
170 410
170 420
170 446
170 454
171 178
171 191
171 201
171 211
171 237
171 239
171 261
171 272
171 273
171 281
171 324
171 341
171 373
171 398
171 405
171 416
171 426
171 432
171 435
171 492
171 494
171 495
172 196
172 197
172 204
172 217
172 220
172 222
172 236
172 273
172 290
172 311
172 327
172 342
172 355
172 361
172 363
172 391
172 397
172 401
172 441
172 459
172 462
173 178
173 207
173 234
173 251
173 254
173 302
173 307
173 323
173 342
173 391
173 397
173 407
173 440
173 441
173 443
173 444
173 459
173 462
173 469
174 177
174 189
174 208
174 219
174 232
174 238
174 242
174 254
174 261
174 266
174 281
174 286
174 291
174 293
174 349
174 356
174 370
174 380
174 386
174 390
174 402
174 414
174 416
174 420
174 427
174 437
174 467
174 479
175 180
175 193
175 204
175 210
175 226
175 229
175 233
175 256
175 265
175 274
175 298
175 299
175 306
175 309
175 316
175 343
175 363
175 364
175 371
175 400
175 405
175 410
175 455
175 461
175 486
176 178
176 232
176 235
176 257
176 285
176 304
176 305
176 321
176 323
176 325
176 328
176 332
176 336
176 344
176 356
176 395
176 402
176 409
176 414
176 424
176 425
176 454
176 458
176 460
176 464
176 466
176 495
177 187
177 191
177 193
177 204
177 207
177 213
177 220
177 225
177 231
177 234
177 235
177 252
177 261
177 270
177 280
177 339
177 348
177 380
177 382
177 387
177 399
177 404
177 407
177 408
177 432
177 439
177 452
177 465
177 496
178 220
178 230
178 234
178 237
178 241
178 249
178 256
178 283
178 294
178 298
178 324
178 326
178 337
178 347
178 381
178 414
178 417
178 433
178 439
178 441
178 447
178 459
179 201
179 212
179 219
179 225
179 268
179 273
179 276
179 277
179 284
179 300
179 302
179 305
179 317
179 324
179 332
179 341
179 347
179 388
179 474
179 487
179 489
179 491
179 492
180 220
180 240
180 269
180 290
180 337
180 348
180 386
180 390
180 435
180 451
180 461
181 186
181 220
181 226
181 232
181 241
181 253
181 283
181 342
181 384
181 399
181 432
181 442
181 456
181 468
181 474
181 484
181 488
181 496
181 499
182 188
182 192
182 211
182 231
182 240
182 247
182 252
182 257
182 263
182 270
182 288
182 294
182 303
182 307
182 318
182 329
182 350
182 367
182 369
182 402
182 461
182 463
182 465
182 476
182 488
183 185
183 195
183 204
183 239
183 245
183 254
183 278
183 285
183 290
183 292
183 293
183 296
183 299
183 319
183 333
183 360
183 375
183 382
183 388
183 400
183 416
183 420
183 432
183 439
183 442
183 469
183 493
183 495
183 496
183 498
184 189
184 215
184 217
184 219
184 233
184 236
184 237
184 238
184 241
184 258
184 259
184 265
184 275
184 286
184 297
184 311
184 313
184 332
184 340
184 348
184 350
184 358
184 359
184 382
184 403
184 417
184 436
184 442
184 452
184 456
184 468
184 472
184 474
184 479
184 485
184 492
185 204
185 205
185 208
185 215
185 223
185 242
185 250
185 262
185 277
185 323
185 336
185 339
185 351
185 355
185 385
185 386
185 418
185 426
185 458
185 475
185 484
186 193
186 206
186 225
186 247
186 263
186 291
186 295
186 299
186 301
186 327
186 337
186 392
186 403
186 422
186 424
186 453
186 467
186 474
187 195
187 224
187 239
187 256
187 262
187 268
187 272
187 279
187 299
187 323
187 343
187 372
187 373
187 419
187 423
187 436
187 439
187 440
187 449
187 457
187 460
187 472
187 484
187 497
188 205
188 208
188 232
188 233
188 249
188 266
188 275
188 289
188 314
188 331
188 348
188 350
188 354
188 373
188 385
188 439
188 469
189 194
189 196
189 203
189 233
189 255
189 263
189 276
189 284
189 294
189 308
189 317
189 321
189 329
189 330
189 350
189 377
189 396
189 435
189 452
189 478
189 485
190 210
190 215
190 241
190 254
190 259
190 271
190 272
190 289
190 292
190 327
190 391
190 397
190 449
190 456
190 458
190 464
190 490
191 203
191 209
191 213
191 214
191 217
191 228
191 233
191 258
191 273
191 274
191 286
191 292
191 294
191 319
191 324
191 332
191 347
191 365
191 408
191 409
192 194
192 224
192 247
192 266
192 274
192 309
192 320
192 321
192 333
192 342
192 360
192 395
192 412
192 421
192 426
192 435
192 449
192 498
193 197
193 201
193 224
193 244
193 249
193 256
193 279
193 289
193 298
193 310
193 316
193 321
193 323
193 336
193 344
193 348
193 357
193 367
193 403
193 415
193 477
193 482
194 206
194 211
194 214
194 222
194 227
194 230
194 234
194 247
194 251
194 263
194 277
194 286
194 306
194 309
194 331
194 357
194 363
194 372
194 382
194 393
194 397
194 407
194 440
194 447
195 210
195 215
195 229
195 231
195 246
195 258
195 264
195 288
195 289
195 294
195 311
195 331
195 365
195 374
195 378
195 396
195 413
195 425
196 199
196 210
196 217
196 224
196 228
196 238
196 244
196 259
196 260
196 340
196 346
196 349
196 369
196 400
196 401
196 413
196 435
196 436
196 440
196 486
197 201
197 207
197 231
197 309
197 319
197 320
197 335
197 357
197 399
197 401
197 409
197 411
197 428
197 445
198 234
198 245
198 249
198 305
198 361
198 383
198 392
198 399
198 446
198 447
198 448
199 210
199 212
199 228
199 232
199 240
199 244
199 261
199 278
199 282
199 295
199 297
199 310
199 349
199 363
199 379
199 390
199 415
199 454
199 456
199 466
199 477
199 484
200 204
200 211
200 220
200 222
200 237
200 239
200 253
200 266
200 291
200 298
200 312
200 324
200 357
200 359
200 376
200 412
200 415
200 428
200 450
200 479
201 215
201 219
201 229
201 239
201 249
201 288
201 298
201 330
201 357
201 427
201 435
201 440
201 453
201 473
202 203
202 231
202 242
202 244
202 245
202 249
202 269
202 283
202 289
202 290
202 292
202 296
202 303
202 304
202 311
202 320
202 321
202 336
202 338
202 341
202 352
202 368
202 372
202 391
202 423
202 426
202 436
202 437
202 441
202 464
202 465
202 468
203 229
203 245
203 270
203 276
203 280
203 290
203 320
203 379
203 387
203 409
203 422
203 425
203 437
203 485
203 494
204 205
204 210
204 212
204 214
204 216
204 226
204 236
204 249
204 270
204 278
204 316
204 319
204 328
204 364
204 384
204 412
204 433
204 480
205 245
205 246
205 249
205 255
205 259
205 269
205 282
205 295
205 312
205 315
205 316
205 328
205 351
205 371
205 395
205 397
205 448
205 465
205 466
205 492
206 226
206 228
206 263
206 296
206 353
206 360
206 361
206 366
206 367
206 378
206 418
206 457
206 471
206 477
207 215
207 220
207 227
207 235
207 242
207 251
207 280
207 332
207 343
207 345
207 398
207 426
207 444
207 461
207 482
208 218
208 232
208 310
208 337
208 358
208 364
208 390
208 392
208 393
208 418
208 429
208 438
208 446
209 213
209 219
209 223
209 237
209 251
209 267
209 326
209 336
209 343
209 356
209 379
209 384
209 392
209 401
209 419
209 429
209 432
209 455
210 233
210 235
210 237
210 239
210 300
210 304
210 308
210 316
210 325
210 327
210 328
210 337
210 340
210 345
210 349
210 360
210 367
210 368
210 377
210 378
210 388
210 401
210 403
210 419
210 465
210 475
210 480
210 499
211 229
211 240
211 251
211 293
211 295
211 323
211 341
211 342
211 364
211 395
211 401
211 405
211 475
211 482
211 496
212 226
212 231
212 234
212 246
212 260
212 264
212 282
212 373
212 379
212 386
212 390
212 393
212 435
212 442
212 449
213 216
213 222
213 224
213 240
213 290
213 306
213 351
213 380
213 384
213 409
213 480
213 495
214 216
214 252
214 263
214 268
214 292
214 307
214 317
214 353
214 464
215 222
215 231
215 262
215 269
215 273
215 289
215 308
215 317
215 326
215 338
215 369
215 429
215 439
215 472
215 473
215 495
216 230
216 246
216 253
216 284
216 295
216 329
216 345
216 357
216 362
216 411
216 419
216 459
216 494
216 496
217 226
217 233
217 340
217 352
217 360
217 423
217 430
217 435
217 465
217 475
217 476
217 495
217 498
218 232
218 264
218 281
218 284
218 307
218 312
218 341
218 345
218 369
218 413
218 437
218 449
218 469
219 225
219 236
219 246
219 260
219 276
219 295
219 304
219 312
219 319
219 325
219 327
219 345
219 346
219 363
219 395
219 404
219 409
219 464
219 482
219 495
220 225
220 235
220 253
220 257
220 263
220 288
220 346
220 365
220 379
220 400
220 429
220 453
220 472
220 477
221 229
221 263
221 296
221 334
221 358
221 403
221 418
221 430
221 455
221 456
222 255
222 256
222 277
222 281
222 289
222 314
222 331
222 338
222 451
222 477
222 479
223 224
223 242
223 263
223 268
223 269
223 273
223 277
223 287
223 312
223 334
223 337
223 344
223 369
223 404
223 424
223 434
223 443
223 460
223 490
224 230
224 241
224 255
224 269
224 285
224 287
224 349
224 359
224 395
224 405
224 409
224 416
224 424
224 443
224 450
225 244
225 250
225 283
225 287
225 330
225 354
225 357
225 363
225 399
225 407
225 439
225 441
225 442
225 447
225 450
225 452
225 457
225 468
225 475
225 480
225 491
226 258
226 283
226 288
226 294
226 298
226 312
226 316
226 343
226 356
226 390
226 440
226 484
227 277
227 302
227 329
227 380
227 447
227 458
227 472
228 258
228 287
228 295
228 310
228 333
228 338
228 351
228 354
228 356
228 399
228 407
228 421
228 431
228 433
228 457
228 459
228 464
228 484
228 488
229 326
229 336
229 339
229 372
229 378
229 392
229 397
229 425
229 452
229 472
229 482
229 483
229 486
230 297
230 315
230 319
230 332
230 361
230 386
230 388
230 419
230 427
230 460
230 473
230 481
231 343
231 345
231 362
231 382
231 384
231 389
231 421
231 462
231 473
231 491
232 234
232 236
232 243
232 259
232 267
232 271
232 297
232 336
232 368
232 459
232 487
233 248
233 257
233 274
233 285
233 345
233 349
233 354
233 357
233 447
233 491
234 253
234 275
234 294
234 319
234 329
234 335
234 339
234 359
234 363
234 366
234 374
234 384
234 388
234 392
234 398
234 412
234 452
234 499
235 255
235 265
235 267
235 268
235 285
235 306
235 307
235 314
235 339
235 354
235 364
235 401
235 408
235 415
235 418
235 437
235 439
235 442
235 443
235 487
236 254
236 273
236 284
236 308
236 312
236 336
236 337
236 359
237 262
237 271
237 277
237 280
237 324
237 360
237 362
237 374
237 395
237 396
237 436
237 443
237 466
237 473
237 477
237 483
237 487
238 243
238 251
238 274
238 286
238 290
238 296
238 299
238 302
238 320
238 333
238 347
238 353
238 394
238 418
238 426
238 443
239 256
239 261
239 272
239 275
239 276
239 302
239 310
239 316
239 325
239 344
239 356
239 363
239 380
239 397
239 463
239 472
240 308
240 322
240 351
240 358
240 377
240 378
240 380
240 415
240 442
240 449
240 492
241 243
241 244
241 263
241 278
241 291
241 294
241 331
241 341
241 356
241 371
241 377
241 410
241 453
241 484
241 488
241 491
242 261
242 262
242 266
242 331
242 371
242 402
242 468
243 251
243 260
243 273
243 351
243 377
243 394
243 398
243 400
243 438
244 300
244 308
244 321
244 328
244 409
244 412
244 451
245 246
245 277
245 279
245 281
245 296
245 303
245 322
245 331
245 335
245 369
245 423
245 436
245 451
246 257
246 261
246 267
246 299
246 301
246 346
246 417
246 422
246 425
246 426
246 438
246 439
246 466
246 478
247 251
247 272
247 298
247 309
247 315
247 332
247 334
247 335
247 340
247 370
247 382
247 386
247 395
247 407
247 454
247 479
247 488
248 260
248 270
248 277
248 328
248 341
248 346
248 347
248 380
248 386
248 404
248 410
248 416
248 443
248 471
248 473
248 497
249 266
249 294
249 297
249 300
249 322
249 325
249 329
249 330
249 349
249 361
249 364
249 377
249 382
249 407
249 411
249 417
249 463
250 275
250 292
250 303
250 344
250 365
250 379
250 385
250 410
250 412
250 424
250 426
250 431
250 463
251 265
251 279
251 297
251 311
251 325
251 358
251 366
251 395
251 401
251 407
251 422
251 427
251 462
251 480
251 483
252 253
252 266
252 277
252 282
252 289
252 304
252 319
252 327
252 342
252 344
252 355
252 406
252 417
252 425
252 448
252 454
252 467
253 260
253 268
253 302
253 322
253 354
253 356
253 387
253 391
253 416
253 417
253 424
253 439
253 440
253 443
253 450
253 453
253 493
254 257
254 290
254 313
254 323
254 329
254 368
254 370
255 256
255 261
255 278
255 284
255 305
255 307
255 324
255 331
255 337
255 345
255 366
255 368
255 413
255 438
255 453
255 457
255 468
255 492
255 499
256 262
256 265
256 266
256 335
256 354
256 424
256 441
256 444
256 473
257 295
257 307
257 314
257 327
257 341
257 379
257 383
257 394
257 397
257 399
257 413
257 422
257 424
258 265
258 270
258 276
258 281
258 309
258 379
258 385
258 399
258 443
258 495
259 280
259 288
259 294
259 305
259 310
259 314
259 317
259 333
259 347
259 355
259 365
259 368
259 373
259 387
259 402
259 408
259 415
259 426
259 448
259 459
259 475
259 488
259 489
259 493
260 289
260 320
260 327
260 334
260 335
260 339
260 350
260 363
260 376
260 390
260 410
261 268
261 287
261 293
261 296
261 310
261 315
261 341
261 356
261 358
261 421
261 423
261 431
261 460
261 469
261 476
261 477
261 494
261 495
262 264
262 275
262 295
262 297
262 313
262 341
262 344
262 345
262 373
262 377
262 398
262 437
262 438
262 447
262 457
262 459
263 284
263 289
263 300
263 305
263 326
263 331
263 346
263 364
263 369
263 421
263 444
263 448
263 453
263 454
263 468
263 478
263 497
264 284
264 291
264 293
264 331
264 332
264 353
264 383
264 387
264 391
264 399
264 410
264 424
264 428
264 465
264 469
264 474
264 491
265 275
265 282
265 283
265 329
265 345
265 347
265 351
265 375
265 399
265 408
265 415
265 421
265 489
266 284
266 313
266 325
266 341
266 366
266 386
266 434
266 443
266 451
266 452
266 453
266 464
266 491
266 492
266 499
267 269
267 315
267 321
267 340
267 361
267 380
267 386
267 476
267 489
267 496
268 280
268 281
268 283
268 288
268 307
268 309
268 342
268 344
268 349
268 351
268 381
268 400
268 412
268 428
268 453
268 455
268 481
268 484
268 485
269 271
269 282
269 293
269 303
269 310
269 311
269 317
269 331
269 334
269 338
269 354
269 410
269 411
269 427
269 433
269 434
269 441
269 454
269 456
269 470
269 491
269 499
270 275
270 282
270 292
270 320
270 328
270 365
270 367
270 394
270 404
270 418
270 465
270 474
270 487
271 291
271 304
271 335
271 349
271 379
271 392
271 393
271 396
271 457
272 279
272 366
272 390
272 400
272 477
272 478
272 482
273 281
273 309
273 346
273 371
273 378
273 380
273 399
273 409
273 429
273 441
273 444
273 467
274 292
274 314
274 339
274 346
274 370
274 371
274 409
274 414
274 421
274 422
274 433
274 460
274 489
274 496
275 289
275 291
275 323
275 328
275 436
276 298
276 304
276 308
276 310
276 313
276 370
276 378
276 381
276 385
276 392
276 394
276 431
276 466
276 470
277 312
277 330
277 337
277 339
277 340
277 341
277 358
277 407
277 489
278 288
278 314
278 325
278 377
278 404
278 408
278 485
278 494
279 285
279 348
279 349
279 383
279 495
280 285
280 304
280 308
280 409
280 417
280 423
280 427
280 460
280 497
280 499
281 284
281 288
281 296
281 307
281 316
281 331
281 340
281 346
281 385
281 386
281 433
281 460
282 346
282 366
282 369
282 372
282 384
282 425
282 454
282 470
282 485
283 284
283 297
283 306
283 309
283 378
283 390
283 392
283 423
283 425
283 470
283 485
283 494
284 316
284 337
284 380
284 444
284 474
284 487
285 319
285 333
285 358
285 374
285 399
285 413
285 447
285 458
285 477
285 479
286 307
286 310
286 311
286 314
286 323
286 330
286 343
286 394
286 408
286 454
286 477
286 483
286 496
287 290
287 296
287 307
287 355
287 357
287 446
288 289
288 317
288 354
288 358
288 378
288 407
288 411
288 434
289 297
289 301
289 324
289 326
289 327
289 373
289 391
289 393
289 481
290 312
290 317
290 366
290 386
290 391
290 424
290 439
290 444
290 464
290 493
291 294
291 306
291 307
291 311
291 315
291 352
291 372
291 378
291 392
291 404
291 431
291 445
291 454
291 487
292 294
292 300
292 315
292 322
292 328
292 329
292 370
292 374
292 403
292 451
292 461
292 477
292 480
292 482
293 313
293 492
294 296
294 299
294 312
294 325
294 332
294 360
294 372
294 405
294 409
294 418
294 424
294 436
294 438
294 440
294 444
294 454
294 465
294 480
294 489
295 310
295 326
295 327
295 341
295 406
295 416
295 419
295 430
295 432
296 305
296 326
296 363
296 396
296 398
296 402
296 425
296 438
296 452
296 455
297 336
297 353
297 362
297 382
297 384
297 390
297 392
297 414
297 418
297 434
297 438
297 445
297 449
297 468
297 496
298 351
298 352
298 388
298 402
298 413
298 450
299 305
299 374
299 401
299 406
299 430
299 440
299 492
300 371
300 372
300 376
300 384
300 397
300 399
300 436
300 473
300 499
301 313
301 327
301 411
301 416
301 421
301 426
301 455
301 469
302 306
302 307
302 319
302 325
302 331
302 365
302 367
302 372
302 377
302 378
302 404
302 431
302 457
302 473
302 485
303 357
303 370
303 375
303 385
303 401
303 412
303 447
303 464
303 490
304 367
304 424
304 426
304 463
304 465
305 307
305 329
305 389
305 419
305 432
305 479
306 324
306 339
306 360
306 364
306 405
306 423
306 438
306 466
306 472
306 478
307 312
307 330
307 343
307 353
307 427
307 471
308 311
308 325
308 334
308 344
308 358
308 384
308 413
308 431
308 433
309 313
309 322
309 324
309 327
309 337
309 349
309 357
309 379
309 441
309 446
309 456
309 491
310 316
310 327
310 365
310 378
310 379
310 384
310 410
310 427
310 489
311 313
311 343
311 364
311 373
311 374
311 397
311 437
311 493
312 371
312 391
312 427
312 462
313 315
313 336
313 345
313 355
313 368
313 389
313 402
313 420
313 426
313 436
314 326
314 328
314 436
314 441
315 347
315 394
315 404
315 411
315 419
315 453
315 471
315 481
315 483
315 487
315 495
316 320
316 329
316 341
316 344
316 387
316 389
316 391
316 439
317 327
317 341
317 346
317 354
317 452
317 458
318 319
318 335
318 352
318 375
318 380
318 418
318 425
318 427
318 434
318 442
318 452
318 466
318 483
319 339
319 349
319 359
319 370
319 386
319 406
319 411
319 416
319 422
319 461
320 363
320 364
320 421
320 431
320 448
320 465
320 490
321 346
321 388
321 403
321 428
321 486
322 335
322 338
322 373
322 374
322 405
322 429
323 374
323 379
323 389
323 445
323 477
324 330
324 341
324 360
324 370
325 364
325 387
325 405
325 467
325 498
326 328
326 331
326 332
326 334
326 347
326 385
326 414
326 435
326 438
326 451
326 459
326 471
326 499
327 343
327 363
327 369
327 383
327 393
327 404
327 427
327 431
327 472
328 330
328 394
328 408
328 417
328 435
328 443
328 467
329 346
329 394
329 415
329 431
329 463
329 483
330 331
330 333
330 340
330 380
330 422
330 441
330 455
330 469
330 489
331 343
331 350
331 481
332 372
332 390
332 393
332 432
332 438
333 352
333 365
333 386
333 391
333 423
333 459
333 462
333 498
334 338
334 361
334 366
334 388
334 450
334 453
334 457
334 463
335 347
335 366
335 379
335 392
336 356
336 362
336 415
336 438
336 444
337 339
337 351
337 400
337 407
337 442
338 369
338 373
338 407
338 408
338 420
338 442
338 453
338 457
339 344
339 352
339 354
339 363
339 386
339 387
339 390
339 399
339 431
339 433
339 456
339 465
339 470
339 485
340 379
340 408
341 361
341 371
341 390
341 416
341 459
341 498
342 352
342 356
342 366
342 396
342 413
342 471
343 347
343 373
343 389
343 432
343 485
343 494
344 345
344 350
344 371
344 461
344 487
345 361
345 362
345 368
345 387
345 479
346 441
346 456
347 363
347 364
347 398
347 401
347 404
347 418
347 491
347 492
347 496
347 499
348 362
348 367
348 395
348 410
348 432
348 469
348 491
349 365
349 385
349 437
349 475
349 480
350 388
350 432
350 468
350 476
350 494
351 354
351 376
351 396
352 370
352 386
352 429
352 434
352 488
353 360
353 372
353 379
353 386
353 387
353 419
353 445
353 453
353 486
354 383
354 410
354 452
354 475
354 479
354 484
355 360
355 364
355 393
355 404
355 418
355 430
355 438
355 470
355 485
356 364
356 393
356 434
357 454
358 373
358 448
358 491
359 383
359 402
359 452
359 462
359 469
359 496
359 499
360 380
360 432
361 383
361 430
361 432
361 436
361 453
361 455
361 473
361 474
361 479
361 498
362 430
362 461
362 468
363 408
363 414
363 427
363 482
364 384
364 385
364 390
364 396
364 397
364 410
364 423
364 441
364 451
364 482
364 485
365 414
365 421
365 447
365 451
366 369
366 412
366 431
366 432
366 438
366 482
366 485
367 472
367 477
368 391
368 407
368 414
368 431
368 452
368 464
368 480
369 411
369 416
369 428
369 450
370 393
370 394
370 432
370 449
370 484
371 424
371 448
371 468
371 495
372 376
372 439
373 387
373 401
373 407
373 408
373 426
373 439
373 445
373 450
373 468
373 471
374 376
374 433
374 490
375 441
375 468
375 471
375 479
375 490
376 412
376 415
376 416
376 437
376 474
376 476
377 392
377 412
377 450
377 494
378 456
378 459
378 487
379 389
379 395
379 452
379 460
379 474
379 486
379 488
380 391
380 405
380 415
381 393
381 394
381 395
381 397
381 451
381 470
381 490
382 412
382 430
382 464
382 490
382 497
383 408
383 484
384 389
384 393
384 446
384 450
384 458
384 459
384 495
385 398
385 405
385 463
386 397
386 425
386 456
386 470
387 413
387 446
387 458
387 478
388 411
388 422
388 425
388 428
388 447
388 449
388 496
389 396
389 397
389 409
389 410
389 431
389 448
389 451
389 458
389 466
389 479
389 482
389 484
390 394
390 450
390 453
390 464
390 472
390 474
390 486
391 422
391 457
391 469
391 481
392 419
392 430
392 441
392 444
392 447
392 473
393 417
393 420
393 431
393 494
394 401
394 421
394 437
394 460
395 411
395 417
395 438
395 493
395 494
395 498
396 406
396 411
396 412
396 422
397 406
397 411
397 436
397 474
397 476
398 422
398 461
399 418
399 425
399 451
399 485
399 496
400 405
400 406
400 415
400 422
400 450
400 471
400 495
400 496
401 434
401 444
402 411
402 451
402 454
403 423
403 453
403 493
404 409
404 428
404 444
404 474
404 499
405 426
406 412
406 423
407 410
407 457
407 460
407 469
408 411
408 456
408 466
408 469
408 475
409 425
409 450
409 451
409 456
409 459
410 424
410 440
410 455
410 478
410 491
411 470
412 421
412 449
412 461
412 469
412 495
413 433
413 443
413 481
414 461
414 498
415 434
415 435
415 476
415 483
416 487
416 493
417 430
417 476
417 481
417 484
417 499
418 419
418 441
418 446
418 483
419 428
419 455
419 481
420 492
421 426
421 465
421 470
421 482
422 483
423 441
424 463
424 495
425 439
425 462
425 463
426 441
426 447
426 451
426 472
426 488
427 476
428 442
428 472
428 477
429 476
429 495
429 497
430 449
430 466
430 497
431 434
431 462
432 464
432 471
432 483
433 442
433 477
433 499
434 467
434 474
435 451
435 467
435 472
435 475
435 486
435 493
436 485
436 499
437 448
437 466
437 474
437 483
437 495
437 498
438 443
438 472
438 481
439 442
439 485
439 498
440 472
440 486
440 487
440 498
441 443
443 488
443 497
445 457
446 480
447 448
448 464
449 456
449 487
449 497
450 451
450 454
450 475
451 472
451 474
451 494
452 463
453 474
454 482
454 486
454 498
455 462
455 467
455 493
456 472
457 473
458 478
459 485
462 499
465 466
465 489
465 493
467 480
467 493
470 481
470 488
471 474
471 488
472 481
475 498
476 480
476 483
478 482
482 497
485 487
488 490
490 492
